Symbol,Expiry,Strike,OptionType,Date,Time,Open,High,Low,Close,Volume,OI
NIFTY,26AUG21,16600,PE,2021-08-20,09:15:59,200.7,298.95,200.7,218.6,0,0
NIFTY,26AUG21,16600,PE,2021-08-20,09:16:59,218.7,226.4,217.45,225.75,0,0
NIFTY,26AUG21,16600,PE,2021-08-20,09:17:59,227.0,232.95,225.9,227.65,0,0
NIFTY,26AUG21,16600,PE,2021-08-20,09:18:59,226.15,226.85,203.9,203.9,0,0
NIFTY,26AUG21,16600,PE,2021-08-20,09:19:59,203.1,203.1,194.05,195.25,0,0
NIFTY,26AUG21,16600,PE,2021-08-20,09:20:59,195.5,203.2,195.5,203.2,0,0
NIFTY,26AUG21,16600,PE,2021-08-20,09:21:59,204.25,216.95,200.95,204.75,0,0
NIFTY,26AUG21,16600,PE,2021-08-20,09:22:59,206.35,217.4,206.35,206.7,0,0
NIFTY,26AUG21,16600,PE,2021-08-20,09:23:59,207.0,210.65,205.0,205.0,0,0
NIFTY,26AUG21,16600,PE,2021-08-20,09:24:59,206.0,210.55,202.45,202.45,0,0
NIFTY,26AUG21,16600,PE,2021-08-20,09:25:59,202.15,206.9,192.65,196.1,0,0
NIFTY,26AUG21,16600,PE,2021-08-20,09:26:59,195.45,200.1,185.35,199.85,0,0
NIFTY,26AUG21,16600,PE,2021-08-20,09:27:59,199.35,206.3,194.75,195.7,0,0
NIFTY,26AUG21,16600,PE,2021-08-20,09:28:59,194.85,201.1,192.55,193.5,0,0
NIFTY,26AUG21,16600,PE,2021-08-20,09:29:59,193.7,198.85,191.0,194.9,0,0
NIFTY,26AUG21,16600,PE,2021-08-20,09:30:59,193.95,201.45,191.8,194.05,0,0
NIFTY,26AUG21,16600,PE,2021-08-20,09:31:59,192.0,194.25,184.65,186.7,0,0
NIFTY,26AUG21,16600,PE,2021-08-20,09:32:59,185.7,187.95,180.7,187.55,0,0
NIFTY,26AUG21,16600,PE,2021-08-20,09:33:59,189.4,189.4,181.4,183.8,0,0
NIFTY,26AUG21,16600,PE,2021-08-20,09:34:59,183.65,190.25,182.5,182.95,0,0
NIFTY,26AUG21,16600,PE,2021-08-20,09:35:59,181.8,187.9,179.4,187.2,0,0
NIFTY,26AUG21,16600,PE,2021-08-20,09:36:59,185.45,185.65,178.75,184.75,0,0
NIFTY,26AUG21,16600,PE,2021-08-20,09:37:59,184.25,185.95,180.0,180.2,0,0
NIFTY,26AUG21,16600,PE,2021-08-20,09:38:59,179.3,179.3,175.15,178.25,0,0
NIFTY,26AUG21,16600,PE,2021-08-20,09:39:59,177.3,178.1,175.0,175.0,0,0
NIFTY,26AUG21,16600,PE,2021-08-20,09:40:59,174.85,176.8,170.6,176.0,0,0
NIFTY,26AUG21,16600,PE,2021-08-20,09:41:59,175.75,176.05,170.15,175.85,0,0
NIFTY,26AUG21,16600,PE,2021-08-20,09:42:59,175.25,178.5,171.4,178.5,0,0
NIFTY,26AUG21,16600,PE,2021-08-20,09:43:59,176.8,177.9,172.7,173.35,0,0
NIFTY,26AUG21,16600,PE,2021-08-20,09:44:59,174.95,178.2,173.3,178.0,0,0
NIFTY,26AUG21,16600,PE,2021-08-20,09:45:59,178.4,185.75,178.35,185.75,0,0
NIFTY,26AUG21,16600,PE,2021-08-20,09:46:59,185.8,186.3,175.75,177.0,0,0
NIFTY,26AUG21,16600,PE,2021-08-20,09:47:59,176.7,184.0,171.5,183.25,0,0
NIFTY,26AUG21,16600,PE,2021-08-20,09:48:59,182.25,182.25,174.0,175.8,0,0
NIFTY,26AUG21,16600,PE,2021-08-20,09:49:59,175.7,175.7,164.0,167.4,0,0
NIFTY,26AUG21,16600,PE,2021-08-20,09:50:59,167.1,169.8,163.3,169.8,0,0
NIFTY,26AUG21,16600,PE,2021-08-20,09:51:59,169.8,172.65,167.65,169.0,0,0
NIFTY,26AUG21,16600,PE,2021-08-20,09:52:59,168.1,176.2,167.1,175.6,0,0
NIFTY,26AUG21,16600,PE,2021-08-20,09:53:59,174.3,180.0,173.45,176.0,0,0
NIFTY,26AUG21,16600,PE,2021-08-20,09:54:59,175.0,178.7,171.55,176.95,0,0
NIFTY,26AUG21,16600,PE,2021-08-20,09:55:59,176.5,179.45,172.6,179.45,0,0
NIFTY,26AUG21,16600,PE,2021-08-20,09:56:59,177.7,177.7,173.95,175.65,0,0
NIFTY,26AUG21,16600,PE,2021-08-20,09:57:59,174.8,180.85,174.0,180.85,0,0
NIFTY,26AUG21,16600,PE,2021-08-20,09:58:59,181.05,183.9,176.75,183.2,0,0
NIFTY,26AUG21,16600,PE,2021-08-20,09:59:59,184.0,186.45,181.75,186.45,0,0
NIFTY,26AUG21,16600,PE,2021-08-20,10:00:59,187.5,191.15,183.6,191.15,0,0
NIFTY,26AUG21,16600,PE,2021-08-20,10:01:59,190.7,191.55,187.15,190.65,0,0
NIFTY,26AUG21,16600,PE,2021-08-20,10:02:59,190.4,194.3,189.6,192.0,0,0
NIFTY,26AUG21,16600,PE,2021-08-20,10:03:59,191.75,191.75,178.45,179.0,0,0
NIFTY,26AUG21,16600,PE,2021-08-20,10:04:59,178.0,186.95,177.0,186.95,0,0
NIFTY,26AUG21,16600,PE,2021-08-20,10:05:59,186.85,193.0,186.85,192.45,0,0
NIFTY,26AUG21,16600,PE,2021-08-20,10:06:59,192.55,192.55,185.1,185.1,0,0
NIFTY,26AUG21,16600,PE,2021-08-20,10:07:59,186.0,193.5,184.15,193.35,0,0
NIFTY,26AUG21,16600,PE,2021-08-20,10:08:59,193.3,193.3,187.9,189.8,0,0
NIFTY,26AUG21,16600,PE,2021-08-20,10:09:59,190.55,198.45,190.55,195.9,0,0
NIFTY,26AUG21,16600,PE,2021-08-20,10:10:59,195.4,198.9,191.45,197.85,0,0
NIFTY,26AUG21,16600,PE,2021-08-20,10:11:59,197.45,199.15,189.85,193.55,0,0
NIFTY,26AUG21,16600,PE,2021-08-20,10:12:59,193.05,197.4,191.95,196.25,0,0
NIFTY,26AUG21,16600,PE,2021-08-20,10:13:59,196.5,197.35,191.55,191.55,0,0
NIFTY,26AUG21,16600,PE,2021-08-20,10:14:59,192.0,192.25,187.35,188.95,0,0
NIFTY,26AUG21,16600,PE,2021-08-20,10:15:59,188.8,195.6,188.7,191.7,0,0
NIFTY,26AUG21,16600,PE,2021-08-20,10:16:59,189.4,191.6,186.75,188.3,0,0
NIFTY,26AUG21,16600,PE,2021-08-20,10:17:59,189.6,189.65,180.3,185.7,0,0
NIFTY,26AUG21,16600,PE,2021-08-20,10:18:59,185.0,188.75,182.0,182.0,0,0
NIFTY,26AUG21,16600,PE,2021-08-20,10:19:59,182.1,183.55,180.55,182.75,0,0
NIFTY,26AUG21,16600,PE,2021-08-20,10:20:59,182.7,184.95,178.3,182.6,0,0
NIFTY,26AUG21,16600,PE,2021-08-20,10:21:59,183.85,189.5,183.35,188.5,0,0
NIFTY,26AUG21,16600,PE,2021-08-20,10:22:59,188.8,197.3,188.8,195.2,0,0
NIFTY,26AUG21,16600,PE,2021-08-20,10:23:59,195.55,198.0,190.0,191.45,0,0
NIFTY,26AUG21,16600,PE,2021-08-20,10:24:59,191.8,198.85,191.8,198.45,0,0
NIFTY,26AUG21,16600,PE,2021-08-20,10:25:59,199.5,200.95,195.4,195.4,0,0
NIFTY,26AUG21,16600,PE,2021-08-20,10:26:59,195.8,197.65,191.3,193.15,0,0
NIFTY,26AUG21,16600,PE,2021-08-20,10:27:59,193.5,201.45,192.35,201.0,0,0
NIFTY,26AUG21,16600,PE,2021-08-20,10:28:59,200.35,203.25,196.05,200.0,0,0
NIFTY,26AUG21,16600,PE,2021-08-20,10:29:59,200.2,203.25,197.3,197.3,0,0
NIFTY,26AUG21,16600,PE,2021-08-20,10:30:59,197.95,204.55,197.95,202.7,0,0
NIFTY,26AUG21,16600,PE,2021-08-20,10:31:59,203.0,203.95,197.8,198.6,0,0
NIFTY,26AUG21,16600,PE,2021-08-20,10:32:59,199.15,199.45,193.55,195.35,0,0
NIFTY,26AUG21,16600,PE,2021-08-20,10:33:59,194.35,205.4,194.35,204.35,0,0
NIFTY,26AUG21,16600,PE,2021-08-20,10:34:59,204.0,212.9,201.15,210.6,0,0
NIFTY,26AUG21,16600,PE,2021-08-20,10:35:59,210.9,215.0,207.65,213.9,0,0
NIFTY,26AUG21,16600,PE,2021-08-20,10:36:59,214.95,222.2,214.95,218.85,0,0
NIFTY,26AUG21,16600,PE,2021-08-20,10:37:59,218.5,219.15,212.1,217.35,0,0
NIFTY,26AUG21,16600,PE,2021-08-20,10:38:59,218.45,222.0,215.55,217.85,0,0
NIFTY,26AUG21,16600,PE,2021-08-20,10:39:59,218.3,220.85,214.0,219.95,0,0
NIFTY,26AUG21,16600,PE,2021-08-20,10:40:59,220.2,222.0,210.65,212.6,0,0
NIFTY,26AUG21,16600,PE,2021-08-20,10:41:59,213.8,216.4,210.0,214.65,0,0
NIFTY,26AUG21,16600,PE,2021-08-20,10:42:59,214.8,217.55,211.55,216.55,0,0
NIFTY,26AUG21,16600,PE,2021-08-20,10:43:59,216.2,218.25,209.55,212.15,0,0
NIFTY,26AUG21,16600,PE,2021-08-20,10:44:59,211.9,213.35,205.7,213.0,0,0
NIFTY,26AUG21,16600,PE,2021-08-20,10:45:59,212.5,215.9,208.2,214.65,0,0
NIFTY,26AUG21,16600,PE,2021-08-20,10:46:59,216.8,216.8,208.0,208.0,0,0
NIFTY,26AUG21,16600,PE,2021-08-20,10:47:59,207.3,214.4,206.35,214.4,0,0
NIFTY,26AUG21,16600,PE,2021-08-20,10:48:59,212.3,216.95,212.3,215.8,0,0
NIFTY,26AUG21,16600,PE,2021-08-20,10:49:59,215.3,216.75,211.65,214.15,0,0
NIFTY,26AUG21,16600,PE,2021-08-20,10:50:59,213.25,217.8,212.4,217.5,0,0
NIFTY,26AUG21,16600,PE,2021-08-20,10:51:59,217.5,221.6,216.5,220.5,0,0
NIFTY,26AUG21,16600,PE,2021-08-20,10:52:59,220.7,220.75,216.0,217.0,0,0
NIFTY,26AUG21,16600,PE,2021-08-20,10:53:59,218.1,225.6,216.4,224.85,0,0
NIFTY,26AUG21,16600,PE,2021-08-20,10:54:59,225.4,229.0,222.2,227.55,0,0
NIFTY,26AUG21,16600,PE,2021-08-20,10:55:59,228.45,229.0,222.55,225.2,0,0
NIFTY,26AUG21,16600,PE,2021-08-20,10:56:59,227.0,228.8,223.35,225.5,0,0
NIFTY,26AUG21,16600,PE,2021-08-20,10:57:59,227.15,229.75,224.15,229.35,0,0
NIFTY,26AUG21,16600,PE,2021-08-20,10:58:59,229.65,236.7,228.6,234.5,0,0
NIFTY,26AUG21,16600,PE,2021-08-20,10:59:59,236.3,237.0,230.6,234.9,0,0
NIFTY,26AUG21,16600,PE,2021-08-20,11:00:59,233.85,236.0,228.25,229.3,0,0
NIFTY,26AUG21,16600,PE,2021-08-20,11:01:59,230.6,232.8,226.1,227.05,0,0
NIFTY,26AUG21,16600,PE,2021-08-20,11:02:59,226.0,226.0,221.05,225.0,0,0
NIFTY,26AUG21,16600,PE,2021-08-20,11:03:59,224.8,232.9,224.8,229.8,0,0
NIFTY,26AUG21,16600,PE,2021-08-20,11:04:59,231.55,234.3,229.65,232.7,0,0
NIFTY,26AUG21,16600,PE,2021-08-20,11:05:59,233.65,235.85,230.0,235.85,0,0
NIFTY,26AUG21,16600,PE,2021-08-20,11:06:59,235.85,236.75,229.8,231.2,0,0
NIFTY,26AUG21,16600,PE,2021-08-20,11:07:59,231.4,232.05,226.2,226.2,0,0
NIFTY,26AUG21,16600,PE,2021-08-20,11:08:59,224.95,230.5,224.95,226.7,0,0
NIFTY,26AUG21,16600,PE,2021-08-20,11:09:59,226.0,233.3,225.15,229.0,0,0
NIFTY,26AUG21,16600,PE,2021-08-20,11:10:59,228.7,235.65,227.65,234.7,0,0
NIFTY,26AUG21,16600,PE,2021-08-20,11:11:59,235.0,235.7,232.5,233.15,0,0
NIFTY,26AUG21,16600,PE,2021-08-20,11:12:59,233.15,233.15,228.7,229.05,0,0
NIFTY,26AUG21,16600,PE,2021-08-20,11:13:59,229.6,234.05,227.6,229.3,0,0
NIFTY,26AUG21,16600,PE,2021-08-20,11:14:59,228.55,233.15,226.85,226.85,0,0
NIFTY,26AUG21,16600,PE,2021-08-20,11:15:59,227.05,227.05,213.6,216.5,0,0
NIFTY,26AUG21,16600,PE,2021-08-20,11:16:59,215.55,224.15,215.55,222.9,0,0
NIFTY,26AUG21,16600,PE,2021-08-20,11:17:59,224.05,225.35,217.05,217.05,0,0
NIFTY,26AUG21,16600,PE,2021-08-20,11:18:59,217.0,218.4,212.4,214.45,0,0
NIFTY,26AUG21,16600,PE,2021-08-20,11:19:59,213.3,218.5,211.4,217.5,0,0
NIFTY,26AUG21,16600,PE,2021-08-20,11:20:59,216.65,216.65,207.65,208.45,0,0
NIFTY,26AUG21,16600,PE,2021-08-20,11:21:59,207.5,210.75,203.85,210.7,0,0
NIFTY,26AUG21,16600,PE,2021-08-20,11:22:59,211.9,213.0,201.15,204.95,0,0
NIFTY,26AUG21,16600,PE,2021-08-20,11:23:59,206.9,208.55,202.05,203.55,0,0
NIFTY,26AUG21,16600,PE,2021-08-20,11:24:59,203.1,204.65,194.25,196.85,0,0
NIFTY,26AUG21,16600,PE,2021-08-20,11:25:59,196.75,196.75,189.85,190.0,0,0
NIFTY,26AUG21,16600,PE,2021-08-20,11:26:59,190.5,198.35,190.5,195.4,0,0
NIFTY,26AUG21,16600,PE,2021-08-20,11:27:59,194.9,201.0,194.3,200.0,0,0
NIFTY,26AUG21,16600,PE,2021-08-20,11:28:59,201.15,205.6,199.8,204.85,0,0
NIFTY,26AUG21,16600,PE,2021-08-20,11:29:59,203.95,205.0,199.95,202.2,0,0
NIFTY,26AUG21,16600,PE,2021-08-20,11:30:59,201.9,204.45,200.5,203.7,0,0
NIFTY,26AUG21,16600,PE,2021-08-20,11:31:59,204.5,205.85,200.0,202.25,0,0
NIFTY,26AUG21,16600,PE,2021-08-20,11:32:59,202.0,204.45,194.65,195.15,0,0
NIFTY,26AUG21,16600,PE,2021-08-20,11:33:59,196.15,196.95,189.4,194.3,0,0
NIFTY,26AUG21,16600,PE,2021-08-20,11:34:59,195.2,195.7,191.2,193.0,0,0
NIFTY,26AUG21,16600,PE,2021-08-20,11:35:59,194.75,194.75,183.65,186.3,0,0
NIFTY,26AUG21,16600,PE,2021-08-20,11:36:59,187.25,188.1,184.5,187.0,0,0
NIFTY,26AUG21,16600,PE,2021-08-20,11:37:59,187.2,187.75,184.5,185.9,0,0
NIFTY,26AUG21,16600,PE,2021-08-20,11:38:59,185.85,186.25,179.35,180.0,0,0
NIFTY,26AUG21,16600,PE,2021-08-20,11:39:59,180.25,180.3,177.0,180.2,0,0
NIFTY,26AUG21,16600,PE,2021-08-20,11:40:59,180.3,180.3,170.55,178.95,0,0
NIFTY,26AUG21,16600,PE,2021-08-20,11:41:59,179.0,181.45,176.5,177.45,0,0
NIFTY,26AUG21,16600,PE,2021-08-20,11:42:59,178.25,181.35,175.85,180.8,0,0
NIFTY,26AUG21,16600,PE,2021-08-20,11:43:59,181.05,187.05,181.05,185.35,0,0
NIFTY,26AUG21,16600,PE,2021-08-20,11:44:59,185.6,187.6,180.0,180.5,0,0
NIFTY,26AUG21,16600,PE,2021-08-20,11:45:59,180.5,181.1,177.0,181.1,0,0
NIFTY,26AUG21,16600,PE,2021-08-20,11:46:59,181.2,187.2,180.05,180.8,0,0
NIFTY,26AUG21,16600,PE,2021-08-20,11:47:59,181.0,184.55,180.0,183.45,0,0
NIFTY,26AUG21,16600,PE,2021-08-20,11:48:59,185.2,189.4,183.95,187.9,0,0
NIFTY,26AUG21,16600,PE,2021-08-20,11:49:59,188.0,188.8,185.0,186.7,0,0
NIFTY,26AUG21,16600,PE,2021-08-20,11:50:59,186.4,188.05,181.65,187.4,0,0
NIFTY,26AUG21,16600,PE,2021-08-20,11:51:59,187.75,190.4,185.65,188.75,0,0
NIFTY,26AUG21,16600,PE,2021-08-20,11:52:59,189.2,189.2,181.25,183.4,0,0
NIFTY,26AUG21,16600,PE,2021-08-20,11:53:59,184.7,188.55,184.2,188.5,0,0
NIFTY,26AUG21,16600,PE,2021-08-20,11:54:59,188.0,190.95,187.15,190.35,0,0
NIFTY,26AUG21,16600,PE,2021-08-20,11:55:59,190.95,190.95,186.45,189.0,0,0
NIFTY,26AUG21,16600,PE,2021-08-20,11:56:59,188.9,192.4,188.25,191.15,0,0
NIFTY,26AUG21,16600,PE,2021-08-20,11:57:59,191.15,192.0,185.65,188.0,0,0
NIFTY,26AUG21,16600,PE,2021-08-20,11:58:59,188.15,189.0,185.75,189.0,0,0
NIFTY,26AUG21,16600,PE,2021-08-20,11:59:59,189.25,189.25,183.0,184.45,0,0
NIFTY,26AUG21,16600,PE,2021-08-20,12:00:59,185.65,188.45,182.95,182.95,0,0
NIFTY,26AUG21,16600,PE,2021-08-20,12:01:59,182.7,184.35,181.0,183.2,0,0
NIFTY,26AUG21,16600,PE,2021-08-20,12:02:59,183.35,184.3,182.0,183.85,0,0
NIFTY,26AUG21,16600,PE,2021-08-20,12:03:59,183.45,188.8,183.45,188.2,0,0
NIFTY,26AUG21,16600,PE,2021-08-20,12:04:59,188.55,191.5,187.7,187.75,0,0
NIFTY,26AUG21,16600,PE,2021-08-20,12:05:59,188.35,192.45,187.4,190.25,0,0
NIFTY,26AUG21,16600,PE,2021-08-20,12:06:59,191.8,191.8,187.95,188.8,0,0
NIFTY,26AUG21,16600,PE,2021-08-20,12:07:59,188.05,188.9,186.0,188.9,0,0
NIFTY,26AUG21,16600,PE,2021-08-20,12:08:59,188.45,188.45,185.35,185.85,0,0
NIFTY,26AUG21,16600,PE,2021-08-20,12:09:59,185.75,185.95,183.35,184.1,0,0
NIFTY,26AUG21,16600,PE,2021-08-20,12:10:59,184.25,187.5,184.25,185.95,0,0
NIFTY,26AUG21,16600,PE,2021-08-20,12:11:59,184.9,186.6,184.1,184.65,0,0
NIFTY,26AUG21,16600,PE,2021-08-20,12:12:59,184.0,188.3,183.2,188.3,0,0
NIFTY,26AUG21,16600,PE,2021-08-20,12:13:59,186.4,187.4,184.25,184.25,0,0
NIFTY,26AUG21,16600,PE,2021-08-20,12:14:59,184.1,187.0,184.1,185.0,0,0
NIFTY,26AUG21,16600,PE,2021-08-20,12:15:59,185.35,190.75,184.25,190.65,0,0
NIFTY,26AUG21,16600,PE,2021-08-20,12:16:59,189.5,189.8,187.0,187.9,0,0
NIFTY,26AUG21,16600,PE,2021-08-20,12:17:59,189.5,191.25,188.2,191.2,0,0
NIFTY,26AUG21,16600,PE,2021-08-20,12:18:59,190.2,192.6,184.95,185.8,0,0
NIFTY,26AUG21,16600,PE,2021-08-20,12:19:59,185.95,188.6,184.75,188.6,0,0
NIFTY,26AUG21,16600,PE,2021-08-20,12:20:59,189.0,199.2,188.65,194.15,0,0
NIFTY,26AUG21,16600,PE,2021-08-20,12:21:59,194.1,196.15,192.25,192.25,0,0
NIFTY,26AUG21,16600,PE,2021-08-20,12:22:59,191.9,192.2,185.0,185.45,0,0
NIFTY,26AUG21,16600,PE,2021-08-20,12:23:59,186.5,187.55,184.25,185.3,0,0
NIFTY,26AUG21,16600,PE,2021-08-20,12:24:59,185.0,185.0,179.1,181.8,0,0
NIFTY,26AUG21,16600,PE,2021-08-20,12:25:59,182.3,182.5,174.25,177.7,0,0
NIFTY,26AUG21,16600,PE,2021-08-20,12:26:59,177.35,178.85,174.7,175.8,0,0
NIFTY,26AUG21,16600,PE,2021-08-20,12:27:59,176.55,180.8,176.0,180.2,0,0
NIFTY,26AUG21,16600,PE,2021-08-20,12:28:59,180.1,181.8,179.55,180.85,0,0
NIFTY,26AUG21,16600,PE,2021-08-20,12:29:59,181.05,185.3,179.15,183.35,0,0
NIFTY,26AUG21,16600,PE,2021-08-20,12:30:59,183.5,187.25,182.75,183.8,0,0
NIFTY,26AUG21,16600,PE,2021-08-20,12:31:59,183.7,187.0,178.9,184.95,0,0
NIFTY,26AUG21,16600,PE,2021-08-20,12:32:59,183.45,185.7,179.15,180.0,0,0
NIFTY,26AUG21,16600,PE,2021-08-20,12:33:59,181.15,184.85,179.45,184.85,0,0
NIFTY,26AUG21,16600,PE,2021-08-20,12:34:59,183.65,184.5,178.3,179.0,0,0
NIFTY,26AUG21,16600,PE,2021-08-20,12:35:59,180.0,184.25,178.2,183.65,0,0
NIFTY,26AUG21,16600,PE,2021-08-20,12:36:59,183.6,185.0,180.0,184.35,0,0
NIFTY,26AUG21,16600,PE,2021-08-20,12:37:59,184.2,187.35,182.85,186.95,0,0
NIFTY,26AUG21,16600,PE,2021-08-20,12:38:59,187.0,192.0,184.05,185.0,0,0
NIFTY,26AUG21,16600,PE,2021-08-20,12:39:59,184.25,184.55,178.3,180.2,0,0
NIFTY,26AUG21,16600,PE,2021-08-20,12:40:59,180.1,183.25,179.75,182.45,0,0
NIFTY,26AUG21,16600,PE,2021-08-20,12:41:59,183.4,183.4,180.75,180.9,0,0
NIFTY,26AUG21,16600,PE,2021-08-20,12:42:59,180.4,183.5,178.6,180.15,0,0
NIFTY,26AUG21,16600,PE,2021-08-20,12:43:59,179.95,180.45,175.65,175.65,0,0
NIFTY,26AUG21,16600,PE,2021-08-20,12:44:59,175.4,180.15,175.4,180.0,0,0
NIFTY,26AUG21,16600,PE,2021-08-20,12:45:59,179.8,184.5,179.65,184.35,0,0
NIFTY,26AUG21,16600,PE,2021-08-20,12:46:59,183.9,183.9,180.15,180.15,0,0
NIFTY,26AUG21,16600,PE,2021-08-20,12:47:59,180.75,181.85,176.2,177.2,0,0
NIFTY,26AUG21,16600,PE,2021-08-20,12:48:59,178.3,183.6,176.85,183.3,0,0
NIFTY,26AUG21,16600,PE,2021-08-20,12:49:59,182.3,186.85,181.05,185.65,0,0
NIFTY,26AUG21,16600,PE,2021-08-20,12:50:59,186.15,187.95,183.3,183.55,0,0
NIFTY,26AUG21,16600,PE,2021-08-20,12:51:59,185.85,188.5,185.65,186.4,0,0
NIFTY,26AUG21,16600,PE,2021-08-20,12:52:59,187.3,190.0,185.25,189.05,0,0
NIFTY,26AUG21,16600,PE,2021-08-20,12:53:59,189.3,189.5,185.0,185.0,0,0
NIFTY,26AUG21,16600,PE,2021-08-20,12:54:59,185.7,189.4,183.75,189.4,0,0
NIFTY,26AUG21,16600,PE,2021-08-20,12:55:59,189.7,202.75,189.7,202.2,0,0
NIFTY,26AUG21,16600,PE,2021-08-20,12:56:59,205.9,211.0,204.5,206.4,0,0
NIFTY,26AUG21,16600,PE,2021-08-20,12:57:59,206.65,210.15,204.4,208.45,0,0
NIFTY,26AUG21,16600,PE,2021-08-20,12:58:59,208.95,214.0,207.9,209.5,0,0
NIFTY,26AUG21,16600,PE,2021-08-20,12:59:59,209.5,209.5,203.2,203.2,0,0
NIFTY,26AUG21,16600,PE,2021-08-20,13:00:59,204.35,212.2,204.35,208.2,0,0
NIFTY,26AUG21,16600,PE,2021-08-20,13:01:59,208.0,208.0,199.1,203.2,0,0
NIFTY,26AUG21,16600,PE,2021-08-20,13:02:59,203.55,204.4,199.4,203.0,0,0
NIFTY,26AUG21,16600,PE,2021-08-20,13:03:59,202.8,205.05,200.6,205.0,0,0
NIFTY,26AUG21,16600,PE,2021-08-20,13:04:59,205.1,206.45,198.4,201.9,0,0
NIFTY,26AUG21,16600,PE,2021-08-20,13:05:59,202.8,208.0,202.55,203.95,0,0
NIFTY,26AUG21,16600,PE,2021-08-20,13:06:59,204.4,209.6,203.95,209.6,0,0
NIFTY,26AUG21,16600,PE,2021-08-20,13:07:59,210.8,212.75,206.5,209.95,0,0
NIFTY,26AUG21,16600,PE,2021-08-20,13:08:59,210.0,210.25,206.7,208.4,0,0
NIFTY,26AUG21,16600,PE,2021-08-20,13:09:59,208.55,212.2,208.55,209.8,0,0
NIFTY,26AUG21,16600,PE,2021-08-20,13:10:59,209.75,215.45,207.4,210.8,0,0
NIFTY,26AUG21,16600,PE,2021-08-20,13:11:59,210.65,212.4,205.0,209.05,0,0
NIFTY,26AUG21,16600,PE,2021-08-20,13:12:59,208.85,212.8,203.35,203.4,0,0
NIFTY,26AUG21,16600,PE,2021-08-20,13:13:59,203.2,208.6,203.2,207.9,0,0
NIFTY,26AUG21,16600,PE,2021-08-20,13:14:59,209.3,210.15,200.1,200.9,0,0
NIFTY,26AUG21,16600,PE,2021-08-20,13:15:59,202.5,211.2,202.15,210.75,0,0
NIFTY,26AUG21,16600,PE,2021-08-20,13:16:59,208.65,211.2,205.9,208.8,0,0
NIFTY,26AUG21,16600,PE,2021-08-20,13:17:59,207.55,210.1,207.15,208.15,0,0
NIFTY,26AUG21,16600,PE,2021-08-20,13:18:59,208.15,212.2,208.0,210.05,0,0
NIFTY,26AUG21,16600,PE,2021-08-20,13:19:59,211.05,211.05,205.0,208.7,0,0
NIFTY,26AUG21,16600,PE,2021-08-20,13:20:59,210.2,213.3,205.35,206.0,0,0
NIFTY,26AUG21,16600,PE,2021-08-20,13:21:59,206.4,208.05,200.45,203.7,0,0
NIFTY,26AUG21,16600,PE,2021-08-20,13:22:59,203.15,207.5,203.0,205.55,0,0
NIFTY,26AUG21,16600,PE,2021-08-20,13:23:59,206.75,210.8,206.1,210.8,0,0
NIFTY,26AUG21,16600,PE,2021-08-20,13:24:59,211.25,212.55,206.85,210.5,0,0
NIFTY,26AUG21,16600,PE,2021-08-20,13:25:59,209.15,209.15,203.6,206.5,0,0
NIFTY,26AUG21,16600,PE,2021-08-20,13:26:59,206.85,209.15,204.25,205.5,0,0
NIFTY,26AUG21,16600,PE,2021-08-20,13:27:59,205.5,206.6,203.4,204.75,0,0
NIFTY,26AUG21,16600,PE,2021-08-20,13:28:59,204.0,204.3,190.5,190.5,0,0
NIFTY,26AUG21,16600,PE,2021-08-20,13:29:59,187.65,189.35,183.0,186.7,0,0
NIFTY,26AUG21,16600,PE,2021-08-20,13:30:59,187.05,187.05,177.75,184.7,0,0
NIFTY,26AUG21,16600,PE,2021-08-20,13:31:59,185.2,190.0,183.35,183.85,0,0
NIFTY,26AUG21,16600,PE,2021-08-20,13:32:59,182.3,189.6,182.3,188.35,0,0
NIFTY,26AUG21,16600,PE,2021-08-20,13:33:59,188.85,190.65,183.7,187.65,0,0
NIFTY,26AUG21,16600,PE,2021-08-20,13:34:59,188.25,191.6,186.0,189.55,0,0
NIFTY,26AUG21,16600,PE,2021-08-20,13:35:59,187.95,194.4,187.85,191.35,0,0
NIFTY,26AUG21,16600,PE,2021-08-20,13:36:59,191.1,192.65,187.6,191.75,0,0
NIFTY,26AUG21,16600,PE,2021-08-20,13:37:59,193.0,193.0,189.65,190.35,0,0
NIFTY,26AUG21,16600,PE,2021-08-20,13:38:59,190.0,197.0,190.0,197.0,0,0
NIFTY,26AUG21,16600,PE,2021-08-20,13:39:59,195.8,198.7,193.0,194.95,0,0
NIFTY,26AUG21,16600,PE,2021-08-20,13:40:59,196.0,199.15,194.75,198.3,0,0
NIFTY,26AUG21,16600,PE,2021-08-20,13:41:59,198.25,198.3,193.65,195.6,0,0
NIFTY,26AUG21,16600,PE,2021-08-20,13:42:59,196.0,199.3,195.3,199.25,0,0
NIFTY,26AUG21,16600,PE,2021-08-20,13:43:59,199.3,204.8,198.6,202.45,0,0
NIFTY,26AUG21,16600,PE,2021-08-20,13:44:59,202.85,205.4,201.45,203.85,0,0
NIFTY,26AUG21,16600,PE,2021-08-20,13:45:59,203.95,205.0,198.55,199.6,0,0
NIFTY,26AUG21,16600,PE,2021-08-20,13:46:59,200.65,201.0,195.9,198.8,0,0
NIFTY,26AUG21,16600,PE,2021-08-20,13:47:59,198.9,200.75,196.8,200.6,0,0
NIFTY,26AUG21,16600,PE,2021-08-20,13:48:59,201.35,202.35,196.4,196.55,0,0
NIFTY,26AUG21,16600,PE,2021-08-20,13:49:59,197.3,199.5,195.5,199.5,0,0
NIFTY,26AUG21,16600,PE,2021-08-20,13:50:59,199.2,206.05,198.0,204.4,0,0
NIFTY,26AUG21,16600,PE,2021-08-20,13:51:59,204.15,216.7,204.15,214.85,0,0
NIFTY,26AUG21,16600,PE,2021-08-20,13:52:59,214.0,214.45,207.5,209.65,0,0
NIFTY,26AUG21,16600,PE,2021-08-20,13:53:59,209.6,212.4,205.0,209.5,0,0
NIFTY,26AUG21,16600,PE,2021-08-20,13:54:59,209.0,213.65,209.0,212.4,0,0
NIFTY,26AUG21,16600,PE,2021-08-20,13:55:59,212.9,214.0,208.75,209.7,0,0
NIFTY,26AUG21,16600,PE,2021-08-20,13:56:59,208.75,209.45,205.65,209.25,0,0
NIFTY,26AUG21,16600,PE,2021-08-20,13:57:59,209.8,210.0,203.0,203.0,0,0
NIFTY,26AUG21,16600,PE,2021-08-20,13:58:59,203.55,206.45,202.0,206.15,0,0
NIFTY,26AUG21,16600,PE,2021-08-20,13:59:59,206.3,209.55,203.4,206.0,0,0
NIFTY,26AUG21,16600,PE,2021-08-20,14:00:59,207.7,207.9,198.75,200.4,0,0
NIFTY,26AUG21,16600,PE,2021-08-20,14:01:59,200.45,200.45,196.15,199.65,0,0
NIFTY,26AUG21,16600,PE,2021-08-20,14:02:59,200.0,200.75,196.1,200.45,0,0
NIFTY,26AUG21,16600,PE,2021-08-20,14:03:59,200.0,200.0,196.55,197.55,0,0
NIFTY,26AUG21,16600,PE,2021-08-20,14:04:59,196.75,202.2,195.65,202.2,0,0
NIFTY,26AUG21,16600,PE,2021-08-20,14:05:59,200.8,204.35,199.65,201.0,0,0
NIFTY,26AUG21,16600,PE,2021-08-20,14:06:59,201.05,203.25,198.35,198.35,0,0
NIFTY,26AUG21,16600,PE,2021-08-20,14:07:59,198.8,198.8,194.05,197.55,0,0
NIFTY,26AUG21,16600,PE,2021-08-20,14:08:59,197.1,200.05,193.05,195.45,0,0
NIFTY,26AUG21,16600,PE,2021-08-20,14:09:59,196.5,199.65,196.0,197.15,0,0
NIFTY,26AUG21,16600,PE,2021-08-20,14:10:59,196.95,197.5,185.9,185.9,0,0
NIFTY,26AUG21,16600,PE,2021-08-20,14:11:59,186.65,191.0,185.65,191.0,0,0
NIFTY,26AUG21,16600,PE,2021-08-20,14:12:59,189.25,190.55,181.8,181.8,0,0
NIFTY,26AUG21,16600,PE,2021-08-20,14:13:59,182.55,182.6,178.05,179.7,0,0
NIFTY,26AUG21,16600,PE,2021-08-20,14:14:59,180.25,184.45,180.1,181.2,0,0
NIFTY,26AUG21,16600,PE,2021-08-20,14:15:59,181.0,184.25,179.7,183.9,0,0
NIFTY,26AUG21,16600,PE,2021-08-20,14:16:59,183.9,183.9,178.85,179.3,0,0
NIFTY,26AUG21,16600,PE,2021-08-20,14:17:59,179.1,181.05,162.15,165.0,0,0
NIFTY,26AUG21,16600,PE,2021-08-20,14:18:59,165.15,167.3,147.25,155.0,0,0
NIFTY,26AUG21,16600,PE,2021-08-20,14:19:59,154.8,159.35,154.55,157.6,0,0
NIFTY,26AUG21,16600,PE,2021-08-20,14:20:59,155.1,164.25,154.0,162.55,0,0
NIFTY,26AUG21,16600,PE,2021-08-20,14:21:59,162.7,168.25,162.5,165.2,0,0
NIFTY,26AUG21,16600,PE,2021-08-20,14:22:59,165.1,172.1,165.0,172.1,0,0
NIFTY,26AUG21,16600,PE,2021-08-20,14:23:59,171.2,171.9,165.4,167.95,0,0
NIFTY,26AUG21,16600,PE,2021-08-20,14:24:59,168.05,172.35,165.4,171.9,0,0
NIFTY,26AUG21,16600,PE,2021-08-20,14:25:59,171.6,172.0,168.05,172.0,0,0
NIFTY,26AUG21,16600,PE,2021-08-20,14:26:59,172.7,172.7,167.35,168.9,0,0
NIFTY,26AUG21,16600,PE,2021-08-20,14:27:59,168.9,170.05,164.85,169.8,0,0
NIFTY,26AUG21,16600,PE,2021-08-20,14:28:59,169.9,170.0,167.8,169.7,0,0
NIFTY,26AUG21,16600,PE,2021-08-20,14:29:59,171.15,171.85,169.0,170.4,0,0
NIFTY,26AUG21,16600,PE,2021-08-20,14:30:59,171.75,172.0,166.5,168.2,0,0
NIFTY,26AUG21,16600,PE,2021-08-20,14:31:59,168.5,170.6,167.45,167.45,0,0
NIFTY,26AUG21,16600,PE,2021-08-20,14:32:59,167.8,172.4,167.8,172.35,0,0
NIFTY,26AUG21,16600,PE,2021-08-20,14:33:59,173.0,174.0,168.5,169.0,0,0
NIFTY,26AUG21,16600,PE,2021-08-20,14:34:59,169.05,169.45,165.0,165.45,0,0
NIFTY,26AUG21,16600,PE,2021-08-20,14:35:59,165.75,168.05,159.95,165.05,0,0
NIFTY,26AUG21,16600,PE,2021-08-20,14:36:59,165.0,171.65,164.95,169.75,0,0
NIFTY,26AUG21,16600,PE,2021-08-20,14:37:59,170.55,172.5,168.4,172.05,0,0
NIFTY,26AUG21,16600,PE,2021-08-20,14:38:59,172.2,172.2,165.7,168.55,0,0
NIFTY,26AUG21,16600,PE,2021-08-20,14:39:59,169.1,171.7,169.05,169.95,0,0
NIFTY,26AUG21,16600,PE,2021-08-20,14:40:59,171.0,172.7,169.65,172.6,0,0
NIFTY,26AUG21,16600,PE,2021-08-20,14:41:59,172.25,191.3,172.25,184.9,0,0
NIFTY,26AUG21,16600,PE,2021-08-20,14:42:59,184.6,190.65,181.85,188.0,0,0
NIFTY,26AUG21,16600,PE,2021-08-20,14:43:59,188.05,189.85,183.0,184.0,0,0
NIFTY,26AUG21,16600,PE,2021-08-20,14:44:59,183.85,188.05,183.8,185.65,0,0
NIFTY,26AUG21,16600,PE,2021-08-20,14:45:59,186.2,192.4,183.6,185.45,0,0
NIFTY,26AUG21,16600,PE,2021-08-20,14:46:59,185.8,185.8,178.9,183.8,0,0
NIFTY,26AUG21,16600,PE,2021-08-20,14:47:59,183.45,186.45,182.65,183.0,0,0
NIFTY,26AUG21,16600,PE,2021-08-20,14:48:59,183.1,184.35,180.15,183.0,0,0
NIFTY,26AUG21,16600,PE,2021-08-20,14:49:59,182.0,185.5,182.0,182.6,0,0
NIFTY,26AUG21,16600,PE,2021-08-20,14:50:59,181.7,184.35,166.95,166.95,0,0
NIFTY,26AUG21,16600,PE,2021-08-20,14:51:59,167.45,170.2,161.75,167.8,0,0
NIFTY,26AUG21,16600,PE,2021-08-20,14:52:59,168.6,172.0,167.45,171.35,0,0
NIFTY,26AUG21,16600,PE,2021-08-20,14:53:59,170.3,170.3,164.1,169.05,0,0
NIFTY,26AUG21,16600,PE,2021-08-20,14:54:59,169.2,171.15,166.95,168.6,0,0
NIFTY,26AUG21,16600,PE,2021-08-20,14:55:59,168.7,171.6,166.6,170.45,0,0
NIFTY,26AUG21,16600,PE,2021-08-20,14:56:59,168.9,176.7,168.45,176.7,0,0
NIFTY,26AUG21,16600,PE,2021-08-20,14:57:59,177.15,182.05,175.4,181.2,0,0
NIFTY,26AUG21,16600,PE,2021-08-20,14:58:59,181.75,184.95,180.95,184.8,0,0
NIFTY,26AUG21,16600,PE,2021-08-20,14:59:59,184.4,187.2,179.9,179.9,0,0
NIFTY,26AUG21,16600,PE,2021-08-20,15:00:59,177.75,182.6,169.05,171.6,0,0
NIFTY,26AUG21,16600,PE,2021-08-20,15:01:59,172.15,186.15,169.65,185.9,0,0
NIFTY,26AUG21,16600,PE,2021-08-20,15:02:59,185.2,185.45,178.75,180.65,0,0
NIFTY,26AUG21,16600,PE,2021-08-20,15:03:59,181.1,181.1,175.55,179.1,0,0
NIFTY,26AUG21,16600,PE,2021-08-20,15:04:59,179.4,181.25,174.8,175.9,0,0
NIFTY,26AUG21,16600,PE,2021-08-20,15:05:59,177.0,181.4,176.2,178.4,0,0
NIFTY,26AUG21,16600,PE,2021-08-20,15:06:59,178.75,181.35,177.4,181.35,0,0
NIFTY,26AUG21,16600,PE,2021-08-20,15:07:59,181.0,183.45,178.4,182.7,0,0
NIFTY,26AUG21,16600,PE,2021-08-20,15:08:59,181.8,184.75,180.5,180.5,0,0
NIFTY,26AUG21,16600,PE,2021-08-20,15:09:59,178.65,181.6,173.95,178.95,0,0
NIFTY,26AUG21,16600,PE,2021-08-20,15:10:59,179.9,180.5,175.0,176.9,0,0
NIFTY,26AUG21,16600,PE,2021-08-20,15:11:59,177.1,182.65,177.05,179.95,0,0
NIFTY,26AUG21,16600,PE,2021-08-20,15:12:59,180.8,180.8,176.3,178.85,0,0
NIFTY,26AUG21,16600,PE,2021-08-20,15:13:59,178.75,180.45,176.25,180.0,0,0
NIFTY,26AUG21,16600,PE,2021-08-20,15:14:59,180.3,184.0,180.3,183.25,0,0
NIFTY,26AUG21,16600,PE,2021-08-20,15:15:59,184.0,188.3,183.15,188.3,0,0
NIFTY,26AUG21,16600,PE,2021-08-20,15:16:59,188.35,191.9,187.95,190.75,0,0
NIFTY,26AUG21,16600,PE,2021-08-20,15:17:59,190.25,194.0,189.0,192.7,0,0
NIFTY,26AUG21,16600,PE,2021-08-20,15:18:59,192.75,198.2,190.6,197.9,0,0
NIFTY,26AUG21,16600,PE,2021-08-20,15:19:59,197.1,202.9,196.0,202.9,0,0
NIFTY,26AUG21,16600,PE,2021-08-20,15:20:59,203.0,203.0,196.7,198.45,0,0
NIFTY,26AUG21,16600,PE,2021-08-20,15:21:59,198.6,205.65,194.5,205.65,0,0
NIFTY,26AUG21,16600,PE,2021-08-20,15:22:59,206.35,209.75,205.7,207.2,0,0
NIFTY,26AUG21,16600,PE,2021-08-20,15:23:59,207.85,215.45,206.4,215.45,0,0
NIFTY,26AUG21,16600,PE,2021-08-20,15:24:59,214.25,216.25,212.9,215.45,0,0
NIFTY,26AUG21,16600,PE,2021-08-20,15:25:59,215.2,215.6,211.3,213.95,0,0
NIFTY,26AUG21,16600,PE,2021-08-20,15:26:59,213.3,215.0,213.3,214.9,0,0
NIFTY,26AUG21,16600,PE,2021-08-20,15:27:59,214.95,215.45,213.9,215.2,0,0
NIFTY,26AUG21,16600,PE,2021-08-20,15:28:59,215.1,215.1,212.1,212.8,0,0
NIFTY,26AUG21,16600,PE,2021-08-20,15:29:59,212.85,213.0,205.35,210.4,0,0
NIFTY,26AUG21,16600,PE,2021-08-23,09:15:59,105.05,119.65,95.85,107.0,0,0
NIFTY,26AUG21,16600,PE,2021-08-23,09:16:59,106.75,107.35,100.85,104.95,0,0
NIFTY,26AUG21,16600,PE,2021-08-23,09:17:59,104.1,109.15,103.35,107.8,0,0
NIFTY,26AUG21,16600,PE,2021-08-23,09:18:59,107.85,114.1,106.75,113.05,0,0
NIFTY,26AUG21,16600,PE,2021-08-23,09:19:59,113.25,113.4,107.9,109.05,0,0
NIFTY,26AUG21,16600,PE,2021-08-23,09:20:59,108.75,113.0,104.75,111.3,0,0
NIFTY,26AUG21,16600,PE,2021-08-23,09:21:59,111.2,111.4,104.7,111.3,0,0
NIFTY,26AUG21,16600,PE,2021-08-23,09:22:59,110.25,115.9,109.35,115.85,0,0
NIFTY,26AUG21,16600,PE,2021-08-23,09:23:59,115.5,116.55,110.4,113.05,0,0
NIFTY,26AUG21,16600,PE,2021-08-23,09:24:59,112.75,117.55,110.2,113.85,0,0
NIFTY,26AUG21,16600,PE,2021-08-23,09:25:59,113.4,117.05,110.4,117.05,0,0
NIFTY,26AUG21,16600,PE,2021-08-23,09:26:59,117.4,117.4,112.4,112.85,0,0
NIFTY,26AUG21,16600,PE,2021-08-23,09:27:59,112.55,113.25,109.0,113.0,0,0
NIFTY,26AUG21,16600,PE,2021-08-23,09:28:59,113.15,113.25,108.15,110.3,0,0
NIFTY,26AUG21,16600,PE,2021-08-23,09:29:59,109.55,113.4,107.8,113.4,0,0
NIFTY,26AUG21,16600,PE,2021-08-23,09:30:59,114.0,118.85,111.4,118.4,0,0
NIFTY,26AUG21,16600,PE,2021-08-23,09:31:59,119.05,120.0,112.95,114.4,0,0
NIFTY,26AUG21,16600,PE,2021-08-23,09:32:59,114.8,115.0,110.0,110.5,0,0
NIFTY,26AUG21,16600,PE,2021-08-23,09:33:59,111.3,115.3,111.15,114.25,0,0
NIFTY,26AUG21,16600,PE,2021-08-23,09:34:59,113.85,115.9,110.8,111.95,0,0
NIFTY,26AUG21,16600,PE,2021-08-23,09:35:59,111.95,114.1,111.55,113.0,0,0
NIFTY,26AUG21,16600,PE,2021-08-23,09:36:59,112.85,116.2,112.35,115.8,0,0
NIFTY,26AUG21,16600,PE,2021-08-23,09:37:59,115.8,118.05,113.45,115.0,0,0
NIFTY,26AUG21,16600,PE,2021-08-23,09:38:59,115.0,117.9,115.0,117.0,0,0
NIFTY,26AUG21,16600,PE,2021-08-23,09:39:59,116.85,123.15,116.3,121.35,0,0
NIFTY,26AUG21,16600,PE,2021-08-23,09:40:59,121.25,124.0,117.9,123.85,0,0
NIFTY,26AUG21,16600,PE,2021-08-23,09:41:59,123.95,124.3,119.7,120.95,0,0
NIFTY,26AUG21,16600,PE,2021-08-23,09:42:59,121.25,124.0,119.7,119.7,0,0
NIFTY,26AUG21,16600,PE,2021-08-23,09:43:59,120.25,121.95,118.1,118.45,0,0
NIFTY,26AUG21,16600,PE,2021-08-23,09:44:59,118.95,124.6,118.9,122.35,0,0
NIFTY,26AUG21,16600,PE,2021-08-23,09:45:59,122.35,122.35,120.05,120.55,0,0
NIFTY,26AUG21,16600,PE,2021-08-23,09:46:59,120.65,123.0,119.4,120.2,0,0
NIFTY,26AUG21,16600,PE,2021-08-23,09:47:59,120.85,121.25,115.15,115.95,0,0
NIFTY,26AUG21,16600,PE,2021-08-23,09:48:59,116.1,116.25,110.5,112.7,0,0
NIFTY,26AUG21,16600,PE,2021-08-23,09:49:59,112.75,114.7,112.5,112.6,0,0
NIFTY,26AUG21,16600,PE,2021-08-23,09:50:59,112.95,114.3,111.0,113.0,0,0
NIFTY,26AUG21,16600,PE,2021-08-23,09:51:59,112.65,115.3,112.65,115.05,0,0
NIFTY,26AUG21,16600,PE,2021-08-23,09:52:59,115.1,117.6,114.9,117.5,0,0
NIFTY,26AUG21,16600,PE,2021-08-23,09:53:59,117.75,131.0,117.75,130.7,0,0
NIFTY,26AUG21,16600,PE,2021-08-23,09:54:59,130.15,139.45,130.15,139.15,0,0
NIFTY,26AUG21,16600,PE,2021-08-23,09:55:59,140.1,144.45,135.0,135.75,0,0
NIFTY,26AUG21,16600,PE,2021-08-23,09:56:59,136.55,137.85,130.95,134.25,0,0
NIFTY,26AUG21,16600,PE,2021-08-23,09:57:59,134.55,141.55,132.0,133.65,0,0
NIFTY,26AUG21,16600,PE,2021-08-23,09:58:59,133.85,140.75,132.25,139.7,0,0
NIFTY,26AUG21,16600,PE,2021-08-23,09:59:59,138.55,146.2,137.5,143.0,0,0
NIFTY,26AUG21,16600,PE,2021-08-23,10:00:59,143.4,155.0,142.0,147.25,0,0
NIFTY,26AUG21,16600,PE,2021-08-23,10:01:59,147.8,148.75,137.85,138.5,0,0
NIFTY,26AUG21,16600,PE,2021-08-23,10:02:59,138.9,141.8,137.8,138.7,0,0
NIFTY,26AUG21,16600,PE,2021-08-23,10:03:59,138.85,147.55,138.85,144.9,0,0
NIFTY,26AUG21,16600,PE,2021-08-23,10:04:59,146.4,146.4,137.75,137.75,0,0
NIFTY,26AUG21,16600,PE,2021-08-23,10:05:59,137.75,142.85,137.65,138.2,0,0
NIFTY,26AUG21,16600,PE,2021-08-23,10:06:59,138.25,138.5,134.25,135.7,0,0
NIFTY,26AUG21,16600,PE,2021-08-23,10:07:59,135.55,137.6,132.4,133.4,0,0
NIFTY,26AUG21,16600,PE,2021-08-23,10:08:59,134.4,136.0,129.5,132.2,0,0
NIFTY,26AUG21,16600,PE,2021-08-23,10:09:59,132.1,137.6,131.3,137.6,0,0
NIFTY,26AUG21,16600,PE,2021-08-23,10:10:59,138.0,139.7,134.05,135.3,0,0
NIFTY,26AUG21,16600,PE,2021-08-23,10:11:59,136.3,141.3,136.3,139.95,0,0
NIFTY,26AUG21,16600,PE,2021-08-23,10:12:59,138.7,145.1,137.7,144.45,0,0
NIFTY,26AUG21,16600,PE,2021-08-23,10:13:59,145.05,145.55,141.55,141.55,0,0
NIFTY,26AUG21,16600,PE,2021-08-23,10:14:59,142.8,144.5,140.1,144.5,0,0
NIFTY,26AUG21,16600,PE,2021-08-23,10:15:59,144.9,153.7,144.9,149.6,0,0
NIFTY,26AUG21,16600,PE,2021-08-23,10:16:59,147.3,152.25,144.45,148.1,0,0
NIFTY,26AUG21,16600,PE,2021-08-23,10:17:59,147.5,147.5,139.05,140.65,0,0
NIFTY,26AUG21,16600,PE,2021-08-23,10:18:59,140.3,142.7,138.35,141.15,0,0
NIFTY,26AUG21,16600,PE,2021-08-23,10:19:59,140.25,147.25,139.8,146.75,0,0
NIFTY,26AUG21,16600,PE,2021-08-23,10:20:59,146.55,148.25,140.45,141.45,0,0
NIFTY,26AUG21,16600,PE,2021-08-23,10:21:59,141.55,146.6,139.8,139.8,0,0
NIFTY,26AUG21,16600,PE,2021-08-23,10:22:59,140.35,145.85,140.25,142.1,0,0
NIFTY,26AUG21,16600,PE,2021-08-23,10:23:59,142.7,144.2,140.6,140.75,0,0
NIFTY,26AUG21,16600,PE,2021-08-23,10:24:59,140.6,145.95,140.25,145.25,0,0
NIFTY,26AUG21,16600,PE,2021-08-23,10:25:59,144.75,147.65,143.2,147.15,0,0
NIFTY,26AUG21,16600,PE,2021-08-23,10:26:59,146.7,149.35,145.0,145.0,0,0
NIFTY,26AUG21,16600,PE,2021-08-23,10:27:59,145.55,146.85,141.4,143.25,0,0
NIFTY,26AUG21,16600,PE,2021-08-23,10:28:59,143.2,149.0,142.0,148.55,0,0
NIFTY,26AUG21,16600,PE,2021-08-23,10:29:59,148.8,165.25,148.8,162.85,0,0
NIFTY,26AUG21,16600,PE,2021-08-23,10:30:59,163.4,177.0,162.75,173.55,0,0
NIFTY,26AUG21,16600,PE,2021-08-23,10:31:59,173.35,175.8,166.7,169.25,0,0
NIFTY,26AUG21,16600,PE,2021-08-23,10:32:59,169.15,182.0,169.15,178.05,0,0
NIFTY,26AUG21,16600,PE,2021-08-23,10:33:59,177.6,196.8,177.6,190.75,0,0
NIFTY,26AUG21,16600,PE,2021-08-23,10:34:59,192.25,207.35,192.25,206.65,0,0
NIFTY,26AUG21,16600,PE,2021-08-23,10:35:59,205.4,226.05,201.5,201.5,0,0
NIFTY,26AUG21,16600,PE,2021-08-23,10:36:59,201.65,205.15,191.35,194.65,0,0
NIFTY,26AUG21,16600,PE,2021-08-23,10:37:59,194.5,196.9,188.45,192.3,0,0
NIFTY,26AUG21,16600,PE,2021-08-23,10:38:59,190.55,195.0,186.85,190.9,0,0
NIFTY,26AUG21,16600,PE,2021-08-23,10:39:59,191.7,203.7,191.7,194.65,0,0
NIFTY,26AUG21,16600,PE,2021-08-23,10:40:59,195.5,202.3,189.45,189.65,0,0
NIFTY,26AUG21,16600,PE,2021-08-23,10:41:59,189.25,192.1,180.0,180.35,0,0
NIFTY,26AUG21,16600,PE,2021-08-23,10:42:59,181.6,186.25,177.85,182.2,0,0
NIFTY,26AUG21,16600,PE,2021-08-23,10:43:59,181.65,188.45,178.0,186.65,0,0
NIFTY,26AUG21,16600,PE,2021-08-23,10:44:59,187.1,194.35,186.6,191.35,0,0
NIFTY,26AUG21,16600,PE,2021-08-23,10:45:59,190.05,200.45,189.4,198.9,0,0
NIFTY,26AUG21,16600,PE,2021-08-23,10:46:59,200.15,209.95,200.15,207.5,0,0
NIFTY,26AUG21,16600,PE,2021-08-23,10:47:59,208.05,214.1,204.5,211.45,0,0
NIFTY,26AUG21,16600,PE,2021-08-23,10:48:59,211.5,222.0,206.55,215.7,0,0
NIFTY,26AUG21,16600,PE,2021-08-23,10:49:59,214.5,216.7,206.8,207.55,0,0
NIFTY,26AUG21,16600,PE,2021-08-23,10:50:59,208.25,226.95,207.65,226.95,0,0
NIFTY,26AUG21,16600,PE,2021-08-23,10:51:59,226.4,232.0,214.0,214.7,0,0
NIFTY,26AUG21,16600,PE,2021-08-23,10:52:59,214.55,214.55,201.6,205.35,0,0
NIFTY,26AUG21,16600,PE,2021-08-23,10:53:59,205.1,214.65,205.1,211.8,0,0
NIFTY,26AUG21,16600,PE,2021-08-23,10:54:59,210.0,212.05,202.4,202.95,0,0
NIFTY,26AUG21,16600,PE,2021-08-23,10:55:59,204.8,211.0,203.6,206.85,0,0
NIFTY,26AUG21,16600,PE,2021-08-23,10:56:59,208.85,210.45,201.25,202.0,0,0
NIFTY,26AUG21,16600,PE,2021-08-23,10:57:59,201.7,205.35,201.4,202.75,0,0
NIFTY,26AUG21,16600,PE,2021-08-23,10:58:59,204.2,204.55,191.05,191.9,0,0
NIFTY,26AUG21,16600,PE,2021-08-23,10:59:59,190.7,196.9,189.95,194.05,0,0
NIFTY,26AUG21,16600,PE,2021-08-23,11:00:59,192.7,192.7,181.95,185.3,0,0
NIFTY,26AUG21,16600,PE,2021-08-23,11:01:59,184.8,188.0,182.1,183.1,0,0
NIFTY,26AUG21,16600,PE,2021-08-23,11:02:59,182.9,186.65,176.15,182.5,0,0
NIFTY,26AUG21,16600,PE,2021-08-23,11:03:59,181.6,187.05,177.65,177.75,0,0
NIFTY,26AUG21,16600,PE,2021-08-23,11:04:59,176.1,184.45,176.1,184.45,0,0
NIFTY,26AUG21,16600,PE,2021-08-23,11:05:59,184.9,184.9,170.0,171.2,0,0
NIFTY,26AUG21,16600,PE,2021-08-23,11:06:59,170.85,172.15,166.3,170.1,0,0
NIFTY,26AUG21,16600,PE,2021-08-23,11:07:59,170.95,171.25,166.0,169.85,0,0
NIFTY,26AUG21,16600,PE,2021-08-23,11:08:59,168.0,168.5,159.05,164.3,0,0
NIFTY,26AUG21,16600,PE,2021-08-23,11:09:59,165.0,167.55,163.1,165.2,0,0
NIFTY,26AUG21,16600,PE,2021-08-23,11:10:59,164.15,175.1,164.15,174.65,0,0
NIFTY,26AUG21,16600,PE,2021-08-23,11:11:59,176.35,185.5,176.35,178.8,0,0
NIFTY,26AUG21,16600,PE,2021-08-23,11:12:59,178.7,186.5,178.55,185.7,0,0
NIFTY,26AUG21,16600,PE,2021-08-23,11:13:59,185.8,187.3,180.75,180.75,0,0
NIFTY,26AUG21,16600,PE,2021-08-23,11:14:59,179.75,183.55,176.15,178.5,0,0
NIFTY,26AUG21,16600,PE,2021-08-23,11:15:59,177.3,188.15,177.3,188.15,0,0
NIFTY,26AUG21,16600,PE,2021-08-23,11:16:59,185.65,192.0,183.95,190.3,0,0
NIFTY,26AUG21,16600,PE,2021-08-23,11:17:59,190.0,196.55,185.15,191.1,0,0
NIFTY,26AUG21,16600,PE,2021-08-23,11:18:59,191.4,191.4,178.95,178.95,0,0
NIFTY,26AUG21,16600,PE,2021-08-23,11:19:59,179.1,182.2,175.35,180.2,0,0
NIFTY,26AUG21,16600,PE,2021-08-23,11:20:59,180.25,180.25,174.55,178.1,0,0
NIFTY,26AUG21,16600,PE,2021-08-23,11:21:59,177.95,177.95,171.15,172.95,0,0
NIFTY,26AUG21,16600,PE,2021-08-23,11:22:59,172.15,174.25,167.7,170.75,0,0
NIFTY,26AUG21,16600,PE,2021-08-23,11:23:59,171.5,174.3,170.15,173.55,0,0
NIFTY,26AUG21,16600,PE,2021-08-23,11:24:59,173.0,181.45,173.0,176.7,0,0
NIFTY,26AUG21,16600,PE,2021-08-23,11:25:59,176.7,181.65,172.7,172.7,0,0
NIFTY,26AUG21,16600,PE,2021-08-23,11:26:59,173.0,174.95,169.55,174.95,0,0
NIFTY,26AUG21,16600,PE,2021-08-23,11:27:59,174.0,178.05,171.15,178.05,0,0
NIFTY,26AUG21,16600,PE,2021-08-23,11:28:59,178.75,180.7,172.0,174.0,0,0
NIFTY,26AUG21,16600,PE,2021-08-23,11:29:59,173.55,174.1,169.55,171.1,0,0
NIFTY,26AUG21,16600,PE,2021-08-23,11:30:59,169.05,171.45,161.45,164.4,0,0
NIFTY,26AUG21,16600,PE,2021-08-23,11:31:59,163.6,169.0,163.6,166.05,0,0
NIFTY,26AUG21,16600,PE,2021-08-23,11:32:59,166.3,170.3,164.95,168.05,0,0
NIFTY,26AUG21,16600,PE,2021-08-23,11:33:59,168.25,171.7,165.85,165.85,0,0
NIFTY,26AUG21,16600,PE,2021-08-23,11:34:59,165.7,167.0,163.0,166.25,0,0
NIFTY,26AUG21,16600,PE,2021-08-23,11:35:59,166.25,166.25,158.5,159.4,0,0
NIFTY,26AUG21,16600,PE,2021-08-23,11:36:59,159.5,163.3,159.4,161.45,0,0
NIFTY,26AUG21,16600,PE,2021-08-23,11:37:59,161.3,167.9,161.0,161.0,0,0
NIFTY,26AUG21,16600,PE,2021-08-23,11:38:59,161.25,165.65,161.25,165.35,0,0
NIFTY,26AUG21,16600,PE,2021-08-23,11:39:59,165.05,170.0,164.35,169.75,0,0
NIFTY,26AUG21,16600,PE,2021-08-23,11:40:59,170.0,170.0,164.0,168.95,0,0
NIFTY,26AUG21,16600,PE,2021-08-23,11:41:59,168.95,173.7,166.5,173.7,0,0
NIFTY,26AUG21,16600,PE,2021-08-23,11:42:59,172.6,174.75,169.65,171.2,0,0
NIFTY,26AUG21,16600,PE,2021-08-23,11:43:59,171.0,173.05,169.25,173.05,0,0
NIFTY,26AUG21,16600,PE,2021-08-23,11:44:59,172.75,172.75,167.2,167.3,0,0
NIFTY,26AUG21,16600,PE,2021-08-23,11:45:59,167.05,171.9,164.95,170.75,0,0
NIFTY,26AUG21,16600,PE,2021-08-23,11:46:59,169.7,169.7,165.6,166.3,0,0
NIFTY,26AUG21,16600,PE,2021-08-23,11:47:59,167.3,167.6,164.6,166.4,0,0
NIFTY,26AUG21,16600,PE,2021-08-23,11:48:59,166.7,167.35,161.15,163.25,0,0
NIFTY,26AUG21,16600,PE,2021-08-23,11:49:59,163.2,166.85,162.85,165.0,0,0
NIFTY,26AUG21,16600,PE,2021-08-23,11:50:59,166.2,166.2,163.05,164.55,0,0
NIFTY,26AUG21,16600,PE,2021-08-23,11:51:59,164.6,165.6,160.65,161.6,0,0
NIFTY,26AUG21,16600,PE,2021-08-23,11:52:59,161.65,164.1,160.5,160.95,0,0
NIFTY,26AUG21,16600,PE,2021-08-23,11:53:59,160.2,163.55,159.0,163.45,0,0
NIFTY,26AUG21,16600,PE,2021-08-23,11:54:59,163.25,164.35,158.55,160.8,0,0
NIFTY,26AUG21,16600,PE,2021-08-23,11:55:59,160.95,163.55,159.3,162.05,0,0
NIFTY,26AUG21,16600,PE,2021-08-23,11:56:59,162.4,165.7,153.15,153.15,0,0
NIFTY,26AUG21,16600,PE,2021-08-23,11:57:59,154.55,157.5,153.6,156.1,0,0
NIFTY,26AUG21,16600,PE,2021-08-23,11:58:59,156.45,159.55,155.85,159.55,0,0
NIFTY,26AUG21,16600,PE,2021-08-23,11:59:59,160.0,160.2,153.65,154.4,0,0
NIFTY,26AUG21,16600,PE,2021-08-23,12:00:59,154.35,156.1,151.35,155.1,0,0
NIFTY,26AUG21,16600,PE,2021-08-23,12:01:59,155.55,160.4,155.55,158.1,0,0
NIFTY,26AUG21,16600,PE,2021-08-23,12:02:59,158.25,162.35,158.25,159.75,0,0
NIFTY,26AUG21,16600,PE,2021-08-23,12:03:59,159.55,159.55,154.6,155.3,0,0
NIFTY,26AUG21,16600,PE,2021-08-23,12:04:59,154.8,157.2,154.4,155.75,0,0
NIFTY,26AUG21,16600,PE,2021-08-23,12:05:59,156.0,156.0,146.15,146.2,0,0
NIFTY,26AUG21,16600,PE,2021-08-23,12:06:59,146.45,147.15,144.45,146.6,0,0
NIFTY,26AUG21,16600,PE,2021-08-23,12:07:59,146.2,149.95,146.2,148.3,0,0
NIFTY,26AUG21,16600,PE,2021-08-23,12:08:59,148.75,151.05,147.05,147.05,0,0
NIFTY,26AUG21,16600,PE,2021-08-23,12:09:59,146.4,148.65,144.0,144.0,0,0
NIFTY,26AUG21,16600,PE,2021-08-23,12:10:59,143.35,147.55,142.1,143.25,0,0
NIFTY,26AUG21,16600,PE,2021-08-23,12:11:59,142.35,144.25,138.55,139.3,0,0
NIFTY,26AUG21,16600,PE,2021-08-23,12:12:59,139.45,140.75,137.4,137.5,0,0
NIFTY,26AUG21,16600,PE,2021-08-23,12:13:59,136.85,141.0,135.55,139.45,0,0
NIFTY,26AUG21,16600,PE,2021-08-23,12:14:59,139.8,142.0,138.5,139.4,0,0
NIFTY,26AUG21,16600,PE,2021-08-23,12:15:59,139.75,141.25,136.5,141.25,0,0
NIFTY,26AUG21,16600,PE,2021-08-23,12:16:59,140.5,142.15,139.85,140.85,0,0
NIFTY,26AUG21,16600,PE,2021-08-23,12:17:59,140.75,143.45,140.1,141.05,0,0
NIFTY,26AUG21,16600,PE,2021-08-23,12:18:59,141.15,141.15,138.6,139.2,0,0
NIFTY,26AUG21,16600,PE,2021-08-23,12:19:59,138.7,145.4,138.7,145.3,0,0
NIFTY,26AUG21,16600,PE,2021-08-23,12:20:59,145.75,147.45,143.75,147.3,0,0
NIFTY,26AUG21,16600,PE,2021-08-23,12:21:59,147.5,151.4,147.05,151.1,0,0
NIFTY,26AUG21,16600,PE,2021-08-23,12:22:59,152.35,153.3,148.05,151.2,0,0
NIFTY,26AUG21,16600,PE,2021-08-23,12:23:59,151.2,151.75,148.95,151.4,0,0
NIFTY,26AUG21,16600,PE,2021-08-23,12:24:59,150.8,152.85,147.0,147.0,0,0
NIFTY,26AUG21,16600,PE,2021-08-23,12:25:59,148.9,153.0,148.9,152.6,0,0
NIFTY,26AUG21,16600,PE,2021-08-23,12:26:59,152.7,154.75,150.0,150.0,0,0
NIFTY,26AUG21,16600,PE,2021-08-23,12:27:59,149.45,151.95,149.45,149.7,0,0
NIFTY,26AUG21,16600,PE,2021-08-23,12:28:59,150.0,150.55,143.75,144.05,0,0
NIFTY,26AUG21,16600,PE,2021-08-23,12:29:59,143.75,145.5,140.4,143.9,0,0
NIFTY,26AUG21,16600,PE,2021-08-23,12:30:59,142.0,142.55,135.7,137.05,0,0
NIFTY,26AUG21,16600,PE,2021-08-23,12:31:59,136.75,142.75,136.75,142.2,0,0
NIFTY,26AUG21,16600,PE,2021-08-23,12:32:59,141.7,142.0,137.2,140.5,0,0
NIFTY,26AUG21,16600,PE,2021-08-23,12:33:59,140.15,141.2,137.65,139.75,0,0
NIFTY,26AUG21,16600,PE,2021-08-23,12:34:59,140.0,141.1,138.2,138.2,0,0
NIFTY,26AUG21,16600,PE,2021-08-23,12:35:59,138.45,144.95,138.35,144.95,0,0
NIFTY,26AUG21,16600,PE,2021-08-23,12:36:59,146.0,152.85,146.0,150.6,0,0
NIFTY,26AUG21,16600,PE,2021-08-23,12:37:59,150.8,151.05,145.75,147.75,0,0
NIFTY,26AUG21,16600,PE,2021-08-23,12:38:59,148.1,151.1,147.85,150.65,0,0
NIFTY,26AUG21,16600,PE,2021-08-23,12:39:59,150.7,150.95,146.25,147.75,0,0
NIFTY,26AUG21,16600,PE,2021-08-23,12:40:59,147.0,147.6,140.7,142.0,0,0
NIFTY,26AUG21,16600,PE,2021-08-23,12:41:59,142.25,145.9,141.3,142.75,0,0
NIFTY,26AUG21,16600,PE,2021-08-23,12:42:59,142.55,149.4,141.55,149.4,0,0
NIFTY,26AUG21,16600,PE,2021-08-23,12:43:59,149.95,158.65,149.75,158.4,0,0
NIFTY,26AUG21,16600,PE,2021-08-23,12:44:59,158.35,159.2,154.45,158.5,0,0
NIFTY,26AUG21,16600,PE,2021-08-23,12:45:59,159.0,164.45,158.55,162.05,0,0
NIFTY,26AUG21,16600,PE,2021-08-23,12:46:59,162.7,163.0,155.15,155.75,0,0
NIFTY,26AUG21,16600,PE,2021-08-23,12:47:59,155.5,155.5,151.2,153.25,0,0
NIFTY,26AUG21,16600,PE,2021-08-23,12:48:59,153.85,154.9,149.15,150.25,0,0
NIFTY,26AUG21,16600,PE,2021-08-23,12:49:59,149.7,154.35,149.7,151.7,0,0
NIFTY,26AUG21,16600,PE,2021-08-23,12:50:59,151.9,152.1,147.45,148.7,0,0
NIFTY,26AUG21,16600,PE,2021-08-23,12:51:59,149.25,151.7,149.1,149.45,0,0
NIFTY,26AUG21,16600,PE,2021-08-23,12:52:59,150.0,153.25,147.15,153.15,0,0
NIFTY,26AUG21,16600,PE,2021-08-23,12:53:59,153.5,166.95,152.0,161.35,0,0
NIFTY,26AUG21,16600,PE,2021-08-23,12:54:59,161.7,163.35,157.45,160.5,0,0
NIFTY,26AUG21,16600,PE,2021-08-23,12:55:59,159.6,162.45,157.85,161.05,0,0
NIFTY,26AUG21,16600,PE,2021-08-23,12:56:59,161.15,164.5,154.4,155.4,0,0
NIFTY,26AUG21,16600,PE,2021-08-23,12:57:59,156.0,159.75,153.1,157.65,0,0
NIFTY,26AUG21,16600,PE,2021-08-23,12:58:59,158.0,159.45,156.6,157.45,0,0
NIFTY,26AUG21,16600,PE,2021-08-23,12:59:59,158.0,158.0,149.75,152.75,0,0
NIFTY,26AUG21,16600,PE,2021-08-23,13:00:59,154.4,156.35,148.55,149.65,0,0
NIFTY,26AUG21,16600,PE,2021-08-23,13:01:59,151.1,156.7,151.1,156.6,0,0
NIFTY,26AUG21,16600,PE,2021-08-23,13:02:59,157.0,158.75,152.3,152.95,0,0
NIFTY,26AUG21,16600,PE,2021-08-23,13:03:59,152.2,156.1,151.65,155.65,0,0
NIFTY,26AUG21,16600,PE,2021-08-23,13:04:59,156.45,157.0,150.0,151.0,0,0
NIFTY,26AUG21,16600,PE,2021-08-23,13:05:59,151.15,155.0,148.95,153.45,0,0
NIFTY,26AUG21,16600,PE,2021-08-23,13:06:59,154.0,154.1,147.95,152.2,0,0
NIFTY,26AUG21,16600,PE,2021-08-23,13:07:59,152.2,155.7,150.0,154.85,0,0
NIFTY,26AUG21,16600,PE,2021-08-23,13:08:59,155.5,160.0,155.15,156.45,0,0
NIFTY,26AUG21,16600,PE,2021-08-23,13:09:59,158.0,158.0,150.7,151.75,0,0
NIFTY,26AUG21,16600,PE,2021-08-23,13:10:59,151.25,152.25,149.05,150.55,0,0
NIFTY,26AUG21,16600,PE,2021-08-23,13:11:59,151.85,153.0,145.55,146.35,0,0
NIFTY,26AUG21,16600,PE,2021-08-23,13:12:59,143.95,146.05,142.8,142.8,0,0
NIFTY,26AUG21,16600,PE,2021-08-23,13:13:59,142.45,147.6,141.35,147.6,0,0
NIFTY,26AUG21,16600,PE,2021-08-23,13:14:59,147.1,147.55,144.3,146.0,0,0
NIFTY,26AUG21,16600,PE,2021-08-23,13:15:59,144.9,147.75,141.15,141.55,0,0
NIFTY,26AUG21,16600,PE,2021-08-23,13:16:59,139.55,143.85,138.65,141.9,0,0
NIFTY,26AUG21,16600,PE,2021-08-23,13:17:59,141.95,145.2,140.35,144.2,0,0
NIFTY,26AUG21,16600,PE,2021-08-23,13:18:59,143.9,145.35,142.7,143.5,0,0
NIFTY,26AUG21,16600,PE,2021-08-23,13:19:59,143.45,143.45,138.35,139.45,0,0
NIFTY,26AUG21,16600,PE,2021-08-23,13:20:59,139.95,141.8,138.45,138.5,0,0
NIFTY,26AUG21,16600,PE,2021-08-23,13:21:59,138.45,140.1,135.85,139.3,0,0
NIFTY,26AUG21,16600,PE,2021-08-23,13:22:59,138.7,143.0,137.0,143.0,0,0
NIFTY,26AUG21,16600,PE,2021-08-23,13:23:59,143.4,145.3,141.4,142.25,0,0
NIFTY,26AUG21,16600,PE,2021-08-23,13:24:59,142.25,142.3,137.25,139.9,0,0
NIFTY,26AUG21,16600,PE,2021-08-23,13:25:59,139.65,142.85,138.8,140.85,0,0
NIFTY,26AUG21,16600,PE,2021-08-23,13:26:59,141.0,144.5,139.5,144.5,0,0
NIFTY,26AUG21,16600,PE,2021-08-23,13:27:59,144.85,145.95,142.3,144.4,0,0
NIFTY,26AUG21,16600,PE,2021-08-23,13:28:59,144.45,144.45,139.15,139.15,0,0
NIFTY,26AUG21,16600,PE,2021-08-23,13:29:59,139.85,140.6,137.2,139.2,0,0
NIFTY,26AUG21,16600,PE,2021-08-23,13:30:59,139.3,143.95,139.3,142.0,0,0
NIFTY,26AUG21,16600,PE,2021-08-23,13:31:59,141.4,146.9,141.0,145.85,0,0
NIFTY,26AUG21,16600,PE,2021-08-23,13:32:59,146.15,146.15,141.65,144.5,0,0
NIFTY,26AUG21,16600,PE,2021-08-23,13:33:59,144.25,145.8,143.2,144.25,0,0
NIFTY,26AUG21,16600,PE,2021-08-23,13:34:59,144.0,144.8,140.45,140.45,0,0
NIFTY,26AUG21,16600,PE,2021-08-23,13:35:59,141.0,141.0,137.5,138.2,0,0
NIFTY,26AUG21,16600,PE,2021-08-23,13:36:59,138.0,138.15,135.4,136.5,0,0
NIFTY,26AUG21,16600,PE,2021-08-23,13:37:59,136.05,136.05,132.5,134.55,0,0
NIFTY,26AUG21,16600,PE,2021-08-23,13:38:59,134.75,134.75,127.9,132.5,0,0
NIFTY,26AUG21,16600,PE,2021-08-23,13:39:59,132.8,135.2,132.8,133.05,0,0
NIFTY,26AUG21,16600,PE,2021-08-23,13:40:59,132.15,132.35,122.65,125.55,0,0
NIFTY,26AUG21,16600,PE,2021-08-23,13:41:59,125.1,130.8,125.1,129.0,0,0
NIFTY,26AUG21,16600,PE,2021-08-23,13:42:59,129.15,133.15,128.3,133.15,0,0
NIFTY,26AUG21,16600,PE,2021-08-23,13:43:59,132.6,133.55,131.5,131.65,0,0
NIFTY,26AUG21,16600,PE,2021-08-23,13:44:59,132.1,133.35,125.0,126.7,0,0
NIFTY,26AUG21,16600,PE,2021-08-23,13:45:59,125.85,125.85,121.3,125.55,0,0
NIFTY,26AUG21,16600,PE,2021-08-23,13:46:59,125.0,125.8,122.05,122.8,0,0
NIFTY,26AUG21,16600,PE,2021-08-23,13:47:59,122.4,124.9,120.25,124.45,0,0
NIFTY,26AUG21,16600,PE,2021-08-23,13:48:59,124.55,126.65,121.3,126.65,0,0
NIFTY,26AUG21,16600,PE,2021-08-23,13:49:59,127.3,129.95,126.15,129.95,0,0
NIFTY,26AUG21,16600,PE,2021-08-23,13:50:59,128.95,128.95,125.45,128.15,0,0
NIFTY,26AUG21,16600,PE,2021-08-23,13:51:59,128.5,129.35,125.15,126.5,0,0
NIFTY,26AUG21,16600,PE,2021-08-23,13:52:59,126.95,132.25,126.65,132.0,0,0
NIFTY,26AUG21,16600,PE,2021-08-23,13:53:59,132.05,133.55,128.85,131.05,0,0
NIFTY,26AUG21,16600,PE,2021-08-23,13:54:59,130.8,131.4,128.05,131.25,0,0
NIFTY,26AUG21,16600,PE,2021-08-23,13:55:59,131.55,134.05,130.35,133.35,0,0
NIFTY,26AUG21,16600,PE,2021-08-23,13:56:59,133.6,136.5,133.6,134.6,0,0
NIFTY,26AUG21,16600,PE,2021-08-23,13:57:59,134.55,134.55,129.7,130.75,0,0
NIFTY,26AUG21,16600,PE,2021-08-23,13:58:59,131.0,131.0,125.55,129.15,0,0
NIFTY,26AUG21,16600,PE,2021-08-23,13:59:59,129.0,129.4,125.25,126.8,0,0
NIFTY,26AUG21,16600,PE,2021-08-23,14:00:59,127.05,128.05,123.65,127.25,0,0
NIFTY,26AUG21,16600,PE,2021-08-23,14:01:59,127.85,130.65,126.95,129.8,0,0
NIFTY,26AUG21,16600,PE,2021-08-23,14:02:59,129.1,129.2,125.35,126.85,0,0
NIFTY,26AUG21,16600,PE,2021-08-23,14:03:59,126.9,128.45,124.25,128.45,0,0
NIFTY,26AUG21,16600,PE,2021-08-23,14:04:59,128.15,128.15,124.7,126.4,0,0
NIFTY,26AUG21,16600,PE,2021-08-23,14:05:59,126.65,126.65,123.9,125.6,0,0
NIFTY,26AUG21,16600,PE,2021-08-23,14:06:59,125.7,129.15,125.4,127.4,0,0
NIFTY,26AUG21,16600,PE,2021-08-23,14:07:59,127.45,132.9,126.5,132.9,0,0
NIFTY,26AUG21,16600,PE,2021-08-23,14:08:59,132.55,132.8,126.55,126.55,0,0
NIFTY,26AUG21,16600,PE,2021-08-23,14:09:59,126.9,126.9,123.85,125.1,0,0
NIFTY,26AUG21,16600,PE,2021-08-23,14:10:59,125.35,126.3,122.8,123.7,0,0
NIFTY,26AUG21,16600,PE,2021-08-23,14:11:59,123.65,124.0,117.25,118.45,0,0
NIFTY,26AUG21,16600,PE,2021-08-23,14:12:59,117.3,118.35,112.05,114.3,0,0
NIFTY,26AUG21,16600,PE,2021-08-23,14:13:59,114.6,117.45,113.7,117.45,0,0
NIFTY,26AUG21,16600,PE,2021-08-23,14:14:59,117.3,119.6,116.0,119.2,0,0
NIFTY,26AUG21,16600,PE,2021-08-23,14:15:59,118.8,122.45,118.75,122.4,0,0
NIFTY,26AUG21,16600,PE,2021-08-23,14:16:59,122.35,127.5,120.6,126.9,0,0
NIFTY,26AUG21,16600,PE,2021-08-23,14:17:59,127.0,127.1,120.5,123.85,0,0
NIFTY,26AUG21,16600,PE,2021-08-23,14:18:59,123.0,125.15,122.25,124.5,0,0
NIFTY,26AUG21,16600,PE,2021-08-23,14:19:59,125.0,125.2,123.55,124.2,0,0
NIFTY,26AUG21,16600,PE,2021-08-23,14:20:59,124.7,128.95,124.1,125.3,0,0
NIFTY,26AUG21,16600,PE,2021-08-23,14:21:59,125.0,125.0,119.65,122.6,0,0
NIFTY,26AUG21,16600,PE,2021-08-23,14:22:59,123.0,127.0,123.0,126.45,0,0
NIFTY,26AUG21,16600,PE,2021-08-23,14:23:59,126.3,129.95,125.55,128.15,0,0
NIFTY,26AUG21,16600,PE,2021-08-23,14:24:59,128.7,134.6,128.7,131.25,0,0
NIFTY,26AUG21,16600,PE,2021-08-23,14:25:59,132.3,133.65,124.95,126.8,0,0
NIFTY,26AUG21,16600,PE,2021-08-23,14:26:59,125.4,126.9,122.75,126.9,0,0
NIFTY,26AUG21,16600,PE,2021-08-23,14:27:59,126.85,127.75,124.35,124.35,0,0
NIFTY,26AUG21,16600,PE,2021-08-23,14:28:59,124.7,129.2,124.1,126.15,0,0
NIFTY,26AUG21,16600,PE,2021-08-23,14:29:59,126.1,126.45,123.3,125.25,0,0
NIFTY,26AUG21,16600,PE,2021-08-23,14:30:59,125.4,125.4,121.3,122.8,0,0
NIFTY,26AUG21,16600,PE,2021-08-23,14:31:59,123.55,126.55,122.7,125.35,0,0
NIFTY,26AUG21,16600,PE,2021-08-23,14:32:59,125.65,128.0,124.0,127.9,0,0
NIFTY,26AUG21,16600,PE,2021-08-23,14:33:59,127.6,130.05,127.1,129.05,0,0
NIFTY,26AUG21,16600,PE,2021-08-23,14:34:59,129.2,133.05,129.1,132.3,0,0
NIFTY,26AUG21,16600,PE,2021-08-23,14:35:59,132.3,132.6,125.05,128.35,0,0
NIFTY,26AUG21,16600,PE,2021-08-23,14:36:59,128.35,129.3,126.05,127.0,0,0
NIFTY,26AUG21,16600,PE,2021-08-23,14:37:59,126.4,138.1,126.4,137.25,0,0
NIFTY,26AUG21,16600,PE,2021-08-23,14:38:59,138.15,147.9,138.15,143.45,0,0
NIFTY,26AUG21,16600,PE,2021-08-23,14:39:59,141.05,142.8,131.1,132.55,0,0
NIFTY,26AUG21,16600,PE,2021-08-23,14:40:59,132.4,133.25,125.4,125.55,0,0
NIFTY,26AUG21,16600,PE,2021-08-23,14:41:59,125.55,129.75,124.25,126.75,0,0
NIFTY,26AUG21,16600,PE,2021-08-23,14:42:59,126.55,128.35,122.15,124.55,0,0
NIFTY,26AUG21,16600,PE,2021-08-23,14:43:59,124.2,126.45,123.45,124.7,0,0
NIFTY,26AUG21,16600,PE,2021-08-23,14:44:59,124.95,126.85,124.5,124.85,0,0
NIFTY,26AUG21,16600,PE,2021-08-23,14:45:59,124.4,129.35,123.25,128.0,0,0
NIFTY,26AUG21,16600,PE,2021-08-23,14:46:59,128.3,129.1,124.05,126.8,0,0
NIFTY,26AUG21,16600,PE,2021-08-23,14:47:59,127.0,127.4,123.05,125.3,0,0
NIFTY,26AUG21,16600,PE,2021-08-23,14:48:59,124.65,125.9,121.95,125.9,0,0
NIFTY,26AUG21,16600,PE,2021-08-23,14:49:59,125.55,130.7,124.6,130.7,0,0
NIFTY,26AUG21,16600,PE,2021-08-23,14:50:59,130.95,133.25,126.65,131.95,0,0
NIFTY,26AUG21,16600,PE,2021-08-23,14:51:59,131.0,137.6,130.05,133.4,0,0
NIFTY,26AUG21,16600,PE,2021-08-23,14:52:59,134.75,137.75,133.05,136.35,0,0
NIFTY,26AUG21,16600,PE,2021-08-23,14:53:59,136.15,141.9,136.15,140.75,0,0
NIFTY,26AUG21,16600,PE,2021-08-23,14:54:59,139.95,145.6,139.95,143.3,0,0
NIFTY,26AUG21,16600,PE,2021-08-23,14:55:59,143.6,150.65,142.95,145.4,0,0
NIFTY,26AUG21,16600,PE,2021-08-23,14:56:59,144.0,144.9,137.8,144.05,0,0
NIFTY,26AUG21,16600,PE,2021-08-23,14:57:59,143.55,143.55,138.05,140.85,0,0
NIFTY,26AUG21,16600,PE,2021-08-23,14:58:59,140.75,141.2,138.85,140.45,0,0
NIFTY,26AUG21,16600,PE,2021-08-23,14:59:59,139.8,144.0,138.6,140.8,0,0
NIFTY,26AUG21,16600,PE,2021-08-23,15:00:59,140.7,141.25,126.1,129.15,0,0
NIFTY,26AUG21,16600,PE,2021-08-23,15:01:59,127.9,130.9,127.9,129.8,0,0
NIFTY,26AUG21,16600,PE,2021-08-23,15:02:59,129.95,134.4,129.95,133.0,0,0
NIFTY,26AUG21,16600,PE,2021-08-23,15:03:59,132.95,136.9,129.9,136.9,0,0
NIFTY,26AUG21,16600,PE,2021-08-23,15:04:59,136.8,141.3,134.25,134.25,0,0
NIFTY,26AUG21,16600,PE,2021-08-23,15:05:59,135.25,141.15,135.05,135.9,0,0
NIFTY,26AUG21,16600,PE,2021-08-23,15:06:59,136.75,139.8,133.5,135.7,0,0
NIFTY,26AUG21,16600,PE,2021-08-23,15:07:59,135.4,137.6,133.55,136.3,0,0
NIFTY,26AUG21,16600,PE,2021-08-23,15:08:59,136.45,139.3,134.9,137.8,0,0
NIFTY,26AUG21,16600,PE,2021-08-23,15:09:59,137.6,137.6,133.1,134.9,0,0
NIFTY,26AUG21,16600,PE,2021-08-23,15:10:59,134.8,134.8,130.05,134.0,0,0
NIFTY,26AUG21,16600,PE,2021-08-23,15:11:59,134.5,136.5,132.65,133.95,0,0
NIFTY,26AUG21,16600,PE,2021-08-23,15:12:59,134.75,137.0,131.2,135.8,0,0
NIFTY,26AUG21,16600,PE,2021-08-23,15:13:59,135.6,139.0,135.25,139.0,0,0
NIFTY,26AUG21,16600,PE,2021-08-23,15:14:59,139.05,140.0,136.55,137.55,0,0
NIFTY,26AUG21,16600,PE,2021-08-23,15:15:59,138.0,140.7,136.75,140.7,0,0
NIFTY,26AUG21,16600,PE,2021-08-23,15:16:59,140.55,141.15,138.55,140.55,0,0
NIFTY,26AUG21,16600,PE,2021-08-23,15:17:59,141.1,141.65,139.0,140.1,0,0
NIFTY,26AUG21,16600,PE,2021-08-23,15:18:59,139.8,144.25,139.2,144.25,0,0
NIFTY,26AUG21,16600,PE,2021-08-23,15:19:59,144.15,144.75,141.05,141.9,0,0
NIFTY,26AUG21,16600,PE,2021-08-23,15:20:59,142.55,143.75,139.25,141.0,0,0
NIFTY,26AUG21,16600,PE,2021-08-23,15:21:59,141.25,144.95,138.7,144.55,0,0
NIFTY,26AUG21,16600,PE,2021-08-23,15:22:59,143.8,144.45,142.5,143.95,0,0
NIFTY,26AUG21,16600,PE,2021-08-23,15:23:59,144.0,144.15,142.2,144.0,0,0
NIFTY,26AUG21,16600,PE,2021-08-23,15:24:59,144.35,144.9,143.0,144.6,0,0
NIFTY,26AUG21,16600,PE,2021-08-23,15:25:59,144.6,144.65,142.15,143.3,0,0
NIFTY,26AUG21,16600,PE,2021-08-23,15:26:59,142.8,143.15,140.65,141.15,0,0
NIFTY,26AUG21,16600,PE,2021-08-23,15:27:59,141.45,142.0,140.95,141.0,0,0
NIFTY,26AUG21,16600,PE,2021-08-23,15:28:59,141.0,141.1,139.4,139.65,0,0
NIFTY,26AUG21,16600,PE,2021-08-23,15:29:59,140.0,141.9,139.45,140.0,0,0
NIFTY,26AUG21,16600,PE,2021-08-24,09:15:59,109.9,109.9,89.8,101.55,0,0
NIFTY,26AUG21,16600,PE,2021-08-24,09:16:59,100.45,109.45,93.6,109.45,0,0
NIFTY,26AUG21,16600,PE,2021-08-24,09:17:59,108.95,117.6,104.5,111.75,0,0
NIFTY,26AUG21,16600,PE,2021-08-24,09:18:59,111.6,111.75,106.7,110.3,0,0
NIFTY,26AUG21,16600,PE,2021-08-24,09:19:59,110.0,114.45,107.75,112.85,0,0
NIFTY,26AUG21,16600,PE,2021-08-24,09:20:59,111.75,118.5,110.25,115.7,0,0
NIFTY,26AUG21,16600,PE,2021-08-24,09:21:59,115.6,127.05,114.9,121.65,0,0
NIFTY,26AUG21,16600,PE,2021-08-24,09:22:59,121.9,121.9,110.05,111.1,0,0
NIFTY,26AUG21,16600,PE,2021-08-24,09:23:59,111.65,114.2,109.8,111.35,0,0
NIFTY,26AUG21,16600,PE,2021-08-24,09:24:59,111.9,112.15,108.4,112.1,0,0
NIFTY,26AUG21,16600,PE,2021-08-24,09:25:59,111.8,116.4,108.6,109.0,0,0
NIFTY,26AUG21,16600,PE,2021-08-24,09:26:59,110.3,110.3,105.7,108.9,0,0
NIFTY,26AUG21,16600,PE,2021-08-24,09:27:59,107.5,110.2,103.6,103.6,0,0
NIFTY,26AUG21,16600,PE,2021-08-24,09:28:59,104.3,106.15,101.65,103.5,0,0
NIFTY,26AUG21,16600,PE,2021-08-24,09:29:59,103.8,105.3,100.2,103.1,0,0
NIFTY,26AUG21,16600,PE,2021-08-24,09:30:59,103.0,103.0,98.55,98.55,0,0
NIFTY,26AUG21,16600,PE,2021-08-24,09:31:59,98.55,103.6,98.55,103.6,0,0
NIFTY,26AUG21,16600,PE,2021-08-24,09:32:59,103.6,104.0,99.55,100.3,0,0
NIFTY,26AUG21,16600,PE,2021-08-24,09:33:59,100.3,103.2,99.75,102.15,0,0
NIFTY,26AUG21,16600,PE,2021-08-24,09:34:59,101.75,103.35,100.0,101.0,0,0
NIFTY,26AUG21,16600,PE,2021-08-24,09:35:59,100.0,104.35,100.0,102.55,0,0
NIFTY,26AUG21,16600,PE,2021-08-24,09:36:59,103.0,108.4,101.8,105.9,0,0
NIFTY,26AUG21,16600,PE,2021-08-24,09:37:59,105.9,109.45,104.65,105.2,0,0
NIFTY,26AUG21,16600,PE,2021-08-24,09:38:59,105.8,108.55,105.7,106.5,0,0
NIFTY,26AUG21,16600,PE,2021-08-24,09:39:59,106.2,106.2,103.0,104.05,0,0
NIFTY,26AUG21,16600,PE,2021-08-24,09:40:59,104.6,107.55,102.55,106.0,0,0
NIFTY,26AUG21,16600,PE,2021-08-24,09:41:59,105.8,107.15,103.5,105.45,0,0
NIFTY,26AUG21,16600,PE,2021-08-24,09:42:59,105.4,106.45,103.5,105.1,0,0
NIFTY,26AUG21,16600,PE,2021-08-24,09:43:59,105.3,107.5,105.3,106.95,0,0
NIFTY,26AUG21,16600,PE,2021-08-24,09:44:59,107.0,110.0,107.0,107.75,0,0
NIFTY,26AUG21,16600,PE,2021-08-24,09:45:59,107.6,108.0,100.0,101.95,0,0
NIFTY,26AUG21,16600,PE,2021-08-24,09:46:59,101.95,105.45,101.95,104.6,0,0
NIFTY,26AUG21,16600,PE,2021-08-24,09:47:59,105.35,107.65,103.15,103.45,0,0
NIFTY,26AUG21,16600,PE,2021-08-24,09:48:59,103.05,104.75,101.55,104.4,0,0
NIFTY,26AUG21,16600,PE,2021-08-24,09:49:59,104.2,106.6,102.15,105.7,0,0
NIFTY,26AUG21,16600,PE,2021-08-24,09:50:59,105.65,109.6,104.1,107.35,0,0
NIFTY,26AUG21,16600,PE,2021-08-24,09:51:59,107.45,113.8,106.15,112.9,0,0
NIFTY,26AUG21,16600,PE,2021-08-24,09:52:59,112.85,118.9,112.15,118.55,0,0
NIFTY,26AUG21,16600,PE,2021-08-24,09:53:59,118.7,124.5,116.2,123.3,0,0
NIFTY,26AUG21,16600,PE,2021-08-24,09:54:59,122.45,123.7,118.7,123.1,0,0
NIFTY,26AUG21,16600,PE,2021-08-24,09:55:59,123.5,130.7,121.35,122.75,0,0
NIFTY,26AUG21,16600,PE,2021-08-24,09:56:59,123.25,125.35,119.15,125.35,0,0
NIFTY,26AUG21,16600,PE,2021-08-24,09:57:59,125.75,127.25,122.7,123.5,0,0
NIFTY,26AUG21,16600,PE,2021-08-24,09:58:59,123.25,123.25,119.15,122.7,0,0
NIFTY,26AUG21,16600,PE,2021-08-24,09:59:59,122.7,122.75,117.1,117.1,0,0
NIFTY,26AUG21,16600,PE,2021-08-24,10:00:59,116.3,118.15,114.4,115.3,0,0
NIFTY,26AUG21,16600,PE,2021-08-24,10:01:59,115.55,117.35,114.0,116.4,0,0
NIFTY,26AUG21,16600,PE,2021-08-24,10:02:59,116.0,121.85,115.7,120.4,0,0
NIFTY,26AUG21,16600,PE,2021-08-24,10:03:59,120.75,126.6,120.1,124.4,0,0
NIFTY,26AUG21,16600,PE,2021-08-24,10:04:59,124.2,124.55,121.2,123.85,0,0
NIFTY,26AUG21,16600,PE,2021-08-24,10:05:59,124.4,124.75,119.0,124.35,0,0
NIFTY,26AUG21,16600,PE,2021-08-24,10:06:59,125.05,132.5,124.95,127.3,0,0
NIFTY,26AUG21,16600,PE,2021-08-24,10:07:59,127.4,127.65,123.0,125.2,0,0
NIFTY,26AUG21,16600,PE,2021-08-24,10:08:59,125.5,127.95,123.85,123.85,0,0
NIFTY,26AUG21,16600,PE,2021-08-24,10:09:59,124.1,128.25,123.8,126.8,0,0
NIFTY,26AUG21,16600,PE,2021-08-24,10:10:59,127.2,127.2,118.6,118.6,0,0
NIFTY,26AUG21,16600,PE,2021-08-24,10:11:59,118.4,123.55,118.4,120.65,0,0
NIFTY,26AUG21,16600,PE,2021-08-24,10:12:59,120.5,121.2,118.15,119.95,0,0
NIFTY,26AUG21,16600,PE,2021-08-24,10:13:59,119.9,120.35,115.75,115.75,0,0
NIFTY,26AUG21,16600,PE,2021-08-24,10:14:59,115.75,120.25,115.75,119.3,0,0
NIFTY,26AUG21,16600,PE,2021-08-24,10:15:59,119.25,119.25,109.9,109.9,0,0
NIFTY,26AUG21,16600,PE,2021-08-24,10:16:59,109.6,110.2,107.05,108.2,0,0
NIFTY,26AUG21,16600,PE,2021-08-24,10:17:59,107.65,107.65,103.65,106.3,0,0
NIFTY,26AUG21,16600,PE,2021-08-24,10:18:59,105.95,105.95,101.15,101.8,0,0
NIFTY,26AUG21,16600,PE,2021-08-24,10:19:59,102.35,104.5,100.95,104.0,0,0
NIFTY,26AUG21,16600,PE,2021-08-24,10:20:59,103.15,103.15,98.75,100.1,0,0
NIFTY,26AUG21,16600,PE,2021-08-24,10:21:59,100.3,103.3,100.0,102.95,0,0
NIFTY,26AUG21,16600,PE,2021-08-24,10:22:59,103.0,103.35,101.05,102.5,0,0
NIFTY,26AUG21,16600,PE,2021-08-24,10:23:59,102.2,104.7,101.5,104.15,0,0
NIFTY,26AUG21,16600,PE,2021-08-24,10:24:59,104.05,105.4,102.5,102.65,0,0
NIFTY,26AUG21,16600,PE,2021-08-24,10:25:59,102.5,103.35,101.5,101.75,0,0
NIFTY,26AUG21,16600,PE,2021-08-24,10:26:59,101.3,102.2,100.25,101.45,0,0
NIFTY,26AUG21,16600,PE,2021-08-24,10:27:59,101.3,103.75,100.8,103.65,0,0
NIFTY,26AUG21,16600,PE,2021-08-24,10:28:59,104.05,106.85,103.35,105.55,0,0
NIFTY,26AUG21,16600,PE,2021-08-24,10:29:59,105.3,106.15,103.05,103.05,0,0
NIFTY,26AUG21,16600,PE,2021-08-24,10:30:59,102.55,104.0,102.5,103.6,0,0
NIFTY,26AUG21,16600,PE,2021-08-24,10:31:59,103.35,104.5,101.05,104.5,0,0
NIFTY,26AUG21,16600,PE,2021-08-24,10:32:59,104.45,104.45,102.75,104.4,0,0
NIFTY,26AUG21,16600,PE,2021-08-24,10:33:59,104.15,104.25,101.0,101.7,0,0
NIFTY,26AUG21,16600,PE,2021-08-24,10:34:59,101.6,102.2,99.0,101.35,0,0
NIFTY,26AUG21,16600,PE,2021-08-24,10:35:59,100.95,101.55,97.55,99.15,0,0
NIFTY,26AUG21,16600,PE,2021-08-24,10:36:59,99.05,101.3,98.6,101.3,0,0
NIFTY,26AUG21,16600,PE,2021-08-24,10:37:59,101.0,102.15,100.45,101.45,0,0
NIFTY,26AUG21,16600,PE,2021-08-24,10:38:59,101.55,102.9,101.1,101.55,0,0
NIFTY,26AUG21,16600,PE,2021-08-24,10:39:59,101.65,102.35,101.05,101.35,0,0
NIFTY,26AUG21,16600,PE,2021-08-24,10:40:59,101.45,103.75,101.0,103.35,0,0
NIFTY,26AUG21,16600,PE,2021-08-24,10:41:59,103.7,104.45,102.25,104.45,0,0
NIFTY,26AUG21,16600,PE,2021-08-24,10:42:59,104.55,104.95,101.65,102.55,0,0
NIFTY,26AUG21,16600,PE,2021-08-24,10:43:59,102.2,104.95,102.2,104.2,0,0
NIFTY,26AUG21,16600,PE,2021-08-24,10:44:59,103.9,105.05,102.7,103.9,0,0
NIFTY,26AUG21,16600,PE,2021-08-24,10:45:59,104.0,104.0,101.75,103.8,0,0
NIFTY,26AUG21,16600,PE,2021-08-24,10:46:59,104.15,107.7,104.0,107.7,0,0
NIFTY,26AUG21,16600,PE,2021-08-24,10:47:59,108.0,108.0,105.9,106.55,0,0
NIFTY,26AUG21,16600,PE,2021-08-24,10:48:59,106.65,109.3,106.65,108.95,0,0
NIFTY,26AUG21,16600,PE,2021-08-24,10:49:59,108.55,111.75,108.55,108.8,0,0
NIFTY,26AUG21,16600,PE,2021-08-24,10:50:59,108.45,111.0,106.55,106.85,0,0
NIFTY,26AUG21,16600,PE,2021-08-24,10:51:59,107.0,108.6,106.1,106.25,0,0
NIFTY,26AUG21,16600,PE,2021-08-24,10:52:59,106.3,107.1,103.75,105.05,0,0
NIFTY,26AUG21,16600,PE,2021-08-24,10:53:59,105.2,105.65,103.65,103.7,0,0
NIFTY,26AUG21,16600,PE,2021-08-24,10:54:59,104.0,104.65,102.3,102.3,0,0
NIFTY,26AUG21,16600,PE,2021-08-24,10:55:59,102.15,103.65,101.6,103.35,0,0
NIFTY,26AUG21,16600,PE,2021-08-24,10:56:59,103.5,104.3,102.55,103.35,0,0
NIFTY,26AUG21,16600,PE,2021-08-24,10:57:59,103.4,106.0,103.4,105.05,0,0
NIFTY,26AUG21,16600,PE,2021-08-24,10:58:59,105.75,106.6,103.7,104.55,0,0
NIFTY,26AUG21,16600,PE,2021-08-24,10:59:59,104.15,104.15,102.25,102.55,0,0
NIFTY,26AUG21,16600,PE,2021-08-24,11:00:59,103.2,103.2,101.35,101.5,0,0
NIFTY,26AUG21,16600,PE,2021-08-24,11:01:59,101.6,104.15,101.6,102.95,0,0
NIFTY,26AUG21,16600,PE,2021-08-24,11:02:59,102.55,104.2,102.55,104.2,0,0
NIFTY,26AUG21,16600,PE,2021-08-24,11:03:59,104.2,104.75,102.4,102.9,0,0
NIFTY,26AUG21,16600,PE,2021-08-24,11:04:59,103.05,103.3,100.35,101.4,0,0
NIFTY,26AUG21,16600,PE,2021-08-24,11:05:59,100.75,103.65,100.0,101.1,0,0
NIFTY,26AUG21,16600,PE,2021-08-24,11:06:59,101.45,103.1,100.05,100.9,0,0
NIFTY,26AUG21,16600,PE,2021-08-24,11:07:59,100.95,102.75,100.95,101.2,0,0
NIFTY,26AUG21,16600,PE,2021-08-24,11:08:59,101.3,102.9,100.45,102.4,0,0
NIFTY,26AUG21,16600,PE,2021-08-24,11:09:59,102.6,102.95,101.65,102.95,0,0
NIFTY,26AUG21,16600,PE,2021-08-24,11:10:59,102.8,104.7,102.5,104.45,0,0
NIFTY,26AUG21,16600,PE,2021-08-24,11:11:59,104.45,104.45,102.0,103.2,0,0
NIFTY,26AUG21,16600,PE,2021-08-24,11:12:59,103.55,104.35,102.0,103.0,0,0
NIFTY,26AUG21,16600,PE,2021-08-24,11:13:59,102.95,104.65,102.4,104.0,0,0
NIFTY,26AUG21,16600,PE,2021-08-24,11:14:59,104.3,104.9,103.35,104.4,0,0
NIFTY,26AUG21,16600,PE,2021-08-24,11:15:59,104.5,106.4,103.6,103.6,0,0
NIFTY,26AUG21,16600,PE,2021-08-24,11:16:59,103.0,103.85,101.2,101.5,0,0
NIFTY,26AUG21,16600,PE,2021-08-24,11:17:59,101.4,103.45,100.65,100.7,0,0
NIFTY,26AUG21,16600,PE,2021-08-24,11:18:59,100.9,101.0,98.85,100.95,0,0
NIFTY,26AUG21,16600,PE,2021-08-24,11:19:59,100.5,101.65,99.4,99.65,0,0
NIFTY,26AUG21,16600,PE,2021-08-24,11:20:59,99.7,100.9,96.3,96.3,0,0
NIFTY,26AUG21,16600,PE,2021-08-24,11:21:59,95.9,97.7,94.3,97.7,0,0
NIFTY,26AUG21,16600,PE,2021-08-24,11:22:59,97.9,99.7,97.9,99.4,0,0
NIFTY,26AUG21,16600,PE,2021-08-24,11:23:59,99.1,99.75,97.35,98.75,0,0
NIFTY,26AUG21,16600,PE,2021-08-24,11:24:59,98.9,98.9,96.4,98.15,0,0
NIFTY,26AUG21,16600,PE,2021-08-24,11:25:59,98.35,98.85,97.4,97.95,0,0
NIFTY,26AUG21,16600,PE,2021-08-24,11:26:59,98.25,99.1,96.0,96.45,0,0
NIFTY,26AUG21,16600,PE,2021-08-24,11:27:59,96.5,98.05,96.45,97.15,0,0
NIFTY,26AUG21,16600,PE,2021-08-24,11:28:59,97.15,97.15,94.1,95.4,0,0
NIFTY,26AUG21,16600,PE,2021-08-24,11:29:59,95.75,96.35,92.0,92.0,0,0
NIFTY,26AUG21,16600,PE,2021-08-24,11:30:59,92.15,94.55,90.7,94.55,0,0
NIFTY,26AUG21,16600,PE,2021-08-24,11:31:59,94.55,94.9,92.55,93.5,0,0
NIFTY,26AUG21,16600,PE,2021-08-24,11:32:59,93.55,95.25,92.3,94.4,0,0
NIFTY,26AUG21,16600,PE,2021-08-24,11:33:59,94.45,96.15,94.3,95.95,0,0
NIFTY,26AUG21,16600,PE,2021-08-24,11:34:59,96.05,96.05,91.85,93.65,0,0
NIFTY,26AUG21,16600,PE,2021-08-24,11:35:59,93.2,94.55,92.35,93.55,0,0
NIFTY,26AUG21,16600,PE,2021-08-24,11:36:59,93.3,94.35,92.0,93.8,0,0
NIFTY,26AUG21,16600,PE,2021-08-24,11:37:59,93.3,93.6,92.35,93.2,0,0
NIFTY,26AUG21,16600,PE,2021-08-24,11:38:59,93.6,96.25,93.6,95.65,0,0
NIFTY,26AUG21,16600,PE,2021-08-24,11:39:59,95.65,96.0,93.95,95.45,0,0
NIFTY,26AUG21,16600,PE,2021-08-24,11:40:59,95.55,96.6,95.0,96.2,0,0
NIFTY,26AUG21,16600,PE,2021-08-24,11:41:59,95.9,96.8,95.8,96.7,0,0
NIFTY,26AUG21,16600,PE,2021-08-24,11:42:59,96.9,99.45,96.7,98.7,0,0
NIFTY,26AUG21,16600,PE,2021-08-24,11:43:59,98.9,99.5,98.15,98.75,0,0
NIFTY,26AUG21,16600,PE,2021-08-24,11:44:59,98.95,99.1,96.25,99.1,0,0
NIFTY,26AUG21,16600,PE,2021-08-24,11:45:59,98.75,99.15,97.25,99.0,0,0
NIFTY,26AUG21,16600,PE,2021-08-24,11:46:59,98.65,98.95,96.5,96.5,0,0
NIFTY,26AUG21,16600,PE,2021-08-24,11:47:59,96.5,97.4,95.25,97.4,0,0
NIFTY,26AUG21,16600,PE,2021-08-24,11:48:59,97.35,98.2,96.7,97.45,0,0
NIFTY,26AUG21,16600,PE,2021-08-24,11:49:59,97.2,99.35,97.2,98.4,0,0
NIFTY,26AUG21,16600,PE,2021-08-24,11:50:59,98.75,99.45,97.35,98.95,0,0
NIFTY,26AUG21,16600,PE,2021-08-24,11:51:59,99.0,101.9,99.0,101.5,0,0
NIFTY,26AUG21,16600,PE,2021-08-24,11:52:59,101.9,102.25,100.0,100.6,0,0
NIFTY,26AUG21,16600,PE,2021-08-24,11:53:59,100.4,100.5,96.45,96.8,0,0
NIFTY,26AUG21,16600,PE,2021-08-24,11:54:59,96.0,98.5,94.7,97.4,0,0
NIFTY,26AUG21,16600,PE,2021-08-24,11:55:59,97.5,98.2,95.6,97.1,0,0
NIFTY,26AUG21,16600,PE,2021-08-24,11:56:59,97.05,98.0,96.45,96.5,0,0
NIFTY,26AUG21,16600,PE,2021-08-24,11:57:59,96.6,97.65,95.6,97.35,0,0
NIFTY,26AUG21,16600,PE,2021-08-24,11:58:59,97.5,98.85,97.25,98.45,0,0
NIFTY,26AUG21,16600,PE,2021-08-24,11:59:59,98.5,98.8,95.8,96.05,0,0
NIFTY,26AUG21,16600,PE,2021-08-24,12:00:59,96.15,98.2,96.1,97.2,0,0
NIFTY,26AUG21,16600,PE,2021-08-24,12:01:59,97.4,97.4,95.1,95.4,0,0
NIFTY,26AUG21,16600,PE,2021-08-24,12:02:59,95.25,96.0,92.6,96.0,0,0
NIFTY,26AUG21,16600,PE,2021-08-24,12:03:59,95.55,95.75,91.15,91.85,0,0
NIFTY,26AUG21,16600,PE,2021-08-24,12:04:59,91.8,93.9,91.8,93.9,0,0
NIFTY,26AUG21,16600,PE,2021-08-24,12:05:59,94.0,95.65,93.75,94.45,0,0
NIFTY,26AUG21,16600,PE,2021-08-24,12:06:59,94.6,94.6,90.3,90.5,0,0
NIFTY,26AUG21,16600,PE,2021-08-24,12:07:59,90.65,91.85,88.4,88.65,0,0
NIFTY,26AUG21,16600,PE,2021-08-24,12:08:59,88.9,90.2,87.1,89.3,0,0
NIFTY,26AUG21,16600,PE,2021-08-24,12:09:59,89.65,89.7,88.15,88.5,0,0
NIFTY,26AUG21,16600,PE,2021-08-24,12:10:59,88.55,90.3,87.15,89.6,0,0
NIFTY,26AUG21,16600,PE,2021-08-24,12:11:59,89.7,89.8,88.45,89.75,0,0
NIFTY,26AUG21,16600,PE,2021-08-24,12:12:59,89.3,90.75,88.4,90.3,0,0
NIFTY,26AUG21,16600,PE,2021-08-24,12:13:59,90.45,91.0,88.5,88.75,0,0
NIFTY,26AUG21,16600,PE,2021-08-24,12:14:59,89.0,89.8,88.4,89.05,0,0
NIFTY,26AUG21,16600,PE,2021-08-24,12:15:59,89.1,89.1,86.05,88.05,0,0
NIFTY,26AUG21,16600,PE,2021-08-24,12:16:59,88.05,90.6,87.7,90.05,0,0
NIFTY,26AUG21,16600,PE,2021-08-24,12:17:59,89.9,90.65,88.15,88.85,0,0
NIFTY,26AUG21,16600,PE,2021-08-24,12:18:59,89.1,89.1,85.55,85.65,0,0
NIFTY,26AUG21,16600,PE,2021-08-24,12:19:59,86.0,86.15,83.1,84.6,0,0
NIFTY,26AUG21,16600,PE,2021-08-24,12:20:59,84.4,84.7,82.55,83.6,0,0
NIFTY,26AUG21,16600,PE,2021-08-24,12:21:59,83.4,83.6,80.7,81.95,0,0
NIFTY,26AUG21,16600,PE,2021-08-24,12:22:59,82.05,82.4,81.3,82.15,0,0
NIFTY,26AUG21,16600,PE,2021-08-24,12:23:59,82.35,83.45,81.5,82.45,0,0
NIFTY,26AUG21,16600,PE,2021-08-24,12:24:59,82.4,83.15,81.35,82.75,0,0
NIFTY,26AUG21,16600,PE,2021-08-24,12:25:59,82.95,83.1,78.1,80.6,0,0
NIFTY,26AUG21,16600,PE,2021-08-24,12:26:59,80.1,80.75,78.0,80.55,0,0
NIFTY,26AUG21,16600,PE,2021-08-24,12:27:59,80.65,81.55,79.3,81.55,0,0
NIFTY,26AUG21,16600,PE,2021-08-24,12:28:59,81.25,82.15,79.95,81.7,0,0
NIFTY,26AUG21,16600,PE,2021-08-24,12:29:59,81.3,84.35,81.1,82.95,0,0
NIFTY,26AUG21,16600,PE,2021-08-24,12:30:59,82.8,84.95,82.7,83.45,0,0
NIFTY,26AUG21,16600,PE,2021-08-24,12:31:59,83.5,84.6,82.6,84.5,0,0
NIFTY,26AUG21,16600,PE,2021-08-24,12:32:59,84.5,84.65,82.8,83.35,0,0
NIFTY,26AUG21,16600,PE,2021-08-24,12:33:59,83.45,84.55,82.3,84.55,0,0
NIFTY,26AUG21,16600,PE,2021-08-24,12:34:59,84.0,84.25,81.6,81.95,0,0
NIFTY,26AUG21,16600,PE,2021-08-24,12:35:59,81.8,81.95,80.25,81.65,0,0
NIFTY,26AUG21,16600,PE,2021-08-24,12:36:59,81.6,81.65,79.15,79.15,0,0
NIFTY,26AUG21,16600,PE,2021-08-24,12:37:59,79.4,79.85,76.4,77.65,0,0
NIFTY,26AUG21,16600,PE,2021-08-24,12:38:59,77.45,78.6,76.8,78.3,0,0
NIFTY,26AUG21,16600,PE,2021-08-24,12:39:59,78.4,78.6,77.25,77.9,0,0
NIFTY,26AUG21,16600,PE,2021-08-24,12:40:59,77.8,77.8,75.8,75.8,0,0
NIFTY,26AUG21,16600,PE,2021-08-24,12:41:59,75.55,78.25,74.65,78.25,0,0
NIFTY,26AUG21,16600,PE,2021-08-24,12:42:59,78.55,78.8,77.0,78.3,0,0
NIFTY,26AUG21,16600,PE,2021-08-24,12:43:59,78.2,79.5,77.65,78.45,0,0
NIFTY,26AUG21,16600,PE,2021-08-24,12:44:59,78.5,80.5,78.5,79.6,0,0
NIFTY,26AUG21,16600,PE,2021-08-24,12:45:59,79.95,79.95,77.95,79.45,0,0
NIFTY,26AUG21,16600,PE,2021-08-24,12:46:59,79.6,81.25,79.45,80.45,0,0
NIFTY,26AUG21,16600,PE,2021-08-24,12:47:59,80.35,81.9,79.9,81.25,0,0
NIFTY,26AUG21,16600,PE,2021-08-24,12:48:59,81.5,82.4,80.6,80.85,0,0
NIFTY,26AUG21,16600,PE,2021-08-24,12:49:59,80.4,80.9,79.15,79.3,0,0
NIFTY,26AUG21,16600,PE,2021-08-24,12:50:59,79.55,79.55,78.1,79.0,0,0
NIFTY,26AUG21,16600,PE,2021-08-24,12:51:59,78.8,79.9,77.95,79.3,0,0
NIFTY,26AUG21,16600,PE,2021-08-24,12:52:59,78.3,78.75,77.15,78.1,0,0
NIFTY,26AUG21,16600,PE,2021-08-24,12:53:59,78.5,79.6,77.6,79.4,0,0
NIFTY,26AUG21,16600,PE,2021-08-24,12:54:59,79.4,79.7,78.4,78.75,0,0
NIFTY,26AUG21,16600,PE,2021-08-24,12:55:59,78.9,79.85,77.0,77.45,0,0
NIFTY,26AUG21,16600,PE,2021-08-24,12:56:59,77.25,78.15,77.0,77.85,0,0
NIFTY,26AUG21,16600,PE,2021-08-24,12:57:59,78.1,78.6,76.45,77.3,0,0
NIFTY,26AUG21,16600,PE,2021-08-24,12:58:59,77.35,78.9,76.15,77.2,0,0
NIFTY,26AUG21,16600,PE,2021-08-24,12:59:59,77.3,78.35,76.9,78.1,0,0
NIFTY,26AUG21,16600,PE,2021-08-24,13:00:59,77.9,78.5,76.0,78.3,0,0
NIFTY,26AUG21,16600,PE,2021-08-24,13:01:59,78.15,79.85,78.05,79.1,0,0
NIFTY,26AUG21,16600,PE,2021-08-24,13:02:59,79.4,81.2,79.25,80.55,0,0
NIFTY,26AUG21,16600,PE,2021-08-24,13:03:59,80.3,80.65,78.25,79.95,0,0
NIFTY,26AUG21,16600,PE,2021-08-24,13:04:59,79.75,80.35,79.0,80.1,0,0
NIFTY,26AUG21,16600,PE,2021-08-24,13:05:59,80.0,81.85,79.05,81.45,0,0
NIFTY,26AUG21,16600,PE,2021-08-24,13:06:59,81.5,83.95,80.9,83.95,0,0
NIFTY,26AUG21,16600,PE,2021-08-24,13:07:59,84.0,84.35,81.7,83.0,0,0
NIFTY,26AUG21,16600,PE,2021-08-24,13:08:59,83.0,83.0,81.15,81.35,0,0
NIFTY,26AUG21,16600,PE,2021-08-24,13:09:59,81.5,82.5,78.85,79.3,0,0
NIFTY,26AUG21,16600,PE,2021-08-24,13:10:59,79.3,81.55,79.2,80.45,0,0
NIFTY,26AUG21,16600,PE,2021-08-24,13:11:59,80.55,82.15,80.15,81.35,0,0
NIFTY,26AUG21,16600,PE,2021-08-24,13:12:59,81.25,81.8,79.8,80.85,0,0
NIFTY,26AUG21,16600,PE,2021-08-24,13:13:59,80.6,83.2,80.6,82.75,0,0
NIFTY,26AUG21,16600,PE,2021-08-24,13:14:59,82.6,83.0,79.75,81.6,0,0
NIFTY,26AUG21,16600,PE,2021-08-24,13:15:59,81.5,84.2,81.5,84.0,0,0
NIFTY,26AUG21,16600,PE,2021-08-24,13:16:59,84.2,84.2,79.5,79.65,0,0
NIFTY,26AUG21,16600,PE,2021-08-24,13:17:59,79.45,80.7,79.0,79.4,0,0
NIFTY,26AUG21,16600,PE,2021-08-24,13:18:59,79.35,80.4,76.55,77.2,0,0
NIFTY,26AUG21,16600,PE,2021-08-24,13:19:59,76.8,76.9,71.2,75.95,0,0
NIFTY,26AUG21,16600,PE,2021-08-24,13:20:59,76.2,76.2,74.3,76.0,0,0
NIFTY,26AUG21,16600,PE,2021-08-24,13:21:59,76.7,76.75,75.3,76.3,0,0
NIFTY,26AUG21,16600,PE,2021-08-24,13:22:59,76.05,76.2,72.0,72.8,0,0
NIFTY,26AUG21,16600,PE,2021-08-24,13:23:59,72.7,74.15,70.2,72.05,0,0
NIFTY,26AUG21,16600,PE,2021-08-24,13:24:59,71.85,74.2,71.85,73.95,0,0
NIFTY,26AUG21,16600,PE,2021-08-24,13:25:59,74.15,74.9,73.1,74.75,0,0
NIFTY,26AUG21,16600,PE,2021-08-24,13:26:59,74.6,74.75,73.8,74.6,0,0
NIFTY,26AUG21,16600,PE,2021-08-24,13:27:59,74.55,76.2,71.4,71.4,0,0
NIFTY,26AUG21,16600,PE,2021-08-24,13:28:59,71.7,72.3,67.5,69.3,0,0
NIFTY,26AUG21,16600,PE,2021-08-24,13:29:59,69.4,69.95,67.0,68.5,0,0
NIFTY,26AUG21,16600,PE,2021-08-24,13:30:59,68.55,68.95,66.4,68.55,0,0
NIFTY,26AUG21,16600,PE,2021-08-24,13:31:59,68.55,69.05,66.95,69.05,0,0
NIFTY,26AUG21,16600,PE,2021-08-24,13:32:59,69.1,69.2,67.9,68.25,0,0
NIFTY,26AUG21,16600,PE,2021-08-24,13:33:59,68.0,68.95,67.75,68.15,0,0
NIFTY,26AUG21,16600,PE,2021-08-24,13:34:59,68.1,69.85,68.0,69.05,0,0
NIFTY,26AUG21,16600,PE,2021-08-24,13:35:59,68.95,69.5,66.15,67.35,0,0
NIFTY,26AUG21,16600,PE,2021-08-24,13:36:59,67.05,67.6,66.15,67.05,0,0
NIFTY,26AUG21,16600,PE,2021-08-24,13:37:59,67.5,67.5,64.2,65.05,0,0
NIFTY,26AUG21,16600,PE,2021-08-24,13:38:59,65.25,65.5,61.65,64.0,0,0
NIFTY,26AUG21,16600,PE,2021-08-24,13:39:59,63.45,63.45,60.85,61.05,0,0
NIFTY,26AUG21,16600,PE,2021-08-24,13:40:59,61.05,63.55,61.05,63.3,0,0
NIFTY,26AUG21,16600,PE,2021-08-24,13:41:59,63.05,65.0,63.0,65.0,0,0
NIFTY,26AUG21,16600,PE,2021-08-24,13:42:59,65.05,65.05,63.2,63.75,0,0
NIFTY,26AUG21,16600,PE,2021-08-24,13:43:59,63.55,63.7,62.45,63.25,0,0
NIFTY,26AUG21,16600,PE,2021-08-24,13:44:59,63.6,65.0,63.5,65.0,0,0
NIFTY,26AUG21,16600,PE,2021-08-24,13:45:59,64.9,67.0,64.45,65.65,0,0
NIFTY,26AUG21,16600,PE,2021-08-24,13:46:59,65.8,67.45,65.8,66.75,0,0
NIFTY,26AUG21,16600,PE,2021-08-24,13:47:59,66.55,67.25,66.1,66.65,0,0
NIFTY,26AUG21,16600,PE,2021-08-24,13:48:59,66.9,67.75,64.95,65.1,0,0
NIFTY,26AUG21,16600,PE,2021-08-24,13:49:59,65.1,65.1,62.8,63.75,0,0
NIFTY,26AUG21,16600,PE,2021-08-24,13:50:59,63.75,64.45,62.55,64.35,0,0
NIFTY,26AUG21,16600,PE,2021-08-24,13:51:59,64.3,64.3,62.5,62.9,0,0
NIFTY,26AUG21,16600,PE,2021-08-24,13:52:59,63.7,64.0,58.4,60.25,0,0
NIFTY,26AUG21,16600,PE,2021-08-24,13:53:59,60.2,60.85,59.6,60.0,0,0
NIFTY,26AUG21,16600,PE,2021-08-24,13:54:59,60.0,60.2,58.1,58.65,0,0
NIFTY,26AUG21,16600,PE,2021-08-24,13:55:59,58.8,60.0,58.3,59.95,0,0
NIFTY,26AUG21,16600,PE,2021-08-24,13:56:59,59.75,60.15,59.0,60.1,0,0
NIFTY,26AUG21,16600,PE,2021-08-24,13:57:59,60.2,60.2,56.05,56.35,0,0
NIFTY,26AUG21,16600,PE,2021-08-24,13:58:59,56.45,57.65,55.3,57.1,0,0
NIFTY,26AUG21,16600,PE,2021-08-24,13:59:59,57.15,57.8,56.8,57.5,0,0
NIFTY,26AUG21,16600,PE,2021-08-24,14:00:59,57.3,57.3,55.55,55.65,0,0
NIFTY,26AUG21,16600,PE,2021-08-24,14:01:59,55.65,56.35,54.35,55.75,0,0
NIFTY,26AUG21,16600,PE,2021-08-24,14:02:59,55.85,55.85,54.65,55.6,0,0
NIFTY,26AUG21,16600,PE,2021-08-24,14:03:59,55.5,56.0,54.8,54.8,0,0
NIFTY,26AUG21,16600,PE,2021-08-24,14:04:59,54.7,55.45,53.7,53.85,0,0
NIFTY,26AUG21,16600,PE,2021-08-24,14:05:59,53.7,54.75,53.0,54.7,0,0
NIFTY,26AUG21,16600,PE,2021-08-24,14:06:59,54.75,56.45,54.65,55.8,0,0
NIFTY,26AUG21,16600,PE,2021-08-24,14:07:59,56.0,56.1,54.3,55.5,0,0
NIFTY,26AUG21,16600,PE,2021-08-24,14:08:59,55.5,56.2,54.75,55.4,0,0
NIFTY,26AUG21,16600,PE,2021-08-24,14:09:59,55.4,55.85,55.05,55.15,0,0
NIFTY,26AUG21,16600,PE,2021-08-24,14:10:59,55.15,55.5,53.6,55.4,0,0
NIFTY,26AUG21,16600,PE,2021-08-24,14:11:59,55.5,56.0,55.0,55.5,0,0
NIFTY,26AUG21,16600,PE,2021-08-24,14:12:59,55.4,55.55,54.25,54.85,0,0
NIFTY,26AUG21,16600,PE,2021-08-24,14:13:59,54.75,55.45,54.55,55.15,0,0
NIFTY,26AUG21,16600,PE,2021-08-24,14:14:59,55.25,56.1,54.9,55.75,0,0
NIFTY,26AUG21,16600,PE,2021-08-24,14:15:59,55.95,56.4,55.05,55.45,0,0
NIFTY,26AUG21,16600,PE,2021-08-24,14:16:59,55.6,56.35,55.3,56.1,0,0
NIFTY,26AUG21,16600,PE,2021-08-24,14:17:59,56.2,56.9,56.0,56.7,0,0
NIFTY,26AUG21,16600,PE,2021-08-24,14:18:59,56.55,58.7,56.5,56.8,0,0
NIFTY,26AUG21,16600,PE,2021-08-24,14:19:59,56.95,56.95,54.4,54.8,0,0
NIFTY,26AUG21,16600,PE,2021-08-24,14:20:59,54.6,54.95,51.6,52.0,0,0
NIFTY,26AUG21,16600,PE,2021-08-24,14:21:59,51.85,51.85,48.6,50.35,0,0
NIFTY,26AUG21,16600,PE,2021-08-24,14:22:59,50.55,51.0,49.25,49.7,0,0
NIFTY,26AUG21,16600,PE,2021-08-24,14:23:59,49.65,49.65,46.6,46.85,0,0
NIFTY,26AUG21,16600,PE,2021-08-24,14:24:59,47.1,47.4,45.65,46.65,0,0
NIFTY,26AUG21,16600,PE,2021-08-24,14:25:59,46.45,47.4,46.45,47.4,0,0
NIFTY,26AUG21,16600,PE,2021-08-24,14:26:59,47.3,47.45,45.85,47.0,0,0
NIFTY,26AUG21,16600,PE,2021-08-24,14:27:59,47.0,47.3,45.6,46.8,0,0
NIFTY,26AUG21,16600,PE,2021-08-24,14:28:59,47.0,47.75,46.95,47.3,0,0
NIFTY,26AUG21,16600,PE,2021-08-24,14:29:59,47.5,47.85,47.25,47.45,0,0
NIFTY,26AUG21,16600,PE,2021-08-24,14:30:59,47.4,47.85,46.35,46.95,0,0
NIFTY,26AUG21,16600,PE,2021-08-24,14:31:59,47.2,47.2,44.65,46.65,0,0
NIFTY,26AUG21,16600,PE,2021-08-24,14:32:59,46.75,46.95,45.5,45.5,0,0
NIFTY,26AUG21,16600,PE,2021-08-24,14:33:59,45.65,46.6,45.65,46.45,0,0
NIFTY,26AUG21,16600,PE,2021-08-24,14:34:59,46.6,47.1,45.95,47.1,0,0
NIFTY,26AUG21,16600,PE,2021-08-24,14:35:59,47.3,48.6,47.15,48.15,0,0
NIFTY,26AUG21,16600,PE,2021-08-24,14:36:59,48.3,50.15,48.0,50.15,0,0
NIFTY,26AUG21,16600,PE,2021-08-24,14:37:59,50.05,50.2,48.55,48.7,0,0
NIFTY,26AUG21,16600,PE,2021-08-24,14:38:59,48.8,49.9,48.8,49.35,0,0
NIFTY,26AUG21,16600,PE,2021-08-24,14:39:59,49.45,49.55,47.4,47.4,0,0
NIFTY,26AUG21,16600,PE,2021-08-24,14:40:59,47.35,48.55,46.6,48.55,0,0
NIFTY,26AUG21,16600,PE,2021-08-24,14:41:59,48.85,48.85,47.55,47.55,0,0
NIFTY,26AUG21,16600,PE,2021-08-24,14:42:59,47.75,48.25,47.05,48.1,0,0
NIFTY,26AUG21,16600,PE,2021-08-24,14:43:59,48.3,49.25,48.15,48.65,0,0
NIFTY,26AUG21,16600,PE,2021-08-24,14:44:59,48.85,49.95,48.6,49.6,0,0
NIFTY,26AUG21,16600,PE,2021-08-24,14:45:59,49.5,49.65,47.2,47.95,0,0
NIFTY,26AUG21,16600,PE,2021-08-24,14:46:59,47.7,48.0,46.1,46.9,0,0
NIFTY,26AUG21,16600,PE,2021-08-24,14:47:59,46.85,47.4,46.6,46.65,0,0
NIFTY,26AUG21,16600,PE,2021-08-24,14:48:59,46.75,47.1,44.45,44.5,0,0
NIFTY,26AUG21,16600,PE,2021-08-24,14:49:59,44.15,45.0,43.25,45.0,0,0
NIFTY,26AUG21,16600,PE,2021-08-24,14:50:59,44.95,46.15,44.75,45.75,0,0
NIFTY,26AUG21,16600,PE,2021-08-24,14:51:59,45.9,46.2,44.55,44.8,0,0
NIFTY,26AUG21,16600,PE,2021-08-24,14:52:59,44.95,45.8,44.45,45.2,0,0
NIFTY,26AUG21,16600,PE,2021-08-24,14:53:59,45.4,45.45,44.2,45.35,0,0
NIFTY,26AUG21,16600,PE,2021-08-24,14:54:59,45.4,45.4,44.15,44.7,0,0
NIFTY,26AUG21,16600,PE,2021-08-24,14:55:59,45.0,45.5,44.3,44.95,0,0
NIFTY,26AUG21,16600,PE,2021-08-24,14:56:59,44.95,45.7,44.75,45.55,0,0
NIFTY,26AUG21,16600,PE,2021-08-24,14:57:59,45.75,45.95,41.7,43.55,0,0
NIFTY,26AUG21,16600,PE,2021-08-24,14:58:59,43.3,44.3,42.85,43.4,0,0
NIFTY,26AUG21,16600,PE,2021-08-24,14:59:59,43.4,43.45,41.35,42.1,0,0
NIFTY,26AUG21,16600,PE,2021-08-24,15:00:59,41.95,43.0,39.5,42.95,0,0
NIFTY,26AUG21,16600,PE,2021-08-24,15:01:59,43.25,44.45,43.1,44.4,0,0
NIFTY,26AUG21,16600,PE,2021-08-24,15:02:59,44.3,45.85,43.35,45.85,0,0
NIFTY,26AUG21,16600,PE,2021-08-24,15:03:59,46.0,49.6,45.7,48.15,0,0
NIFTY,26AUG21,16600,PE,2021-08-24,15:04:59,48.45,48.95,47.3,48.95,0,0
NIFTY,26AUG21,16600,PE,2021-08-24,15:05:59,48.7,48.95,46.8,48.8,0,0
NIFTY,26AUG21,16600,PE,2021-08-24,15:06:59,49.0,49.45,46.65,48.25,0,0
NIFTY,26AUG21,16600,PE,2021-08-24,15:07:59,48.3,48.7,46.65,46.65,0,0
NIFTY,26AUG21,16600,PE,2021-08-24,15:08:59,46.8,47.1,44.5,45.55,0,0
NIFTY,26AUG21,16600,PE,2021-08-24,15:09:59,45.95,46.85,45.5,46.55,0,0
NIFTY,26AUG21,16600,PE,2021-08-24,15:10:59,46.65,47.25,44.95,46.4,0,0
NIFTY,26AUG21,16600,PE,2021-08-24,15:11:59,46.55,47.55,46.55,46.85,0,0
NIFTY,26AUG21,16600,PE,2021-08-24,15:12:59,47.2,47.2,44.8,45.45,0,0
NIFTY,26AUG21,16600,PE,2021-08-24,15:13:59,45.65,47.25,45.55,47.05,0,0
NIFTY,26AUG21,16600,PE,2021-08-24,15:14:59,47.1,48.25,47.1,47.6,0,0
NIFTY,26AUG21,16600,PE,2021-08-24,15:15:59,47.95,49.0,47.85,48.85,0,0
NIFTY,26AUG21,16600,PE,2021-08-24,15:16:59,48.75,49.45,47.7,48.25,0,0
NIFTY,26AUG21,16600,PE,2021-08-24,15:17:59,48.3,48.9,47.45,47.55,0,0
NIFTY,26AUG21,16600,PE,2021-08-24,15:18:59,47.65,48.05,46.1,46.4,0,0
NIFTY,26AUG21,16600,PE,2021-08-24,15:19:59,46.55,46.75,46.0,46.4,0,0
NIFTY,26AUG21,16600,PE,2021-08-24,15:20:59,46.3,47.9,46.3,47.7,0,0
NIFTY,26AUG21,16600,PE,2021-08-24,15:21:59,47.4,48.0,47.05,47.9,0,0
NIFTY,26AUG21,16600,PE,2021-08-24,15:22:59,47.75,47.95,47.25,47.35,0,0
NIFTY,26AUG21,16600,PE,2021-08-24,15:23:59,47.3,48.45,47.2,48.45,0,0
NIFTY,26AUG21,16600,PE,2021-08-24,15:24:59,48.5,49.55,48.5,49.55,0,0
NIFTY,26AUG21,16600,PE,2021-08-24,15:25:59,49.6,50.0,47.5,47.8,0,0
NIFTY,26AUG21,16600,PE,2021-08-24,15:26:59,47.75,49.1,47.75,48.8,0,0
NIFTY,26AUG21,16600,PE,2021-08-24,15:27:59,48.9,49.8,48.9,49.45,0,0
NIFTY,26AUG21,16600,PE,2021-08-24,15:28:59,49.7,49.8,48.9,48.95,0,0
NIFTY,26AUG21,16600,PE,2021-08-24,15:29:59,49.05,49.05,46.05,47.2,0,0
NIFTY,26AUG21,16600,PE,2021-08-25,09:15:59,47.2,47.2,24.9,32.9,0,0
NIFTY,26AUG21,16600,PE,2021-08-25,09:16:59,32.75,32.75,30.4,32.5,0,0
NIFTY,26AUG21,16600,PE,2021-08-25,09:17:59,32.05,32.35,30.55,30.55,0,0
NIFTY,26AUG21,16600,PE,2021-08-25,09:18:59,30.7,33.25,30.6,32.35,0,0
NIFTY,26AUG21,16600,PE,2021-08-25,09:19:59,32.25,33.5,31.95,32.0,0,0
NIFTY,26AUG21,16600,PE,2021-08-25,09:20:59,30.8,30.8,28.75,29.45,0,0
NIFTY,26AUG21,16600,PE,2021-08-25,09:21:59,29.6,30.2,29.15,29.4,0,0
NIFTY,26AUG21,16600,PE,2021-08-25,09:22:59,29.35,29.5,28.75,29.4,0,0
NIFTY,26AUG21,16600,PE,2021-08-25,09:23:59,29.35,29.7,28.55,28.55,0,0
NIFTY,26AUG21,16600,PE,2021-08-25,09:24:59,28.55,28.55,27.6,27.9,0,0
NIFTY,26AUG21,16600,PE,2021-08-25,09:25:59,27.9,28.3,27.4,27.95,0,0
NIFTY,26AUG21,16600,PE,2021-08-25,09:26:59,28.05,28.25,27.55,27.55,0,0
NIFTY,26AUG21,16600,PE,2021-08-25,09:27:59,27.55,27.6,27.15,27.35,0,0
NIFTY,26AUG21,16600,PE,2021-08-25,09:28:59,27.25,27.85,27.15,27.45,0,0
NIFTY,26AUG21,16600,PE,2021-08-25,09:29:59,27.5,27.5,27.15,27.45,0,0
NIFTY,26AUG21,16600,PE,2021-08-25,09:30:59,27.4,27.4,25.95,26.05,0,0
NIFTY,26AUG21,16600,PE,2021-08-25,09:31:59,26.05,27.6,25.7,27.45,0,0
NIFTY,26AUG21,16600,PE,2021-08-25,09:32:59,27.45,28.4,27.4,28.4,0,0
NIFTY,26AUG21,16600,PE,2021-08-25,09:33:59,28.45,28.55,27.75,28.0,0,0
NIFTY,26AUG21,16600,PE,2021-08-25,09:34:59,28.1,30.1,28.1,29.1,0,0
NIFTY,26AUG21,16600,PE,2021-08-25,09:35:59,29.15,29.7,28.4,29.7,0,0
NIFTY,26AUG21,16600,PE,2021-08-25,09:36:59,29.7,30.1,29.25,29.6,0,0
NIFTY,26AUG21,16600,PE,2021-08-25,09:37:59,29.7,29.7,28.95,29.05,0,0
NIFTY,26AUG21,16600,PE,2021-08-25,09:38:59,29.05,29.65,28.4,29.45,0,0
NIFTY,26AUG21,16600,PE,2021-08-25,09:39:59,29.55,29.85,29.0,29.7,0,0
NIFTY,26AUG21,16600,PE,2021-08-25,09:40:59,29.65,29.95,28.8,29.55,0,0
NIFTY,26AUG21,16600,PE,2021-08-25,09:41:59,29.6,30.85,29.3,30.85,0,0
NIFTY,26AUG21,16600,PE,2021-08-25,09:42:59,30.55,31.75,30.35,31.45,0,0
NIFTY,26AUG21,16600,PE,2021-08-25,09:43:59,31.1,32.1,31.0,31.95,0,0
NIFTY,26AUG21,16600,PE,2021-08-25,09:44:59,31.95,32.5,31.5,32.3,0,0
NIFTY,26AUG21,16600,PE,2021-08-25,09:45:59,32.4,35.0,32.35,34.5,0,0
NIFTY,26AUG21,16600,PE,2021-08-25,09:46:59,34.5,35.75,32.8,33.65,0,0
NIFTY,26AUG21,16600,PE,2021-08-25,09:47:59,33.5,33.7,30.35,30.7,0,0
NIFTY,26AUG21,16600,PE,2021-08-25,09:48:59,30.45,30.8,28.5,28.55,0,0
NIFTY,26AUG21,16600,PE,2021-08-25,09:49:59,28.4,29.0,27.75,28.85,0,0
NIFTY,26AUG21,16600,PE,2021-08-25,09:50:59,28.5,28.75,27.9,28.55,0,0
NIFTY,26AUG21,16600,PE,2021-08-25,09:51:59,28.4,29.35,28.25,29.15,0,0
NIFTY,26AUG21,16600,PE,2021-08-25,09:52:59,29.0,29.4,28.85,29.0,0,0
NIFTY,26AUG21,16600,PE,2021-08-25,09:53:59,28.95,29.25,27.55,27.55,0,0
NIFTY,26AUG21,16600,PE,2021-08-25,09:54:59,27.4,28.0,27.05,27.85,0,0
NIFTY,26AUG21,16600,PE,2021-08-25,09:55:59,27.9,27.95,27.35,27.5,0,0
NIFTY,26AUG21,16600,PE,2021-08-25,09:56:59,27.55,28.2,27.45,28.05,0,0
NIFTY,26AUG21,16600,PE,2021-08-25,09:57:59,28.05,28.25,27.7,28.25,0,0
NIFTY,26AUG21,16600,PE,2021-08-25,09:58:59,28.25,28.6,27.5,27.65,0,0
NIFTY,26AUG21,16600,PE,2021-08-25,09:59:59,27.65,27.9,27.25,27.75,0,0
NIFTY,26AUG21,16600,PE,2021-08-25,10:00:59,27.65,28.05,27.3,27.75,0,0
NIFTY,26AUG21,16600,PE,2021-08-25,10:01:59,27.8,29.25,27.8,28.5,0,0
NIFTY,26AUG21,16600,PE,2021-08-25,10:02:59,28.55,28.8,27.1,27.5,0,0
NIFTY,26AUG21,16600,PE,2021-08-25,10:03:59,27.5,27.85,26.6,27.75,0,0
NIFTY,26AUG21,16600,PE,2021-08-25,10:04:59,27.7,28.45,27.45,28.25,0,0
NIFTY,26AUG21,16600,PE,2021-08-25,10:05:59,28.1,28.5,26.0,26.4,0,0
NIFTY,26AUG21,16600,PE,2021-08-25,10:06:59,26.3,26.75,24.35,24.85,0,0
NIFTY,26AUG21,16600,PE,2021-08-25,10:07:59,24.75,26.1,24.75,25.75,0,0
NIFTY,26AUG21,16600,PE,2021-08-25,10:08:59,25.45,26.5,25.4,26.35,0,0
NIFTY,26AUG21,16600,PE,2021-08-25,10:09:59,26.35,26.8,25.8,26.2,0,0
NIFTY,26AUG21,16600,PE,2021-08-25,10:10:59,26.35,26.35,25.55,25.6,0,0
NIFTY,26AUG21,16600,PE,2021-08-25,10:11:59,25.4,26.75,25.4,26.7,0,0
NIFTY,26AUG21,16600,PE,2021-08-25,10:12:59,26.75,26.95,26.2,26.25,0,0
NIFTY,26AUG21,16600,PE,2021-08-25,10:13:59,26.1,27.3,26.05,27.25,0,0
NIFTY,26AUG21,16600,PE,2021-08-25,10:14:59,27.1,28.3,27.1,28.25,0,0
NIFTY,26AUG21,16600,PE,2021-08-25,10:15:59,28.4,28.9,27.15,27.2,0,0
NIFTY,26AUG21,16600,PE,2021-08-25,10:16:59,27.05,28.4,27.05,28.4,0,0
NIFTY,26AUG21,16600,PE,2021-08-25,10:17:59,28.4,29.6,28.4,29.1,0,0
NIFTY,26AUG21,16600,PE,2021-08-25,10:18:59,29.05,32.25,28.85,30.65,0,0
NIFTY,26AUG21,16600,PE,2021-08-25,10:19:59,30.55,30.8,29.6,29.75,0,0
NIFTY,26AUG21,16600,PE,2021-08-25,10:20:59,29.45,31.05,28.7,30.8,0,0
NIFTY,26AUG21,16600,PE,2021-08-25,10:21:59,30.55,32.05,30.2,31.45,0,0
NIFTY,26AUG21,16600,PE,2021-08-25,10:22:59,31.55,31.6,29.55,30.2,0,0
NIFTY,26AUG21,16600,PE,2021-08-25,10:23:59,30.25,31.65,30.25,31.15,0,0
NIFTY,26AUG21,16600,PE,2021-08-25,10:24:59,31.45,31.45,30.05,30.7,0,0
NIFTY,26AUG21,16600,PE,2021-08-25,10:25:59,30.75,31.15,29.3,29.3,0,0
NIFTY,26AUG21,16600,PE,2021-08-25,10:26:59,29.4,29.7,27.8,28.5,0,0
NIFTY,26AUG21,16600,PE,2021-08-25,10:27:59,28.5,28.7,26.7,27.05,0,0
NIFTY,26AUG21,16600,PE,2021-08-25,10:28:59,27.15,27.6,26.6,26.75,0,0
NIFTY,26AUG21,16600,PE,2021-08-25,10:29:59,26.5,26.9,26.5,26.9,0,0
NIFTY,26AUG21,16600,PE,2021-08-25,10:30:59,27.0,27.5,26.55,27.25,0,0
NIFTY,26AUG21,16600,PE,2021-08-25,10:31:59,27.2,27.45,26.65,27.05,0,0
NIFTY,26AUG21,16600,PE,2021-08-25,10:32:59,27.05,27.45,26.75,26.85,0,0
NIFTY,26AUG21,16600,PE,2021-08-25,10:33:59,26.85,27.0,26.3,26.3,0,0
NIFTY,26AUG21,16600,PE,2021-08-25,10:34:59,26.3,26.55,26.05,26.05,0,0
NIFTY,26AUG21,16600,PE,2021-08-25,10:35:59,26.0,26.05,25.05,25.25,0,0
NIFTY,26AUG21,16600,PE,2021-08-25,10:36:59,25.2,25.95,25.2,25.75,0,0
NIFTY,26AUG21,16600,PE,2021-08-25,10:37:59,25.9,26.3,25.8,26.15,0,0
NIFTY,26AUG21,16600,PE,2021-08-25,10:38:59,26.05,26.6,25.95,26.45,0,0
NIFTY,26AUG21,16600,PE,2021-08-25,10:39:59,26.45,27.15,26.3,26.5,0,0
NIFTY,26AUG21,16600,PE,2021-08-25,10:40:59,26.7,27.2,26.6,27.05,0,0
NIFTY,26AUG21,16600,PE,2021-08-25,10:41:59,27.05,27.3,26.35,26.55,0,0
NIFTY,26AUG21,16600,PE,2021-08-25,10:42:59,26.45,26.45,25.55,25.6,0,0
NIFTY,26AUG21,16600,PE,2021-08-25,10:43:59,25.6,25.9,25.45,25.75,0,0
NIFTY,26AUG21,16600,PE,2021-08-25,10:44:59,25.9,26.3,25.85,26.25,0,0
NIFTY,26AUG21,16600,PE,2021-08-25,10:45:59,26.2,26.45,25.6,25.7,0,0
NIFTY,26AUG21,16600,PE,2021-08-25,10:46:59,25.85,27.0,25.8,27.0,0,0
NIFTY,26AUG21,16600,PE,2021-08-25,10:47:59,27.05,27.7,26.8,27.45,0,0
NIFTY,26AUG21,16600,PE,2021-08-25,10:48:59,27.45,28.2,26.95,27.0,0,0
NIFTY,26AUG21,16600,PE,2021-08-25,10:49:59,26.9,27.4,26.25,27.35,0,0
NIFTY,26AUG21,16600,PE,2021-08-25,10:50:59,27.3,27.4,26.05,26.4,0,0
NIFTY,26AUG21,16600,PE,2021-08-25,10:51:59,26.25,27.0,26.25,26.8,0,0
NIFTY,26AUG21,16600,PE,2021-08-25,10:52:59,26.75,26.75,25.3,25.4,0,0
NIFTY,26AUG21,16600,PE,2021-08-25,10:53:59,25.35,25.7,24.65,25.7,0,0
NIFTY,26AUG21,16600,PE,2021-08-25,10:54:59,25.6,25.6,25.15,25.15,0,0
NIFTY,26AUG21,16600,PE,2021-08-25,10:55:59,25.1,25.75,25.0,25.75,0,0
NIFTY,26AUG21,16600,PE,2021-08-25,10:56:59,25.65,25.65,25.0,25.1,0,0
NIFTY,26AUG21,16600,PE,2021-08-25,10:57:59,25.05,25.85,24.85,25.35,0,0
NIFTY,26AUG21,16600,PE,2021-08-25,10:58:59,25.35,25.7,25.0,25.5,0,0
NIFTY,26AUG21,16600,PE,2021-08-25,10:59:59,25.5,25.7,25.35,25.7,0,0
NIFTY,26AUG21,16600,PE,2021-08-25,11:00:59,25.7,26.4,25.55,26.35,0,0
NIFTY,26AUG21,16600,PE,2021-08-25,11:01:59,26.3,26.3,25.6,25.9,0,0
NIFTY,26AUG21,16600,PE,2021-08-25,11:02:59,26.0,26.6,25.85,25.9,0,0
NIFTY,26AUG21,16600,PE,2021-08-25,11:03:59,25.95,26.45,25.6,25.85,0,0
NIFTY,26AUG21,16600,PE,2021-08-25,11:04:59,25.75,26.6,25.65,26.05,0,0
NIFTY,26AUG21,16600,PE,2021-08-25,11:05:59,26.05,27.2,26.0,27.2,0,0
NIFTY,26AUG21,16600,PE,2021-08-25,11:06:59,27.05,27.4,26.8,27.25,0,0
NIFTY,26AUG21,16600,PE,2021-08-25,11:07:59,27.15,27.45,26.05,26.05,0,0
NIFTY,26AUG21,16600,PE,2021-08-25,11:08:59,25.85,26.45,25.65,26.4,0,0
NIFTY,26AUG21,16600,PE,2021-08-25,11:09:59,26.35,27.55,26.2,26.9,0,0
NIFTY,26AUG21,16600,PE,2021-08-25,11:10:59,26.85,27.05,26.2,27.0,0,0
NIFTY,26AUG21,16600,PE,2021-08-25,11:11:59,27.05,27.15,26.8,27.15,0,0
NIFTY,26AUG21,16600,PE,2021-08-25,11:12:59,27.05,27.7,26.8,27.15,0,0
NIFTY,26AUG21,16600,PE,2021-08-25,11:13:59,27.05,27.2,25.85,25.85,0,0
NIFTY,26AUG21,16600,PE,2021-08-25,11:14:59,25.9,26.55,25.5,26.3,0,0
NIFTY,26AUG21,16600,PE,2021-08-25,11:15:59,26.25,27.95,26.05,27.95,0,0
NIFTY,26AUG21,16600,PE,2021-08-25,11:16:59,27.9,28.95,27.6,28.95,0,0
NIFTY,26AUG21,16600,PE,2021-08-25,11:17:59,29.2,29.5,28.5,28.6,0,0
NIFTY,26AUG21,16600,PE,2021-08-25,11:18:59,28.55,28.55,27.6,28.1,0,0
NIFTY,26AUG21,16600,PE,2021-08-25,11:19:59,28.15,29.15,27.5,27.75,0,0
NIFTY,26AUG21,16600,PE,2021-08-25,11:20:59,27.85,28.65,27.65,28.65,0,0
NIFTY,26AUG21,16600,PE,2021-08-25,11:21:59,28.45,28.8,27.3,27.95,0,0
NIFTY,26AUG21,16600,PE,2021-08-25,11:22:59,27.95,28.0,26.15,26.35,0,0
NIFTY,26AUG21,16600,PE,2021-08-25,11:23:59,26.35,26.35,20.0,21.95,0,0
NIFTY,26AUG21,16600,PE,2021-08-25,11:24:59,22.1,22.1,20.5,21.3,0,0
NIFTY,26AUG21,16600,PE,2021-08-25,11:25:59,21.25,21.9,20.9,21.9,0,0
NIFTY,26AUG21,16600,PE,2021-08-25,11:26:59,21.8,21.95,19.4,20.1,0,0
NIFTY,26AUG21,16600,PE,2021-08-25,11:27:59,20.0,20.0,19.55,19.85,0,0
NIFTY,26AUG21,16600,PE,2021-08-25,11:28:59,19.85,20.45,19.85,20.45,0,0
NIFTY,26AUG21,16600,PE,2021-08-25,11:29:59,20.4,21.15,20.4,21.1,0,0
NIFTY,26AUG21,16600,PE,2021-08-25,11:30:59,21.05,21.05,20.25,20.85,0,0
NIFTY,26AUG21,16600,PE,2021-08-25,11:31:59,20.95,21.75,20.85,21.7,0,0
NIFTY,26AUG21,16600,PE,2021-08-25,11:32:59,21.8,23.2,21.75,23.1,0,0
NIFTY,26AUG21,16600,PE,2021-08-25,11:33:59,23.1,23.65,22.7,23.65,0,0
NIFTY,26AUG21,16600,PE,2021-08-25,11:34:59,23.7,24.8,23.7,24.75,0,0
NIFTY,26AUG21,16600,PE,2021-08-25,11:35:59,24.75,29.65,24.7,28.65,0,0
NIFTY,26AUG21,16600,PE,2021-08-25,11:36:59,28.4,35.8,28.4,31.75,0,0
NIFTY,26AUG21,16600,PE,2021-08-25,11:37:59,31.75,34.6,31.15,31.95,0,0
NIFTY,26AUG21,16600,PE,2021-08-25,11:38:59,32.0,33.05,30.55,30.6,0,0
NIFTY,26AUG21,16600,PE,2021-08-25,11:39:59,30.55,35.3,30.55,34.45,0,0
NIFTY,26AUG21,16600,PE,2021-08-25,11:40:59,35.35,38.55,31.85,37.75,0,0
NIFTY,26AUG21,16600,PE,2021-08-25,11:41:59,38.45,38.95,33.2,35.7,0,0
NIFTY,26AUG21,16600,PE,2021-08-25,11:42:59,34.8,35.9,33.15,34.15,0,0
NIFTY,26AUG21,16600,PE,2021-08-25,11:43:59,34.15,35.75,33.55,34.75,0,0
NIFTY,26AUG21,16600,PE,2021-08-25,11:44:59,34.85,37.45,34.85,36.7,0,0
NIFTY,26AUG21,16600,PE,2021-08-25,11:45:59,36.85,44.7,36.75,42.15,0,0
NIFTY,26AUG21,16600,PE,2021-08-25,11:46:59,42.6,42.7,36.1,36.2,0,0
NIFTY,26AUG21,16600,PE,2021-08-25,11:47:59,35.7,36.5,33.35,35.15,0,0
NIFTY,26AUG21,16600,PE,2021-08-25,11:48:59,35.85,36.4,31.8,32.75,0,0
NIFTY,26AUG21,16600,PE,2021-08-25,11:49:59,32.1,35.2,32.1,33.05,0,0
NIFTY,26AUG21,16600,PE,2021-08-25,11:50:59,33.8,34.35,32.5,32.75,0,0
NIFTY,26AUG21,16600,PE,2021-08-25,11:51:59,32.55,32.55,30.3,32.35,0,0
NIFTY,26AUG21,16600,PE,2021-08-25,11:52:59,32.55,32.55,31.05,31.4,0,0
NIFTY,26AUG21,16600,PE,2021-08-25,11:53:59,31.45,31.45,28.3,29.8,0,0
NIFTY,26AUG21,16600,PE,2021-08-25,11:54:59,30.0,31.9,29.8,31.7,0,0
NIFTY,26AUG21,16600,PE,2021-08-25,11:55:59,31.95,32.0,29.4,30.85,0,0
NIFTY,26AUG21,16600,PE,2021-08-25,11:56:59,31.05,31.55,29.95,30.0,0,0
NIFTY,26AUG21,16600,PE,2021-08-25,11:57:59,30.45,31.2,29.85,30.45,0,0
NIFTY,26AUG21,16600,PE,2021-08-25,11:58:59,30.5,33.2,30.3,32.5,0,0
NIFTY,26AUG21,16600,PE,2021-08-25,11:59:59,32.5,33.5,31.6,32.25,0,0
NIFTY,26AUG21,16600,PE,2021-08-25,12:00:59,32.7,32.9,30.75,30.95,0,0
NIFTY,26AUG21,16600,PE,2021-08-25,12:01:59,30.4,31.4,30.15,30.15,0,0
NIFTY,26AUG21,16600,PE,2021-08-25,12:02:59,30.0,30.15,27.45,27.45,0,0
NIFTY,26AUG21,16600,PE,2021-08-25,12:03:59,27.35,31.25,26.9,29.15,0,0
NIFTY,26AUG21,16600,PE,2021-08-25,12:04:59,29.25,30.2,26.85,27.3,0,0
NIFTY,26AUG21,16600,PE,2021-08-25,12:05:59,26.7,27.85,26.3,27.55,0,0
NIFTY,26AUG21,16600,PE,2021-08-25,12:06:59,27.65,28.5,27.3,28.2,0,0
NIFTY,26AUG21,16600,PE,2021-08-25,12:07:59,28.2,29.85,28.15,29.7,0,0
NIFTY,26AUG21,16600,PE,2021-08-25,12:08:59,29.9,30.0,29.2,29.5,0,0
NIFTY,26AUG21,16600,PE,2021-08-25,12:09:59,29.35,32.25,28.7,32.05,0,0
NIFTY,26AUG21,16600,PE,2021-08-25,12:10:59,31.7,31.7,30.05,30.9,0,0
NIFTY,26AUG21,16600,PE,2021-08-25,12:11:59,30.95,31.2,30.0,30.1,0,0
NIFTY,26AUG21,16600,PE,2021-08-25,12:12:59,30.35,30.75,28.45,28.8,0,0
NIFTY,26AUG21,16600,PE,2021-08-25,12:13:59,28.8,29.5,27.8,29.45,0,0
NIFTY,26AUG21,16600,PE,2021-08-25,12:14:59,29.35,30.5,28.95,30.45,0,0
NIFTY,26AUG21,16600,PE,2021-08-25,12:15:59,30.45,30.6,29.2,29.95,0,0
NIFTY,26AUG21,16600,PE,2021-08-25,12:16:59,30.05,30.05,28.1,28.9,0,0
NIFTY,26AUG21,16600,PE,2021-08-25,12:17:59,28.8,29.4,28.3,28.7,0,0
NIFTY,26AUG21,16600,PE,2021-08-25,12:18:59,28.65,28.9,27.75,28.35,0,0
NIFTY,26AUG21,16600,PE,2021-08-25,12:19:59,28.4,29.3,28.35,29.25,0,0
NIFTY,26AUG21,16600,PE,2021-08-25,12:20:59,29.0,29.0,27.6,28.3,0,0
NIFTY,26AUG21,16600,PE,2021-08-25,12:21:59,28.15,28.25,27.3,27.7,0,0
NIFTY,26AUG21,16600,PE,2021-08-25,12:22:59,27.75,27.85,26.35,27.75,0,0
NIFTY,26AUG21,16600,PE,2021-08-25,12:23:59,27.4,29.0,27.4,28.95,0,0
NIFTY,26AUG21,16600,PE,2021-08-25,12:24:59,28.95,28.95,27.7,28.4,0,0
NIFTY,26AUG21,16600,PE,2021-08-25,12:25:59,28.4,28.7,27.4,27.95,0,0
NIFTY,26AUG21,16600,PE,2021-08-25,12:26:59,27.85,29.4,27.65,29.2,0,0
NIFTY,26AUG21,16600,PE,2021-08-25,12:27:59,29.2,30.0,28.0,28.0,0,0
NIFTY,26AUG21,16600,PE,2021-08-25,12:28:59,28.3,28.3,25.1,26.55,0,0
NIFTY,26AUG21,16600,PE,2021-08-25,12:29:59,26.7,27.05,26.1,26.2,0,0
NIFTY,26AUG21,16600,PE,2021-08-25,12:30:59,26.15,27.15,25.15,26.75,0,0
NIFTY,26AUG21,16600,PE,2021-08-25,12:31:59,26.7,27.6,26.25,27.5,0,0
NIFTY,26AUG21,16600,PE,2021-08-25,12:32:59,27.85,28.75,27.55,27.8,0,0
NIFTY,26AUG21,16600,PE,2021-08-25,12:33:59,27.7,27.9,26.9,27.55,0,0
NIFTY,26AUG21,16600,PE,2021-08-25,12:34:59,27.1,27.5,25.55,25.6,0,0
NIFTY,26AUG21,16600,PE,2021-08-25,12:35:59,25.8,26.4,25.6,26.05,0,0
NIFTY,26AUG21,16600,PE,2021-08-25,12:36:59,26.15,27.35,25.95,26.65,0,0
NIFTY,26AUG21,16600,PE,2021-08-25,12:37:59,26.6,27.25,26.6,27.1,0,0
NIFTY,26AUG21,16600,PE,2021-08-25,12:38:59,27.05,27.55,26.05,26.2,0,0
NIFTY,26AUG21,16600,PE,2021-08-25,12:39:59,26.3,27.25,26.2,26.75,0,0
NIFTY,26AUG21,16600,PE,2021-08-25,12:40:59,26.85,29.1,26.55,28.45,0,0
NIFTY,26AUG21,16600,PE,2021-08-25,12:41:59,28.45,29.5,27.75,28.15,0,0
NIFTY,26AUG21,16600,PE,2021-08-25,12:42:59,28.2,28.85,27.4,28.7,0,0
NIFTY,26AUG21,16600,PE,2021-08-25,12:43:59,28.35,29.1,27.65,29.1,0,0
NIFTY,26AUG21,16600,PE,2021-08-25,12:44:59,29.1,29.45,27.7,28.45,0,0
NIFTY,26AUG21,16600,PE,2021-08-25,12:45:59,28.5,29.05,27.05,28.65,0,0
NIFTY,26AUG21,16600,PE,2021-08-25,12:46:59,28.6,29.85,28.35,29.85,0,0
NIFTY,26AUG21,16600,PE,2021-08-25,12:47:59,29.55,29.9,29.0,29.6,0,0
NIFTY,26AUG21,16600,PE,2021-08-25,12:48:59,29.55,29.55,28.3,28.6,0,0
NIFTY,26AUG21,16600,PE,2021-08-25,12:49:59,28.95,29.8,28.9,29.2,0,0
NIFTY,26AUG21,16600,PE,2021-08-25,12:50:59,29.2,29.6,27.6,29.5,0,0
NIFTY,26AUG21,16600,PE,2021-08-25,12:51:59,29.6,29.9,28.55,29.25,0,0
NIFTY,26AUG21,16600,PE,2021-08-25,12:52:59,29.3,29.3,27.95,28.9,0,0
NIFTY,26AUG21,16600,PE,2021-08-25,12:53:59,28.9,29.65,28.9,29.25,0,0
NIFTY,26AUG21,16600,PE,2021-08-25,12:54:59,29.05,31.05,29.0,29.75,0,0
NIFTY,26AUG21,16600,PE,2021-08-25,12:55:59,29.95,30.15,27.9,28.1,0,0
NIFTY,26AUG21,16600,PE,2021-08-25,12:56:59,28.1,29.0,27.9,28.8,0,0
NIFTY,26AUG21,16600,PE,2021-08-25,12:57:59,28.65,30.0,28.05,30.0,0,0
NIFTY,26AUG21,16600,PE,2021-08-25,12:58:59,29.85,30.9,29.5,30.9,0,0
NIFTY,26AUG21,16600,PE,2021-08-25,12:59:59,30.75,31.2,29.7,30.1,0,0
NIFTY,26AUG21,16600,PE,2021-08-25,13:00:59,30.2,30.85,28.75,29.95,0,0
NIFTY,26AUG21,16600,PE,2021-08-25,13:01:59,29.85,30.45,28.75,29.45,0,0
NIFTY,26AUG21,16600,PE,2021-08-25,13:02:59,29.4,29.4,28.45,28.6,0,0
NIFTY,26AUG21,16600,PE,2021-08-25,13:03:59,28.65,28.8,27.55,27.75,0,0
NIFTY,26AUG21,16600,PE,2021-08-25,13:04:59,27.8,28.6,27.2,27.5,0,0
NIFTY,26AUG21,16600,PE,2021-08-25,13:05:59,27.8,27.8,25.35,25.55,0,0
NIFTY,26AUG21,16600,PE,2021-08-25,13:06:59,25.55,26.35,24.15,26.2,0,0
NIFTY,26AUG21,16600,PE,2021-08-25,13:07:59,26.3,26.45,25.6,26.05,0,0
NIFTY,26AUG21,16600,PE,2021-08-25,13:08:59,26.2,26.6,25.95,26.15,0,0
NIFTY,26AUG21,16600,PE,2021-08-25,13:09:59,25.9,26.5,25.9,26.5,0,0
NIFTY,26AUG21,16600,PE,2021-08-25,13:10:59,26.5,26.95,26.25,26.75,0,0
NIFTY,26AUG21,16600,PE,2021-08-25,13:11:59,26.8,27.75,26.55,27.65,0,0
NIFTY,26AUG21,16600,PE,2021-08-25,13:12:59,27.8,28.45,27.6,27.9,0,0
NIFTY,26AUG21,16600,PE,2021-08-25,13:13:59,27.9,28.55,27.4,27.5,0,0
NIFTY,26AUG21,16600,PE,2021-08-25,13:14:59,27.7,27.7,26.45,26.85,0,0
NIFTY,26AUG21,16600,PE,2021-08-25,13:15:59,26.8,27.05,25.4,25.5,0,0
NIFTY,26AUG21,16600,PE,2021-08-25,13:16:59,25.5,25.75,25.15,25.75,0,0
NIFTY,26AUG21,16600,PE,2021-08-25,13:17:59,25.8,26.95,25.8,26.95,0,0
NIFTY,26AUG21,16600,PE,2021-08-25,13:18:59,26.85,27.3,26.3,26.35,0,0
NIFTY,26AUG21,16600,PE,2021-08-25,13:19:59,26.25,26.45,25.5,25.7,0,0
NIFTY,26AUG21,16600,PE,2021-08-25,13:20:59,25.65,26.0,25.3,25.9,0,0
NIFTY,26AUG21,16600,PE,2021-08-25,13:21:59,25.7,26.2,25.6,26.15,0,0
NIFTY,26AUG21,16600,PE,2021-08-25,13:22:59,26.25,26.25,25.0,25.1,0,0
NIFTY,26AUG21,16600,PE,2021-08-25,13:23:59,25.1,25.1,24.1,24.3,0,0
NIFTY,26AUG21,16600,PE,2021-08-25,13:24:59,24.3,24.45,23.45,24.15,0,0
NIFTY,26AUG21,16600,PE,2021-08-25,13:25:59,24.15,24.3,23.9,24.0,0,0
NIFTY,26AUG21,16600,PE,2021-08-25,13:26:59,23.95,23.95,22.0,22.75,0,0
NIFTY,26AUG21,16600,PE,2021-08-25,13:27:59,22.75,22.75,20.4,21.3,0,0
NIFTY,26AUG21,16600,PE,2021-08-25,13:28:59,21.2,21.7,20.45,20.7,0,0
NIFTY,26AUG21,16600,PE,2021-08-25,13:29:59,20.9,21.3,20.75,20.85,0,0
NIFTY,26AUG21,16600,PE,2021-08-25,13:30:59,20.7,21.25,20.1,21.15,0,0
NIFTY,26AUG21,16600,PE,2021-08-25,13:31:59,21.15,22.1,20.95,21.5,0,0
NIFTY,26AUG21,16600,PE,2021-08-25,13:32:59,21.55,22.75,21.35,22.05,0,0
NIFTY,26AUG21,16600,PE,2021-08-25,13:33:59,22.35,22.5,21.95,22.0,0,0
NIFTY,26AUG21,16600,PE,2021-08-25,13:34:59,22.05,22.55,21.85,22.4,0,0
NIFTY,26AUG21,16600,PE,2021-08-25,13:35:59,22.5,22.65,21.65,21.65,0,0
NIFTY,26AUG21,16600,PE,2021-08-25,13:36:59,21.7,22.35,21.7,22.3,0,0
NIFTY,26AUG21,16600,PE,2021-08-25,13:37:59,22.5,23.2,22.35,23.1,0,0
NIFTY,26AUG21,16600,PE,2021-08-25,13:38:59,23.3,25.05,23.2,24.95,0,0
NIFTY,26AUG21,16600,PE,2021-08-25,13:39:59,25.2,25.3,23.8,25.0,0,0
NIFTY,26AUG21,16600,PE,2021-08-25,13:40:59,25.1,25.25,23.8,24.8,0,0
NIFTY,26AUG21,16600,PE,2021-08-25,13:41:59,24.7,25.0,24.0,24.3,0,0
NIFTY,26AUG21,16600,PE,2021-08-25,13:42:59,24.4,25.0,22.8,23.05,0,0
NIFTY,26AUG21,16600,PE,2021-08-25,13:43:59,23.1,23.4,21.8,22.25,0,0
NIFTY,26AUG21,16600,PE,2021-08-25,13:44:59,22.4,23.0,22.0,22.65,0,0
NIFTY,26AUG21,16600,PE,2021-08-25,13:45:59,22.65,23.4,22.4,22.9,0,0
NIFTY,26AUG21,16600,PE,2021-08-25,13:46:59,22.85,22.85,20.15,20.7,0,0
NIFTY,26AUG21,16600,PE,2021-08-25,13:47:59,20.7,21.65,20.6,21.5,0,0
NIFTY,26AUG21,16600,PE,2021-08-25,13:48:59,21.45,21.5,20.5,21.0,0,0
NIFTY,26AUG21,16600,PE,2021-08-25,13:49:59,21.05,21.45,20.85,21.45,0,0
NIFTY,26AUG21,16600,PE,2021-08-25,13:50:59,21.6,22.85,21.15,22.75,0,0
NIFTY,26AUG21,16600,PE,2021-08-25,13:51:59,22.6,23.15,22.3,23.1,0,0
NIFTY,26AUG21,16600,PE,2021-08-25,13:52:59,22.9,23.1,21.75,22.9,0,0
NIFTY,26AUG21,16600,PE,2021-08-25,13:53:59,22.8,22.9,22.2,22.7,0,0
NIFTY,26AUG21,16600,PE,2021-08-25,13:54:59,22.65,22.8,22.15,22.65,0,0
NIFTY,26AUG21,16600,PE,2021-08-25,13:55:59,22.65,24.0,22.55,23.5,0,0
NIFTY,26AUG21,16600,PE,2021-08-25,13:56:59,23.65,23.65,22.15,22.45,0,0
NIFTY,26AUG21,16600,PE,2021-08-25,13:57:59,22.45,22.6,18.55,20.4,0,0
NIFTY,26AUG21,16600,PE,2021-08-25,13:58:59,20.6,21.25,20.35,20.5,0,0
NIFTY,26AUG21,16600,PE,2021-08-25,13:59:59,20.8,21.65,20.75,21.65,0,0
NIFTY,26AUG21,16600,PE,2021-08-25,14:00:59,21.5,21.65,20.1,21.55,0,0
NIFTY,26AUG21,16600,PE,2021-08-25,14:01:59,21.55,21.9,21.0,21.45,0,0
NIFTY,26AUG21,16600,PE,2021-08-25,14:02:59,21.4,22.0,21.4,21.85,0,0
NIFTY,26AUG21,16600,PE,2021-08-25,14:03:59,21.9,21.95,21.1,21.65,0,0
NIFTY,26AUG21,16600,PE,2021-08-25,14:04:59,21.9,23.25,21.85,22.7,0,0
NIFTY,26AUG21,16600,PE,2021-08-25,14:05:59,22.7,22.95,22.0,22.7,0,0
NIFTY,26AUG21,16600,PE,2021-08-25,14:06:59,22.75,25.2,22.65,24.15,0,0
NIFTY,26AUG21,16600,PE,2021-08-25,14:07:59,24.05,24.25,22.95,24.0,0,0
NIFTY,26AUG21,16600,PE,2021-08-25,14:08:59,24.05,24.45,23.5,23.65,0,0
NIFTY,26AUG21,16600,PE,2021-08-25,14:09:59,23.65,23.95,22.3,22.3,0,0
NIFTY,26AUG21,16600,PE,2021-08-25,14:10:59,22.6,23.15,21.95,23.0,0,0
NIFTY,26AUG21,16600,PE,2021-08-25,14:11:59,23.05,24.65,23.0,24.15,0,0
NIFTY,26AUG21,16600,PE,2021-08-25,14:12:59,24.15,25.0,23.65,24.8,0,0
NIFTY,26AUG21,16600,PE,2021-08-25,14:13:59,25.2,26.6,25.2,26.25,0,0
NIFTY,26AUG21,16600,PE,2021-08-25,14:14:59,26.45,28.6,25.7,28.35,0,0
NIFTY,26AUG21,16600,PE,2021-08-25,14:15:59,28.6,28.8,26.85,27.2,0,0
NIFTY,26AUG21,16600,PE,2021-08-25,14:16:59,27.15,27.3,25.4,25.85,0,0
NIFTY,26AUG21,16600,PE,2021-08-25,14:17:59,25.75,25.85,23.85,24.8,0,0
NIFTY,26AUG21,16600,PE,2021-08-25,14:18:59,24.95,25.7,24.15,25.7,0,0
NIFTY,26AUG21,16600,PE,2021-08-25,14:19:59,25.8,26.85,25.4,26.1,0,0
NIFTY,26AUG21,16600,PE,2021-08-25,14:20:59,26.25,27.45,26.15,26.45,0,0
NIFTY,26AUG21,16600,PE,2021-08-25,14:21:59,26.55,26.55,24.3,24.6,0,0
NIFTY,26AUG21,16600,PE,2021-08-25,14:22:59,24.6,25.5,24.3,24.8,0,0
NIFTY,26AUG21,16600,PE,2021-08-25,14:23:59,24.95,26.35,24.9,26.1,0,0
NIFTY,26AUG21,16600,PE,2021-08-25,14:24:59,26.1,27.9,25.85,27.6,0,0
NIFTY,26AUG21,16600,PE,2021-08-25,14:25:59,27.45,30.95,26.65,29.2,0,0
NIFTY,26AUG21,16600,PE,2021-08-25,14:26:59,29.0,29.0,27.25,28.65,0,0
NIFTY,26AUG21,16600,PE,2021-08-25,14:27:59,28.7,29.85,27.5,29.15,0,0
NIFTY,26AUG21,16600,PE,2021-08-25,14:28:59,29.15,29.5,28.15,28.85,0,0
NIFTY,26AUG21,16600,PE,2021-08-25,14:29:59,28.9,33.15,28.9,31.6,0,0
NIFTY,26AUG21,16600,PE,2021-08-25,14:30:59,31.75,34.05,31.1,31.85,0,0
NIFTY,26AUG21,16600,PE,2021-08-25,14:31:59,31.35,31.45,26.7,28.3,0,0
NIFTY,26AUG21,16600,PE,2021-08-25,14:32:59,28.1,28.1,24.15,24.4,0,0
NIFTY,26AUG21,16600,PE,2021-08-25,14:33:59,23.8,25.0,23.25,24.5,0,0
NIFTY,26AUG21,16600,PE,2021-08-25,14:34:59,24.6,25.6,23.35,24.2,0,0
NIFTY,26AUG21,16600,PE,2021-08-25,14:35:59,24.85,26.65,24.1,26.65,0,0
NIFTY,26AUG21,16600,PE,2021-08-25,14:36:59,26.65,29.9,26.65,29.5,0,0
NIFTY,26AUG21,16600,PE,2021-08-25,14:37:59,29.5,30.75,27.8,28.0,0,0
NIFTY,26AUG21,16600,PE,2021-08-25,14:38:59,27.65,29.9,27.35,28.55,0,0
NIFTY,26AUG21,16600,PE,2021-08-25,14:39:59,28.6,31.25,28.6,29.55,0,0
NIFTY,26AUG21,16600,PE,2021-08-25,14:40:59,29.7,30.75,28.2,29.65,0,0
NIFTY,26AUG21,16600,PE,2021-08-25,14:41:59,29.95,30.4,28.3,29.15,0,0
NIFTY,26AUG21,16600,PE,2021-08-25,14:42:59,28.95,29.5,26.65,27.45,0,0
NIFTY,26AUG21,16600,PE,2021-08-25,14:43:59,27.8,33.3,27.8,33.3,0,0
NIFTY,26AUG21,16600,PE,2021-08-25,14:44:59,33.2,34.55,31.25,34.25,0,0
NIFTY,26AUG21,16600,PE,2021-08-25,14:45:59,34.65,35.0,32.3,32.5,0,0
NIFTY,26AUG21,16600,PE,2021-08-25,14:46:59,32.6,32.6,29.85,31.2,0,0
NIFTY,26AUG21,16600,PE,2021-08-25,14:47:59,31.4,37.2,31.4,36.6,0,0
NIFTY,26AUG21,16600,PE,2021-08-25,14:48:59,36.55,36.8,33.1,34.15,0,0
NIFTY,26AUG21,16600,PE,2021-08-25,14:49:59,34.7,38.7,34.45,37.1,0,0
NIFTY,26AUG21,16600,PE,2021-08-25,14:50:59,37.0,37.2,30.85,31.2,0,0
NIFTY,26AUG21,16600,PE,2021-08-25,14:51:59,31.45,34.2,30.65,34.2,0,0
NIFTY,26AUG21,16600,PE,2021-08-25,14:52:59,33.95,34.35,31.0,31.0,0,0
NIFTY,26AUG21,16600,PE,2021-08-25,14:53:59,31.0,32.8,30.7,32.8,0,0
NIFTY,26AUG21,16600,PE,2021-08-25,14:54:59,32.5,33.0,30.45,31.6,0,0
NIFTY,26AUG21,16600,PE,2021-08-25,14:55:59,31.6,31.95,26.65,28.8,0,0
NIFTY,26AUG21,16600,PE,2021-08-25,14:56:59,28.75,30.6,28.35,30.6,0,0
NIFTY,26AUG21,16600,PE,2021-08-25,14:57:59,30.75,30.75,27.2,29.2,0,0
NIFTY,26AUG21,16600,PE,2021-08-25,14:58:59,29.1,30.75,28.55,29.7,0,0
NIFTY,26AUG21,16600,PE,2021-08-25,14:59:59,29.95,31.2,28.85,29.05,0,0
NIFTY,26AUG21,16600,PE,2021-08-25,15:00:59,29.4,32.3,28.0,29.85,0,0
NIFTY,26AUG21,16600,PE,2021-08-25,15:01:59,29.65,30.65,28.4,29.5,0,0
NIFTY,26AUG21,16600,PE,2021-08-25,15:02:59,29.5,30.3,28.4,29.7,0,0
NIFTY,26AUG21,16600,PE,2021-08-25,15:03:59,29.8,32.6,29.8,31.15,0,0
NIFTY,26AUG21,16600,PE,2021-08-25,15:04:59,31.25,31.65,30.0,30.0,0,0
NIFTY,26AUG21,16600,PE,2021-08-25,15:05:59,30.05,31.25,28.25,30.45,0,0
NIFTY,26AUG21,16600,PE,2021-08-25,15:06:59,30.6,30.9,29.5,30.25,0,0
NIFTY,26AUG21,16600,PE,2021-08-25,15:07:59,30.35,30.4,28.9,29.4,0,0
NIFTY,26AUG21,16600,PE,2021-08-25,15:08:59,29.35,29.75,26.5,29.5,0,0
NIFTY,26AUG21,16600,PE,2021-08-25,15:09:59,29.4,30.25,29.3,30.2,0,0
NIFTY,26AUG21,16600,PE,2021-08-25,15:10:59,30.05,31.9,30.05,31.25,0,0
NIFTY,26AUG21,16600,PE,2021-08-25,15:11:59,31.3,32.0,30.55,31.2,0,0
NIFTY,26AUG21,16600,PE,2021-08-25,15:12:59,31.0,32.95,31.0,32.9,0,0
NIFTY,26AUG21,16600,PE,2021-08-25,15:13:59,33.15,34.5,32.0,34.1,0,0
NIFTY,26AUG21,16600,PE,2021-08-25,15:14:59,34.25,34.25,32.25,32.8,0,0
NIFTY,26AUG21,16600,PE,2021-08-25,15:15:59,32.95,33.35,32.65,32.65,0,0
NIFTY,26AUG21,16600,PE,2021-08-25,15:16:59,32.65,32.8,30.1,30.2,0,0
NIFTY,26AUG21,16600,PE,2021-08-25,15:17:59,30.5,30.5,28.1,28.35,0,0
NIFTY,26AUG21,16600,PE,2021-08-25,15:18:59,28.25,28.9,27.1,28.85,0,0
NIFTY,26AUG21,16600,PE,2021-08-25,15:19:59,28.8,28.9,27.2,27.8,0,0
NIFTY,26AUG21,16600,PE,2021-08-25,15:20:59,27.7,27.7,26.65,27.35,0,0
NIFTY,26AUG21,16600,PE,2021-08-25,15:21:59,27.3,28.2,26.35,28.1,0,0
NIFTY,26AUG21,16600,PE,2021-08-25,15:22:59,28.45,28.45,25.85,26.7,0,0
NIFTY,26AUG21,16600,PE,2021-08-25,15:23:59,26.75,28.15,26.65,27.75,0,0
NIFTY,26AUG21,16600,PE,2021-08-25,15:24:59,27.65,28.1,26.4,27.1,0,0
NIFTY,26AUG21,16600,PE,2021-08-25,15:25:59,26.95,27.6,26.5,26.5,0,0
NIFTY,26AUG21,16600,PE,2021-08-25,15:26:59,26.5,27.95,26.4,27.95,0,0
NIFTY,26AUG21,16600,PE,2021-08-25,15:27:59,28.0,28.35,27.85,28.25,0,0
NIFTY,26AUG21,16600,PE,2021-08-25,15:28:59,28.1,28.3,27.5,27.95,0,0
NIFTY,26AUG21,16600,PE,2021-08-25,15:29:59,27.85,28.0,27.0,28.0,0,0
NIFTY,26AUG21,16600,PE,2021-08-26,09:15:59,46.45,46.45,21.45,26.95,0,0
NIFTY,26AUG21,16600,PE,2021-08-26,09:16:59,27.2,33.3,25.4,32.05,0,0
NIFTY,26AUG21,16600,PE,2021-08-26,09:17:59,32.45,36.25,31.0,33.55,0,0
NIFTY,26AUG21,16600,PE,2021-08-26,09:18:59,33.4,35.1,32.2,34.05,0,0
NIFTY,26AUG21,16600,PE,2021-08-26,09:19:59,34.05,35.3,31.9,33.8,0,0
NIFTY,26AUG21,16600,PE,2021-08-26,09:20:59,32.95,32.95,30.0,31.15,0,0
NIFTY,26AUG21,16600,PE,2021-08-26,09:21:59,31.6,34.0,31.35,32.2,0,0
NIFTY,26AUG21,16600,PE,2021-08-26,09:22:59,31.8,33.25,31.0,31.45,0,0
NIFTY,26AUG21,16600,PE,2021-08-26,09:23:59,31.6,32.15,27.25,27.25,0,0
NIFTY,26AUG21,16600,PE,2021-08-26,09:24:59,27.35,31.25,26.3,29.5,0,0
NIFTY,26AUG21,16600,PE,2021-08-26,09:25:59,29.75,30.25,27.6,27.65,0,0
NIFTY,26AUG21,16600,PE,2021-08-26,09:26:59,28.25,28.95,25.85,27.2,0,0
NIFTY,26AUG21,16600,PE,2021-08-26,09:27:59,27.35,28.45,22.95,22.95,0,0
NIFTY,26AUG21,16600,PE,2021-08-26,09:28:59,22.8,24.0,21.55,22.4,0,0
NIFTY,26AUG21,16600,PE,2021-08-26,09:29:59,22.5,22.5,18.7,19.3,0,0
NIFTY,26AUG21,16600,PE,2021-08-26,09:30:59,18.45,20.75,18.0,19.55,0,0
NIFTY,26AUG21,16600,PE,2021-08-26,09:31:59,19.5,19.9,18.6,19.65,0,0
NIFTY,26AUG21,16600,PE,2021-08-26,09:32:59,19.8,20.5,19.35,20.35,0,0
NIFTY,26AUG21,16600,PE,2021-08-26,09:33:59,20.2,21.25,19.55,21.25,0,0
NIFTY,26AUG21,16600,PE,2021-08-26,09:34:59,21.6,21.6,19.5,20.25,0,0
NIFTY,26AUG21,16600,PE,2021-08-26,09:35:59,20.3,20.8,19.35,20.45,0,0
NIFTY,26AUG21,16600,PE,2021-08-26,09:36:59,20.25,20.35,19.0,20.15,0,0
NIFTY,26AUG21,16600,PE,2021-08-26,09:37:59,20.0,20.0,18.2,18.3,0,0
NIFTY,26AUG21,16600,PE,2021-08-26,09:38:59,18.25,18.3,16.85,17.35,0,0
NIFTY,26AUG21,16600,PE,2021-08-26,09:39:59,17.5,17.7,16.2,17.7,0,0
NIFTY,26AUG21,16600,PE,2021-08-26,09:40:59,17.45,18.25,16.8,18.25,0,0
NIFTY,26AUG21,16600,PE,2021-08-26,09:41:59,18.25,18.75,18.0,18.15,0,0
NIFTY,26AUG21,16600,PE,2021-08-26,09:42:59,18.05,18.05,16.9,17.85,0,0
NIFTY,26AUG21,16600,PE,2021-08-26,09:43:59,17.7,17.9,17.1,17.5,0,0
NIFTY,26AUG21,16600,PE,2021-08-26,09:44:59,17.5,18.0,17.0,17.4,0,0
NIFTY,26AUG21,16600,PE,2021-08-26,09:45:59,17.55,17.95,17.0,17.95,0,0
NIFTY,26AUG21,16600,PE,2021-08-26,09:46:59,17.85,17.9,16.75,17.05,0,0
NIFTY,26AUG21,16600,PE,2021-08-26,09:47:59,17.2,17.85,16.8,17.8,0,0
NIFTY,26AUG21,16600,PE,2021-08-26,09:48:59,17.9,17.9,16.65,16.85,0,0
NIFTY,26AUG21,16600,PE,2021-08-26,09:49:59,16.8,16.85,15.0,15.25,0,0
NIFTY,26AUG21,16600,PE,2021-08-26,09:50:59,15.3,15.75,15.15,15.15,0,0
NIFTY,26AUG21,16600,PE,2021-08-26,09:51:59,15.05,15.25,14.4,15.1,0,0
NIFTY,26AUG21,16600,PE,2021-08-26,09:52:59,15.2,16.15,15.15,15.35,0,0
NIFTY,26AUG21,16600,PE,2021-08-26,09:53:59,15.4,15.9,14.35,15.8,0,0
NIFTY,26AUG21,16600,PE,2021-08-26,09:54:59,15.85,15.85,14.0,14.2,0,0
NIFTY,26AUG21,16600,PE,2021-08-26,09:55:59,14.35,14.85,13.8,14.55,0,0
NIFTY,26AUG21,16600,PE,2021-08-26,09:56:59,14.4,14.9,14.0,14.65,0,0
NIFTY,26AUG21,16600,PE,2021-08-26,09:57:59,14.65,14.95,14.3,14.85,0,0
NIFTY,26AUG21,16600,PE,2021-08-26,09:58:59,14.8,14.95,14.65,14.85,0,0
NIFTY,26AUG21,16600,PE,2021-08-26,09:59:59,15.0,15.35,14.35,14.5,0,0
NIFTY,26AUG21,16600,PE,2021-08-26,10:00:59,14.45,14.45,13.3,13.9,0,0
NIFTY,26AUG21,16600,PE,2021-08-26,10:01:59,13.85,13.85,13.0,13.05,0,0
NIFTY,26AUG21,16600,PE,2021-08-26,10:02:59,13.1,13.75,12.9,13.55,0,0
NIFTY,26AUG21,16600,PE,2021-08-26,10:03:59,13.55,13.7,13.0,13.4,0,0
NIFTY,26AUG21,16600,PE,2021-08-26,10:04:59,13.4,13.4,12.55,12.95,0,0
NIFTY,26AUG21,16600,PE,2021-08-26,10:05:59,12.9,13.15,12.8,12.85,0,0
NIFTY,26AUG21,16600,PE,2021-08-26,10:06:59,12.75,13.0,12.2,12.95,0,0
NIFTY,26AUG21,16600,PE,2021-08-26,10:07:59,12.95,13.75,12.9,13.6,0,0
NIFTY,26AUG21,16600,PE,2021-08-26,10:08:59,13.6,14.75,13.6,13.9,0,0
NIFTY,26AUG21,16600,PE,2021-08-26,10:09:59,13.95,14.15,13.35,13.45,0,0
NIFTY,26AUG21,16600,PE,2021-08-26,10:10:59,13.5,14.35,13.4,14.35,0,0
NIFTY,26AUG21,16600,PE,2021-08-26,10:11:59,14.45,14.5,13.8,14.15,0,0
NIFTY,26AUG21,16600,PE,2021-08-26,10:12:59,14.15,14.4,13.85,13.85,0,0
NIFTY,26AUG21,16600,PE,2021-08-26,10:13:59,13.95,14.4,13.8,14.1,0,0
NIFTY,26AUG21,16600,PE,2021-08-26,10:14:59,14.05,14.05,13.15,13.25,0,0
NIFTY,26AUG21,16600,PE,2021-08-26,10:15:59,13.2,13.2,12.45,12.8,0,0
NIFTY,26AUG21,16600,PE,2021-08-26,10:16:59,12.8,12.8,11.7,11.85,0,0
NIFTY,26AUG21,16600,PE,2021-08-26,10:17:59,11.95,12.35,11.85,12.05,0,0
NIFTY,26AUG21,16600,PE,2021-08-26,10:18:59,12.1,12.1,10.5,10.9,0,0
NIFTY,26AUG21,16600,PE,2021-08-26,10:19:59,10.85,11.15,10.75,10.9,0,0
NIFTY,26AUG21,16600,PE,2021-08-26,10:20:59,10.9,11.25,10.7,10.7,0,0
NIFTY,26AUG21,16600,PE,2021-08-26,10:21:59,10.8,11.0,10.4,10.85,0,0
NIFTY,26AUG21,16600,PE,2021-08-26,10:22:59,10.95,11.5,10.95,11.2,0,0
NIFTY,26AUG21,16600,PE,2021-08-26,10:23:59,11.2,11.65,11.2,11.6,0,0
NIFTY,26AUG21,16600,PE,2021-08-26,10:24:59,11.6,11.8,11.4,11.45,0,0
NIFTY,26AUG21,16600,PE,2021-08-26,10:25:59,11.5,11.75,11.25,11.55,0,0
NIFTY,26AUG21,16600,PE,2021-08-26,10:26:59,11.65,12.7,11.65,12.15,0,0
NIFTY,26AUG21,16600,PE,2021-08-26,10:27:59,12.1,12.8,12.05,12.15,0,0
NIFTY,26AUG21,16600,PE,2021-08-26,10:28:59,12.1,12.5,12.1,12.35,0,0
NIFTY,26AUG21,16600,PE,2021-08-26,10:29:59,12.45,12.8,12.05,12.75,0,0
NIFTY,26AUG21,16600,PE,2021-08-26,10:30:59,12.85,13.2,12.65,12.8,0,0
NIFTY,26AUG21,16600,PE,2021-08-26,10:31:59,12.5,12.5,11.65,11.8,0,0
NIFTY,26AUG21,16600,PE,2021-08-26,10:32:59,11.8,12.4,11.7,12.25,0,0
NIFTY,26AUG21,16600,PE,2021-08-26,10:33:59,12.25,12.45,11.85,12.35,0,0
NIFTY,26AUG21,16600,PE,2021-08-26,10:34:59,12.3,12.45,12.15,12.15,0,0
NIFTY,26AUG21,16600,PE,2021-08-26,10:35:59,12.15,12.8,11.9,12.7,0,0
NIFTY,26AUG21,16600,PE,2021-08-26,10:36:59,12.8,13.05,12.05,12.1,0,0
NIFTY,26AUG21,16600,PE,2021-08-26,10:37:59,12.2,12.25,11.3,11.45,0,0
NIFTY,26AUG21,16600,PE,2021-08-26,10:38:59,11.5,12.15,11.45,11.65,0,0
NIFTY,26AUG21,16600,PE,2021-08-26,10:39:59,11.7,12.4,11.7,12.25,0,0
NIFTY,26AUG21,16600,PE,2021-08-26,10:40:59,12.3,12.75,12.2,12.65,0,0
NIFTY,26AUG21,16600,PE,2021-08-26,10:41:59,12.7,12.7,11.85,12.0,0,0
NIFTY,26AUG21,16600,PE,2021-08-26,10:42:59,12.0,12.1,11.85,11.85,0,0
NIFTY,26AUG21,16600,PE,2021-08-26,10:43:59,11.9,12.15,11.6,12.1,0,0
NIFTY,26AUG21,16600,PE,2021-08-26,10:44:59,12.15,12.5,11.85,11.95,0,0
NIFTY,26AUG21,16600,PE,2021-08-26,10:45:59,12.0,12.5,11.9,12.35,0,0
NIFTY,26AUG21,16600,PE,2021-08-26,10:46:59,12.35,12.85,12.35,12.7,0,0
NIFTY,26AUG21,16600,PE,2021-08-26,10:47:59,12.6,12.95,12.35,12.55,0,0
NIFTY,26AUG21,16600,PE,2021-08-26,10:48:59,12.65,12.75,12.0,12.2,0,0
NIFTY,26AUG21,16600,PE,2021-08-26,10:49:59,12.2,12.65,11.85,12.6,0,0
NIFTY,26AUG21,16600,PE,2021-08-26,10:50:59,12.5,12.95,12.3,12.95,0,0
NIFTY,26AUG21,16600,PE,2021-08-26,10:51:59,12.9,13.1,12.05,12.05,0,0
NIFTY,26AUG21,16600,PE,2021-08-26,10:52:59,12.0,12.9,11.85,12.85,0,0
NIFTY,26AUG21,16600,PE,2021-08-26,10:53:59,12.85,12.95,12.2,12.4,0,0
NIFTY,26AUG21,16600,PE,2021-08-26,10:54:59,12.4,12.4,11.8,11.8,0,0
NIFTY,26AUG21,16600,PE,2021-08-26,10:55:59,11.9,12.0,11.15,11.15,0,0
NIFTY,26AUG21,16600,PE,2021-08-26,10:56:59,11.1,11.1,10.55,10.75,0,0
NIFTY,26AUG21,16600,PE,2021-08-26,10:57:59,10.7,11.05,10.65,10.7,0,0
NIFTY,26AUG21,16600,PE,2021-08-26,10:58:59,10.55,10.9,10.3,10.35,0,0
NIFTY,26AUG21,16600,PE,2021-08-26,10:59:59,10.35,10.95,10.25,10.95,0,0
NIFTY,26AUG21,16600,PE,2021-08-26,11:00:59,10.9,11.05,10.75,11.0,0,0
NIFTY,26AUG21,16600,PE,2021-08-26,11:01:59,11.0,11.1,10.7,10.75,0,0
NIFTY,26AUG21,16600,PE,2021-08-26,11:02:59,10.8,11.0,10.75,10.95,0,0
NIFTY,26AUG21,16600,PE,2021-08-26,11:03:59,11.0,11.5,10.9,11.45,0,0
NIFTY,26AUG21,16600,PE,2021-08-26,11:04:59,11.55,12.1,11.55,11.95,0,0
NIFTY,26AUG21,16600,PE,2021-08-26,11:05:59,11.95,12.15,11.4,11.75,0,0
NIFTY,26AUG21,16600,PE,2021-08-26,11:06:59,11.85,12.6,11.75,12.6,0,0
NIFTY,26AUG21,16600,PE,2021-08-26,11:07:59,12.5,12.65,11.75,11.85,0,0
NIFTY,26AUG21,16600,PE,2021-08-26,11:08:59,11.9,11.9,11.3,11.3,0,0
NIFTY,26AUG21,16600,PE,2021-08-26,11:09:59,11.4,12.1,11.3,11.85,0,0
NIFTY,26AUG21,16600,PE,2021-08-26,11:10:59,11.85,11.9,10.8,10.95,0,0
NIFTY,26AUG21,16600,PE,2021-08-26,11:11:59,10.95,10.95,9.3,9.55,0,0
NIFTY,26AUG21,16600,PE,2021-08-26,11:12:59,9.55,10.5,9.4,10.4,0,0
NIFTY,26AUG21,16600,PE,2021-08-26,11:13:59,10.4,10.5,10.05,10.45,0,0
NIFTY,26AUG21,16600,PE,2021-08-26,11:14:59,10.45,10.9,10.35,10.5,0,0
NIFTY,26AUG21,16600,PE,2021-08-26,11:15:59,10.45,10.55,10.1,10.25,0,0
NIFTY,26AUG21,16600,PE,2021-08-26,11:16:59,10.2,10.7,10.0,10.5,0,0
NIFTY,26AUG21,16600,PE,2021-08-26,11:17:59,10.55,11.3,10.5,11.25,0,0
NIFTY,26AUG21,16600,PE,2021-08-26,11:18:59,11.25,11.25,10.5,11.0,0,0
NIFTY,26AUG21,16600,PE,2021-08-26,11:19:59,10.95,11.15,10.65,11.15,0,0
NIFTY,26AUG21,16600,PE,2021-08-26,11:20:59,11.15,11.65,11.1,11.45,0,0
NIFTY,26AUG21,16600,PE,2021-08-26,11:21:59,11.5,11.65,11.05,11.45,0,0
NIFTY,26AUG21,16600,PE,2021-08-26,11:22:59,11.5,12.2,11.4,11.85,0,0
NIFTY,26AUG21,16600,PE,2021-08-26,11:23:59,11.95,12.45,11.6,12.45,0,0
NIFTY,26AUG21,16600,PE,2021-08-26,11:24:59,12.5,12.5,11.35,11.9,0,0
NIFTY,26AUG21,16600,PE,2021-08-26,11:25:59,11.95,12.05,11.3,12.05,0,0
NIFTY,26AUG21,16600,PE,2021-08-26,11:26:59,12.25,12.5,11.55,11.65,0,0
NIFTY,26AUG21,16600,PE,2021-08-26,11:27:59,11.55,11.85,11.4,11.65,0,0
NIFTY,26AUG21,16600,PE,2021-08-26,11:28:59,11.6,11.6,10.85,11.15,0,0
NIFTY,26AUG21,16600,PE,2021-08-26,11:29:59,11.1,11.1,10.5,10.9,0,0
NIFTY,26AUG21,16600,PE,2021-08-26,11:30:59,10.85,10.85,9.05,9.9,0,0
NIFTY,26AUG21,16600,PE,2021-08-26,11:31:59,10.0,10.0,9.4,9.7,0,0
NIFTY,26AUG21,16600,PE,2021-08-26,11:32:59,9.7,10.0,9.4,9.6,0,0
NIFTY,26AUG21,16600,PE,2021-08-26,11:33:59,9.45,9.6,8.35,8.5,0,0
NIFTY,26AUG21,16600,PE,2021-08-26,11:34:59,8.5,8.6,8.1,8.2,0,0
NIFTY,26AUG21,16600,PE,2021-08-26,11:35:59,8.15,8.65,7.7,8.4,0,0
NIFTY,26AUG21,16600,PE,2021-08-26,11:36:59,8.3,8.5,7.9,8.4,0,0
NIFTY,26AUG21,16600,PE,2021-08-26,11:37:59,8.4,8.75,8.3,8.65,0,0
NIFTY,26AUG21,16600,PE,2021-08-26,11:38:59,8.65,8.9,8.5,8.85,0,0
NIFTY,26AUG21,16600,PE,2021-08-26,11:39:59,8.8,9.0,8.75,8.9,0,0
NIFTY,26AUG21,16600,PE,2021-08-26,11:40:59,8.9,9.25,8.9,9.05,0,0
NIFTY,26AUG21,16600,PE,2021-08-26,11:41:59,9.1,9.25,8.7,9.05,0,0
NIFTY,26AUG21,16600,PE,2021-08-26,11:42:59,9.0,9.2,8.8,8.9,0,0
NIFTY,26AUG21,16600,PE,2021-08-26,11:43:59,8.95,9.15,8.8,9.05,0,0
NIFTY,26AUG21,16600,PE,2021-08-26,11:44:59,9.1,9.45,8.95,9.35,0,0
NIFTY,26AUG21,16600,PE,2021-08-26,11:45:59,9.4,9.45,8.95,9.45,0,0
NIFTY,26AUG21,16600,PE,2021-08-26,11:46:59,9.4,9.55,9.25,9.55,0,0
NIFTY,26AUG21,16600,PE,2021-08-26,11:47:59,9.6,9.75,9.05,9.35,0,0
NIFTY,26AUG21,16600,PE,2021-08-26,11:48:59,9.4,9.4,8.65,8.95,0,0
NIFTY,26AUG21,16600,PE,2021-08-26,11:49:59,8.9,9.35,8.8,9.2,0,0
NIFTY,26AUG21,16600,PE,2021-08-26,11:50:59,9.1,9.1,8.6,8.95,0,0
NIFTY,26AUG21,16600,PE,2021-08-26,11:51:59,8.95,9.3,8.9,9.15,0,0
NIFTY,26AUG21,16600,PE,2021-08-26,11:52:59,9.15,9.4,9.0,9.2,0,0
NIFTY,26AUG21,16600,PE,2021-08-26,11:53:59,9.2,9.4,9.1,9.4,0,0
NIFTY,26AUG21,16600,PE,2021-08-26,11:54:59,9.35,10.1,9.35,10.05,0,0
NIFTY,26AUG21,16600,PE,2021-08-26,11:55:59,10.1,10.15,9.55,9.55,0,0
NIFTY,26AUG21,16600,PE,2021-08-26,11:56:59,9.6,10.0,9.5,9.95,0,0
NIFTY,26AUG21,16600,PE,2021-08-26,11:57:59,9.95,10.0,9.45,9.6,0,0
NIFTY,26AUG21,16600,PE,2021-08-26,11:58:59,9.7,9.75,8.6,9.35,0,0
NIFTY,26AUG21,16600,PE,2021-08-26,11:59:59,9.35,9.75,9.35,9.65,0,0
NIFTY,26AUG21,16600,PE,2021-08-26,12:00:59,9.65,10.25,9.4,10.0,0,0
NIFTY,26AUG21,16600,PE,2021-08-26,12:01:59,10.05,10.2,9.55,9.95,0,0
NIFTY,26AUG21,16600,PE,2021-08-26,12:02:59,9.9,10.2,9.7,10.15,0,0
NIFTY,26AUG21,16600,PE,2021-08-26,12:03:59,10.2,11.9,9.9,11.9,0,0
NIFTY,26AUG21,16600,PE,2021-08-26,12:04:59,11.9,12.8,11.2,12.25,0,0
NIFTY,26AUG21,16600,PE,2021-08-26,12:05:59,12.25,12.45,11.25,12.25,0,0
NIFTY,26AUG21,16600,PE,2021-08-26,12:06:59,12.3,12.8,12.1,12.8,0,0
NIFTY,26AUG21,16600,PE,2021-08-26,12:07:59,12.95,13.7,11.6,12.6,0,0
NIFTY,26AUG21,16600,PE,2021-08-26,12:08:59,12.5,14.0,12.5,12.7,0,0
NIFTY,26AUG21,16600,PE,2021-08-26,12:09:59,12.65,12.8,11.35,11.4,0,0
NIFTY,26AUG21,16600,PE,2021-08-26,12:10:59,11.25,11.55,10.65,11.5,0,0
NIFTY,26AUG21,16600,PE,2021-08-26,12:11:59,11.45,12.1,11.4,11.4,0,0
NIFTY,26AUG21,16600,PE,2021-08-26,12:12:59,11.65,12.0,11.4,11.95,0,0
NIFTY,26AUG21,16600,PE,2021-08-26,12:13:59,11.85,11.95,11.25,11.65,0,0
NIFTY,26AUG21,16600,PE,2021-08-26,12:14:59,11.7,11.8,10.85,11.3,0,0
NIFTY,26AUG21,16600,PE,2021-08-26,12:15:59,11.35,11.5,10.85,11.4,0,0
NIFTY,26AUG21,16600,PE,2021-08-26,12:16:59,11.5,12.35,11.4,12.35,0,0
NIFTY,26AUG21,16600,PE,2021-08-26,12:17:59,12.15,12.2,9.5,10.15,0,0
NIFTY,26AUG21,16600,PE,2021-08-26,12:18:59,10.15,10.15,8.05,9.45,0,0
NIFTY,26AUG21,16600,PE,2021-08-26,12:19:59,9.45,10.05,9.45,9.8,0,0
NIFTY,26AUG21,16600,PE,2021-08-26,12:20:59,9.7,10.75,9.7,10.75,0,0
NIFTY,26AUG21,16600,PE,2021-08-26,12:21:59,10.85,11.2,10.5,10.8,0,0
NIFTY,26AUG21,16600,PE,2021-08-26,12:22:59,10.65,11.35,10.65,11.35,0,0
NIFTY,26AUG21,16600,PE,2021-08-26,12:23:59,11.15,11.6,10.95,11.6,0,0
NIFTY,26AUG21,16600,PE,2021-08-26,12:24:59,11.5,12.5,11.1,12.35,0,0
NIFTY,26AUG21,16600,PE,2021-08-26,12:25:59,12.6,12.75,11.5,12.2,0,0
NIFTY,26AUG21,16600,PE,2021-08-26,12:26:59,12.25,12.9,12.1,12.65,0,0
NIFTY,26AUG21,16600,PE,2021-08-26,12:27:59,12.7,14.35,12.7,13.95,0,0
NIFTY,26AUG21,16600,PE,2021-08-26,12:28:59,13.95,15.7,13.4,13.85,0,0
NIFTY,26AUG21,16600,PE,2021-08-26,12:29:59,13.8,14.9,13.55,14.35,0,0
NIFTY,26AUG21,16600,PE,2021-08-26,12:30:59,14.15,14.5,11.95,11.95,0,0
NIFTY,26AUG21,16600,PE,2021-08-26,12:31:59,12.2,13.35,12.05,13.35,0,0
NIFTY,26AUG21,16600,PE,2021-08-26,12:32:59,14.0,14.45,13.5,13.9,0,0
NIFTY,26AUG21,16600,PE,2021-08-26,12:33:59,13.95,14.65,13.75,14.4,0,0
NIFTY,26AUG21,16600,PE,2021-08-26,12:34:59,14.4,14.6,13.5,14.4,0,0
NIFTY,26AUG21,16600,PE,2021-08-26,12:35:59,14.5,14.95,13.2,13.25,0,0
NIFTY,26AUG21,16600,PE,2021-08-26,12:36:59,13.05,13.9,13.0,13.7,0,0
NIFTY,26AUG21,16600,PE,2021-08-26,12:37:59,13.75,14.3,13.4,14.0,0,0
NIFTY,26AUG21,16600,PE,2021-08-26,12:38:59,13.95,14.5,13.4,14.2,0,0
NIFTY,26AUG21,16600,PE,2021-08-26,12:39:59,14.2,15.05,13.75,13.75,0,0
NIFTY,26AUG21,16600,PE,2021-08-26,12:40:59,13.9,17.0,13.9,15.5,0,0
NIFTY,26AUG21,16600,PE,2021-08-26,12:41:59,15.65,15.95,14.1,15.4,0,0
NIFTY,26AUG21,16600,PE,2021-08-26,12:42:59,15.5,15.5,14.1,14.6,0,0
NIFTY,26AUG21,16600,PE,2021-08-26,12:43:59,14.6,14.85,13.1,13.75,0,0
NIFTY,26AUG21,16600,PE,2021-08-26,12:44:59,13.75,15.3,13.75,15.3,0,0
NIFTY,26AUG21,16600,PE,2021-08-26,12:45:59,15.4,16.55,15.25,15.95,0,0
NIFTY,26AUG21,16600,PE,2021-08-26,12:46:59,15.85,17.65,15.85,17.2,0,0
NIFTY,26AUG21,16600,PE,2021-08-26,12:47:59,16.95,17.0,15.8,16.95,0,0
NIFTY,26AUG21,16600,PE,2021-08-26,12:48:59,16.65,17.3,16.25,17.25,0,0
NIFTY,26AUG21,16600,PE,2021-08-26,12:49:59,16.9,19.0,16.7,18.6,0,0
NIFTY,26AUG21,16600,PE,2021-08-26,12:50:59,18.8,20.9,18.45,19.05,0,0
NIFTY,26AUG21,16600,PE,2021-08-26,12:51:59,19.45,22.45,19.25,20.75,0,0
NIFTY,26AUG21,16600,PE,2021-08-26,12:52:59,21.0,24.7,20.55,24.0,0,0
NIFTY,26AUG21,16600,PE,2021-08-26,12:53:59,23.9,24.0,19.45,20.05,0,0
NIFTY,26AUG21,16600,PE,2021-08-26,12:54:59,20.0,21.4,16.85,16.85,0,0
NIFTY,26AUG21,16600,PE,2021-08-26,12:55:59,16.3,16.6,13.85,16.5,0,0
NIFTY,26AUG21,16600,PE,2021-08-26,12:56:59,16.9,18.45,15.9,18.2,0,0
NIFTY,26AUG21,16600,PE,2021-08-26,12:57:59,18.4,18.5,15.15,16.35,0,0
NIFTY,26AUG21,16600,PE,2021-08-26,12:58:59,16.3,16.9,14.0,14.45,0,0
NIFTY,26AUG21,16600,PE,2021-08-26,12:59:59,14.7,14.7,11.3,12.5,0,0
NIFTY,26AUG21,16600,PE,2021-08-26,13:00:59,12.5,12.5,8.0,8.45,0,0
NIFTY,26AUG21,16600,PE,2021-08-26,13:01:59,8.55,10.5,8.5,10.2,0,0
NIFTY,26AUG21,16600,PE,2021-08-26,13:02:59,10.35,11.35,10.05,11.35,0,0
NIFTY,26AUG21,16600,PE,2021-08-26,13:03:59,11.05,12.5,10.9,11.85,0,0
NIFTY,26AUG21,16600,PE,2021-08-26,13:04:59,11.9,13.75,11.8,13.0,0,0
NIFTY,26AUG21,16600,PE,2021-08-26,13:05:59,13.0,13.05,11.05,11.6,0,0
NIFTY,26AUG21,16600,PE,2021-08-26,13:06:59,11.4,11.65,10.0,10.15,0,0
NIFTY,26AUG21,16600,PE,2021-08-26,13:07:59,10.25,11.05,10.15,10.8,0,0
NIFTY,26AUG21,16600,PE,2021-08-26,13:08:59,10.7,10.8,10.3,10.55,0,0
NIFTY,26AUG21,16600,PE,2021-08-26,13:09:59,10.6,10.9,8.7,9.95,0,0
NIFTY,26AUG21,16600,PE,2021-08-26,13:10:59,10.45,10.45,9.25,10.0,0,0
NIFTY,26AUG21,16600,PE,2021-08-26,13:11:59,9.9,11.2,9.9,11.0,0,0
NIFTY,26AUG21,16600,PE,2021-08-26,13:12:59,10.95,11.0,9.6,10.2,0,0
NIFTY,26AUG21,16600,PE,2021-08-26,13:13:59,10.3,10.3,9.55,10.1,0,0
NIFTY,26AUG21,16600,PE,2021-08-26,13:14:59,10.2,10.5,9.95,10.5,0,0
NIFTY,26AUG21,16600,PE,2021-08-26,13:15:59,10.5,11.5,10.0,11.3,0,0
NIFTY,26AUG21,16600,PE,2021-08-26,13:16:59,11.4,11.5,10.8,11.4,0,0
NIFTY,26AUG21,16600,PE,2021-08-26,13:17:59,11.35,13.1,11.2,12.85,0,0
NIFTY,26AUG21,16600,PE,2021-08-26,13:18:59,12.85,12.85,10.05,10.1,0,0
NIFTY,26AUG21,16600,PE,2021-08-26,13:19:59,10.05,10.8,9.55,9.55,0,0
NIFTY,26AUG21,16600,PE,2021-08-26,13:20:59,9.6,9.6,8.8,8.95,0,0
NIFTY,26AUG21,16600,PE,2021-08-26,13:21:59,8.7,10.0,8.65,10.0,0,0
NIFTY,26AUG21,16600,PE,2021-08-26,13:22:59,9.9,10.3,9.7,9.9,0,0
NIFTY,26AUG21,16600,PE,2021-08-26,13:23:59,9.85,10.3,9.3,10.25,0,0
NIFTY,26AUG21,16600,PE,2021-08-26,13:24:59,10.3,10.3,9.4,9.45,0,0
NIFTY,26AUG21,16600,PE,2021-08-26,13:25:59,9.55,9.9,9.4,9.9,0,0
NIFTY,26AUG21,16600,PE,2021-08-26,13:26:59,9.85,9.95,8.75,9.4,0,0
NIFTY,26AUG21,16600,PE,2021-08-26,13:27:59,9.45,9.65,8.0,8.4,0,0
NIFTY,26AUG21,16600,PE,2021-08-26,13:28:59,8.4,8.4,6.4,6.95,0,0
NIFTY,26AUG21,16600,PE,2021-08-26,13:29:59,6.75,7.1,6.55,6.85,0,0
NIFTY,26AUG21,16600,PE,2021-08-26,13:30:59,6.7,7.45,6.65,7.35,0,0
NIFTY,26AUG21,16600,PE,2021-08-26,13:31:59,7.3,8.25,7.3,7.95,0,0
NIFTY,26AUG21,16600,PE,2021-08-26,13:32:59,8.0,8.4,7.8,8.35,0,0
NIFTY,26AUG21,16600,PE,2021-08-26,13:33:59,8.45,8.9,8.0,8.8,0,0
NIFTY,26AUG21,16600,PE,2021-08-26,13:34:59,8.8,10.2,8.65,9.7,0,0
NIFTY,26AUG21,16600,PE,2021-08-26,13:35:59,9.8,10.6,9.55,10.2,0,0
NIFTY,26AUG21,16600,PE,2021-08-26,13:36:59,10.0,10.4,9.5,9.55,0,0
NIFTY,26AUG21,16600,PE,2021-08-26,13:37:59,9.65,9.85,8.6,9.7,0,0
NIFTY,26AUG21,16600,PE,2021-08-26,13:38:59,9.85,10.45,9.65,10.25,0,0
NIFTY,26AUG21,16600,PE,2021-08-26,13:39:59,10.2,11.9,10.15,11.25,0,0
NIFTY,26AUG21,16600,PE,2021-08-26,13:40:59,11.65,11.95,10.65,11.15,0,0
NIFTY,26AUG21,16600,PE,2021-08-26,13:41:59,11.0,11.0,9.45,9.7,0,0
NIFTY,26AUG21,16600,PE,2021-08-26,13:42:59,9.55,9.7,8.2,8.75,0,0
NIFTY,26AUG21,16600,PE,2021-08-26,13:43:59,8.85,9.15,8.25,9.05,0,0
NIFTY,26AUG21,16600,PE,2021-08-26,13:44:59,9.1,9.5,8.4,8.8,0,0
NIFTY,26AUG21,16600,PE,2021-08-26,13:45:59,8.75,9.3,8.6,9.2,0,0
NIFTY,26AUG21,16600,PE,2021-08-26,13:46:59,9.15,9.65,9.0,9.25,0,0
NIFTY,26AUG21,16600,PE,2021-08-26,13:47:59,9.05,9.2,7.7,8.0,0,0
NIFTY,26AUG21,16600,PE,2021-08-26,13:48:59,7.85,8.85,7.75,8.7,0,0
NIFTY,26AUG21,16600,PE,2021-08-26,13:49:59,8.7,10.7,8.7,9.95,0,0
NIFTY,26AUG21,16600,PE,2021-08-26,13:50:59,10.0,10.45,9.2,9.7,0,0
NIFTY,26AUG21,16600,PE,2021-08-26,13:51:59,9.9,10.0,8.9,9.7,0,0
NIFTY,26AUG21,16600,PE,2021-08-26,13:52:59,9.5,9.55,8.4,8.95,0,0
NIFTY,26AUG21,16600,PE,2021-08-26,13:53:59,8.9,9.15,8.3,9.0,0,0
NIFTY,26AUG21,16600,PE,2021-08-26,13:54:59,9.05,9.05,8.35,8.5,0,0
NIFTY,26AUG21,16600,PE,2021-08-26,13:55:59,8.4,8.5,7.75,8.1,0,0
NIFTY,26AUG21,16600,PE,2021-08-26,13:56:59,8.0,8.75,8.0,8.75,0,0
NIFTY,26AUG21,16600,PE,2021-08-26,13:57:59,8.55,9.0,8.4,8.8,0,0
NIFTY,26AUG21,16600,PE,2021-08-26,13:58:59,9.0,9.0,7.35,7.45,0,0
NIFTY,26AUG21,16600,PE,2021-08-26,13:59:59,7.5,8.5,7.4,8.15,0,0
NIFTY,26AUG21,16600,PE,2021-08-26,14:00:59,8.1,8.45,6.4,6.9,0,0
NIFTY,26AUG21,16600,PE,2021-08-26,14:01:59,6.8,8.25,6.8,7.3,0,0
NIFTY,26AUG21,16600,PE,2021-08-26,14:02:59,7.3,7.75,6.85,7.0,0,0
NIFTY,26AUG21,16600,PE,2021-08-26,14:03:59,6.95,7.0,5.15,5.6,0,0
NIFTY,26AUG21,16600,PE,2021-08-26,14:04:59,5.65,5.65,4.5,4.85,0,0
NIFTY,26AUG21,16600,PE,2021-08-26,14:05:59,4.85,5.3,4.5,5.2,0,0
NIFTY,26AUG21,16600,PE,2021-08-26,14:06:59,5.25,5.25,4.9,5.1,0,0
NIFTY,26AUG21,16600,PE,2021-08-26,14:07:59,5.0,5.1,4.85,4.9,0,0
NIFTY,26AUG21,16600,PE,2021-08-26,14:08:59,4.95,5.5,4.9,5.4,0,0
NIFTY,26AUG21,16600,PE,2021-08-26,14:09:59,5.35,5.5,5.0,5.05,0,0
NIFTY,26AUG21,16600,PE,2021-08-26,14:10:59,5.0,5.4,4.9,5.4,0,0
NIFTY,26AUG21,16600,PE,2021-08-26,14:11:59,5.3,5.45,4.9,5.0,0,0
NIFTY,26AUG21,16600,PE,2021-08-26,14:12:59,5.0,5.2,4.65,5.0,0,0
NIFTY,26AUG21,16600,PE,2021-08-26,14:13:59,4.95,5.4,4.95,5.3,0,0
NIFTY,26AUG21,16600,PE,2021-08-26,14:14:59,5.35,5.4,4.8,4.95,0,0
NIFTY,26AUG21,16600,PE,2021-08-26,14:15:59,5.05,5.05,4.15,4.45,0,0
NIFTY,26AUG21,16600,PE,2021-08-26,14:16:59,4.5,5.5,4.5,5.25,0,0
NIFTY,26AUG21,16600,PE,2021-08-26,14:17:59,5.25,5.35,4.4,4.4,0,0
NIFTY,26AUG21,16600,PE,2021-08-26,14:18:59,4.35,4.35,3.45,3.55,0,0
NIFTY,26AUG21,16600,PE,2021-08-26,14:19:59,3.65,3.95,3.55,3.85,0,0
NIFTY,26AUG21,16600,PE,2021-08-26,14:20:59,3.8,4.5,3.8,4.45,0,0
NIFTY,26AUG21,16600,PE,2021-08-26,14:21:59,4.4,4.95,4.3,4.9,0,0
NIFTY,26AUG21,16600,PE,2021-08-26,14:22:59,4.85,5.45,4.8,4.95,0,0
NIFTY,26AUG21,16600,PE,2021-08-26,14:23:59,4.95,5.4,4.65,4.65,0,0
NIFTY,26AUG21,16600,PE,2021-08-26,14:24:59,4.7,6.95,4.35,6.2,0,0
NIFTY,26AUG21,16600,PE,2021-08-26,14:25:59,6.3,6.45,5.4,6.25,0,0
NIFTY,26AUG21,16600,PE,2021-08-26,14:26:59,6.3,6.65,5.95,6.4,0,0
NIFTY,26AUG21,16600,PE,2021-08-26,14:27:59,6.25,7.5,6.05,7.4,0,0
NIFTY,26AUG21,16600,PE,2021-08-26,14:28:59,7.55,7.6,6.1,6.55,0,0
NIFTY,26AUG21,16600,PE,2021-08-26,14:29:59,6.55,6.55,4.95,5.95,0,0
NIFTY,26AUG21,16600,PE,2021-08-26,14:30:59,5.6,5.65,5.1,5.35,0,0
NIFTY,26AUG21,16600,PE,2021-08-26,14:31:59,5.45,5.45,4.25,5.15,0,0
NIFTY,26AUG21,16600,PE,2021-08-26,14:32:59,5.1,6.25,5.1,5.95,0,0
NIFTY,26AUG21,16600,PE,2021-08-26,14:33:59,6.0,8.45,5.9,7.8,0,0
NIFTY,26AUG21,16600,PE,2021-08-26,14:34:59,7.75,8.85,6.95,8.1,0,0
NIFTY,26AUG21,16600,PE,2021-08-26,14:35:59,8.4,9.95,8.0,9.9,0,0
NIFTY,26AUG21,16600,PE,2021-08-26,14:36:59,11.25,11.5,8.8,10.35,0,0
NIFTY,26AUG21,16600,PE,2021-08-26,14:37:59,10.2,10.5,8.25,10.2,0,0
NIFTY,26AUG21,16600,PE,2021-08-26,14:38:59,10.25,12.9,10.25,11.75,0,0
NIFTY,26AUG21,16600,PE,2021-08-26,14:39:59,11.75,11.75,8.45,8.45,0,0
NIFTY,26AUG21,16600,PE,2021-08-26,14:40:59,8.25,10.25,6.7,9.6,0,0
NIFTY,26AUG21,16600,PE,2021-08-26,14:41:59,9.9,10.85,9.05,9.65,0,0
NIFTY,26AUG21,16600,PE,2021-08-26,14:42:59,9.75,10.6,8.55,9.1,0,0
NIFTY,26AUG21,16600,PE,2021-08-26,14:43:59,8.75,9.95,8.2,9.45,0,0
NIFTY,26AUG21,16600,PE,2021-08-26,14:44:59,9.5,9.9,8.4,9.55,0,0
NIFTY,26AUG21,16600,PE,2021-08-26,14:45:59,9.65,9.95,8.75,9.8,0,0
NIFTY,26AUG21,16600,PE,2021-08-26,14:46:59,9.9,11.65,9.35,10.2,0,0
NIFTY,26AUG21,16600,PE,2021-08-26,14:47:59,9.9,11.95,9.8,9.8,0,0
NIFTY,26AUG21,16600,PE,2021-08-26,14:48:59,9.3,10.35,3.0,4.85,0,0
NIFTY,26AUG21,16600,PE,2021-08-26,14:49:59,4.8,4.8,2.8,4.15,0,0
NIFTY,26AUG21,16600,PE,2021-08-26,14:50:59,4.25,5.7,3.9,4.4,0,0
NIFTY,26AUG21,16600,PE,2021-08-26,14:51:59,4.2,5.15,4.1,4.95,0,0
NIFTY,26AUG21,16600,PE,2021-08-26,14:52:59,4.75,4.95,3.15,3.3,0,0
NIFTY,26AUG21,16600,PE,2021-08-26,14:53:59,3.25,4.5,3.25,4.25,0,0
NIFTY,26AUG21,16600,PE,2021-08-26,14:54:59,4.3,4.45,3.6,4.4,0,0
NIFTY,26AUG21,16600,PE,2021-08-26,14:55:59,4.4,4.55,3.55,4.3,0,0
NIFTY,26AUG21,16600,PE,2021-08-26,14:56:59,4.35,4.5,3.9,4.2,0,0
NIFTY,26AUG21,16600,PE,2021-08-26,14:57:59,4.1,4.1,3.55,4.1,0,0
NIFTY,26AUG21,16600,PE,2021-08-26,14:58:59,4.0,4.45,3.9,4.45,0,0
NIFTY,26AUG21,16600,PE,2021-08-26,14:59:59,4.4,7.8,4.4,6.4,0,0
NIFTY,26AUG21,16600,PE,2021-08-26,15:00:59,5.5,5.6,1.15,1.45,0,0
NIFTY,26AUG21,16600,PE,2021-08-26,15:01:59,1.5,1.75,1.0,1.0,0,0
NIFTY,26AUG21,16600,PE,2021-08-26,15:02:59,1.1,1.1,0.7,0.75,0,0
NIFTY,26AUG21,16600,PE,2021-08-26,15:03:59,0.75,1.35,0.75,1.05,0,0
NIFTY,26AUG21,16600,PE,2021-08-26,15:04:59,1.0,1.05,0.75,0.75,0,0
NIFTY,26AUG21,16600,PE,2021-08-26,15:05:59,0.7,0.75,0.45,0.45,0,0
NIFTY,26AUG21,16600,PE,2021-08-26,15:06:59,0.45,0.5,0.3,0.4,0,0
NIFTY,26AUG21,16600,PE,2021-08-26,15:07:59,0.4,0.4,0.35,0.35,0,0
NIFTY,26AUG21,16600,PE,2021-08-26,15:08:59,0.35,0.4,0.25,0.3,0,0
NIFTY,26AUG21,16600,PE,2021-08-26,15:09:59,0.25,0.3,0.15,0.2,0,0
NIFTY,26AUG21,16600,PE,2021-08-26,15:10:59,0.2,0.2,0.15,0.2,0,0
NIFTY,26AUG21,16600,PE,2021-08-26,15:11:59,0.2,0.2,0.1,0.1,0,0
NIFTY,26AUG21,16600,PE,2021-08-26,15:12:59,0.15,0.15,0.1,0.1,0,0
NIFTY,26AUG21,16600,PE,2021-08-26,15:13:59,0.15,0.15,0.1,0.1,0,0
NIFTY,26AUG21,16600,PE,2021-08-26,15:14:59,0.15,0.15,0.1,0.1,0,0
NIFTY,26AUG21,16600,PE,2021-08-26,15:15:59,0.15,0.15,0.1,0.1,0,0
NIFTY,26AUG21,16600,PE,2021-08-26,15:16:59,0.1,0.15,0.05,0.1,0,0
NIFTY,26AUG21,16600,PE,2021-08-26,15:17:59,0.1,0.1,0.05,0.05,0,0
NIFTY,26AUG21,16600,PE,2021-08-26,15:18:59,0.05,0.1,0.05,0.05,0,0
NIFTY,26AUG21,16600,PE,2021-08-26,15:19:59,0.05,0.1,0.05,0.05,0,0
NIFTY,26AUG21,16600,PE,2021-08-26,15:20:59,0.05,0.1,0.05,0.05,0,0
NIFTY,26AUG21,16600,PE,2021-08-26,15:21:59,0.1,0.1,0.05,0.05,0,0
NIFTY,26AUG21,16600,PE,2021-08-26,15:22:59,0.05,0.05,0.05,0.05,0,0
NIFTY,26AUG21,16600,PE,2021-08-26,15:23:59,0.05,0.05,0.05,0.05,0,0
NIFTY,26AUG21,16600,PE,2021-08-26,15:24:59,0.05,0.05,0.05,0.05,0,0
NIFTY,26AUG21,16600,PE,2021-08-26,15:25:59,0.05,0.05,0.05,0.05,0,0
NIFTY,26AUG21,16600,PE,2021-08-26,15:26:59,0.05,0.05,0.05,0.05,0,0
NIFTY,26AUG21,16600,PE,2021-08-26,15:27:59,0.05,0.05,0.05,0.05,0,0
NIFTY,26AUG21,16600,PE,2021-08-26,15:28:59,0.05,0.05,0.05,0.05,0,0
NIFTY,26AUG21,16600,PE,2021-08-26,15:29:59,0.05,0.05,0.05,0.05,0,0
