Symbol,Expiry,Strike,OptionType,Date,Time,Open,High,Low,Close,Volume,OI
NIFTY,28OCT21,17350,PE,2021-10-22,09:15:59,7.3,7.3,5.7,5.7,250,218450
NIFTY,28OCT21,17350,PE,2021-10-22,09:16:59,5.85,6.8,5.75,5.85,9950,218450
NIFTY,28OCT21,17350,PE,2021-10-22,09:17:59,5.8,6.0,5.8,5.9,6600,221700
NIFTY,28OCT21,17350,PE,2021-10-22,09:18:59,5.95,6.4,5.85,6.25,8300,221700
NIFTY,28OCT21,17350,PE,2021-10-22,09:19:59,6.3,6.35,6.05,6.1,4900,221700
NIFTY,28OCT21,17350,PE,2021-10-22,09:20:59,6.1,6.25,5.95,6.1,8950,224250
NIFTY,28OCT21,17350,PE,2021-10-22,09:21:59,6.05,6.25,5.95,6.1,34400,224250
NIFTY,28OCT21,17350,PE,2021-10-22,09:22:59,6.05,6.35,6.05,6.15,11300,224250
NIFTY,28OCT21,17350,PE,2021-10-22,09:23:59,6.15,6.55,6.15,6.5,7500,256150
NIFTY,28OCT21,17350,PE,2021-10-22,09:24:59,6.45,6.5,6.2,6.35,4450,256150
NIFTY,28OCT21,17350,PE,2021-10-22,09:25:59,6.35,6.35,6.15,6.15,5450,256150
NIFTY,28OCT21,17350,PE,2021-10-22,09:26:59,6.2,6.2,5.95,5.95,1350,258850
NIFTY,28OCT21,17350,PE,2021-10-22,09:27:59,5.95,5.95,5.75,5.75,3750,258850
NIFTY,28OCT21,17350,PE,2021-10-22,09:28:59,5.75,5.85,5.7,5.75,4700,258850
NIFTY,28OCT21,17350,PE,2021-10-22,09:29:59,5.75,5.8,5.75,5.75,2900,244550
NIFTY,28OCT21,17350,PE,2021-10-22,09:30:59,5.8,5.95,5.75,5.8,15500,244550
NIFTY,28OCT21,17350,PE,2021-10-22,09:31:59,5.65,5.85,5.65,5.85,3400,244550
NIFTY,28OCT21,17350,PE,2021-10-22,09:32:59,5.85,5.9,5.85,5.85,2700,248400
NIFTY,28OCT21,17350,PE,2021-10-22,09:33:59,5.9,5.9,5.7,5.7,2050,248400
NIFTY,28OCT21,17350,PE,2021-10-22,09:34:59,5.75,5.8,5.65,5.8,3550,248400
NIFTY,28OCT21,17350,PE,2021-10-22,09:35:59,5.7,5.8,5.65,5.65,5700,250550
NIFTY,28OCT21,17350,PE,2021-10-22,09:36:59,5.65,5.8,5.6,5.7,2650,250550
NIFTY,28OCT21,17350,PE,2021-10-22,09:37:59,5.7,5.7,5.6,5.6,800,250550
NIFTY,28OCT21,17350,PE,2021-10-22,09:38:59,5.65,5.7,5.6,5.7,3500,251500
NIFTY,28OCT21,17350,PE,2021-10-22,09:39:59,5.7,5.8,5.5,5.5,2250,251500
NIFTY,28OCT21,17350,PE,2021-10-22,09:40:59,5.45,5.6,5.45,5.55,1500,251500
NIFTY,28OCT21,17350,PE,2021-10-22,09:41:59,5.6,5.6,5.55,5.6,500,251500
NIFTY,28OCT21,17350,PE,2021-10-22,09:42:59,5.5,5.65,5.5,5.65,1500,252750
NIFTY,28OCT21,17350,PE,2021-10-22,09:43:59,5.65,5.7,5.65,5.7,950,252750
NIFTY,28OCT21,17350,PE,2021-10-22,09:44:59,5.6,5.6,5.4,5.4,4100,252100
NIFTY,28OCT21,17350,PE,2021-10-22,09:45:59,5.4,5.5,5.35,5.45,2600,252100
NIFTY,28OCT21,17350,PE,2021-10-22,09:46:59,5.45,5.6,5.4,5.6,2200,252100
NIFTY,28OCT21,17350,PE,2021-10-22,09:47:59,5.6,5.6,5.5,5.5,3050,248200
NIFTY,28OCT21,17350,PE,2021-10-22,09:48:59,5.5,5.6,5.45,5.6,550,248200
NIFTY,28OCT21,17350,PE,2021-10-22,09:49:59,5.5,5.6,5.5,5.55,1100,248200
NIFTY,28OCT21,17350,PE,2021-10-22,09:50:59,5.55,5.55,5.35,5.35,1550,250550
NIFTY,28OCT21,17350,PE,2021-10-22,09:51:59,5.4,5.55,5.3,5.5,14000,250550
NIFTY,28OCT21,17350,PE,2021-10-22,09:52:59,5.5,5.55,5.4,5.4,3750,250550
NIFTY,28OCT21,17350,PE,2021-10-22,09:53:59,5.4,5.55,5.4,5.5,5700,259550
NIFTY,28OCT21,17350,PE,2021-10-22,09:54:59,5.5,5.55,5.45,5.45,1900,259550
NIFTY,28OCT21,17350,PE,2021-10-22,09:55:59,5.45,5.65,5.45,5.6,1850,259550
NIFTY,28OCT21,17350,PE,2021-10-22,09:56:59,5.6,5.6,5.55,5.6,1300,263500
NIFTY,28OCT21,17350,PE,2021-10-22,09:57:59,5.55,5.7,5.55,5.6,2950,263500
NIFTY,28OCT21,17350,PE,2021-10-22,09:58:59,5.55,5.6,5.45,5.45,1950,263500
NIFTY,28OCT21,17350,PE,2021-10-22,09:59:59,5.4,5.4,5.25,5.3,1400,252950
NIFTY,28OCT21,17350,PE,2021-10-22,10:00:59,5.35,5.4,5.3,5.3,1900,252950
NIFTY,28OCT21,17350,PE,2021-10-22,10:01:59,5.25,5.25,5.15,5.2,4100,252950
NIFTY,28OCT21,17350,PE,2021-10-22,10:02:59,5.15,5.2,4.9,5.0,6350,255600
NIFTY,28OCT21,17350,PE,2021-10-22,10:03:59,4.9,5.0,4.9,4.95,850,255600
NIFTY,28OCT21,17350,PE,2021-10-22,10:04:59,5.0,5.1,5.0,5.1,1350,255600
NIFTY,28OCT21,17350,PE,2021-10-22,10:05:59,5.05,5.1,5.05,5.05,650,254000
NIFTY,28OCT21,17350,PE,2021-10-22,10:06:59,5.0,5.1,5.0,5.0,2300,254000
NIFTY,28OCT21,17350,PE,2021-10-22,10:07:59,4.95,5.0,4.95,4.95,2200,254000
NIFTY,28OCT21,17350,PE,2021-10-22,10:08:59,4.9,4.95,4.75,4.8,1800,253000
NIFTY,28OCT21,17350,PE,2021-10-22,10:09:59,4.85,4.9,4.85,4.85,1500,253000
NIFTY,28OCT21,17350,PE,2021-10-22,10:10:59,4.85,4.9,4.75,4.85,3300,253000
NIFTY,28OCT21,17350,PE,2021-10-22,10:11:59,4.85,4.85,4.85,4.85,150,253000
NIFTY,28OCT21,17350,PE,2021-10-22,10:12:59,4.75,4.85,4.75,4.85,1150,251800
NIFTY,28OCT21,17350,PE,2021-10-22,10:13:59,4.8,4.8,4.8,4.8,100,251800
NIFTY,28OCT21,17350,PE,2021-10-22,10:14:59,4.8,4.8,4.6,4.65,2150,252000
NIFTY,28OCT21,17350,PE,2021-10-22,10:15:59,4.7,4.7,4.7,4.7,150,252000
NIFTY,28OCT21,17350,PE,2021-10-22,10:16:59,4.7,4.7,4.6,4.6,3350,252000
NIFTY,28OCT21,17350,PE,2021-10-22,10:17:59,4.65,4.8,4.55,4.75,3000,254000
NIFTY,28OCT21,17350,PE,2021-10-22,10:18:59,4.8,4.95,4.8,4.95,1400,254000
NIFTY,28OCT21,17350,PE,2021-10-22,10:19:59,4.9,4.95,4.85,4.9,2150,254000
NIFTY,28OCT21,17350,PE,2021-10-22,10:20:59,4.95,5.0,4.95,5.0,3600,257300
NIFTY,28OCT21,17350,PE,2021-10-22,10:21:59,5.0,5.0,4.85,4.85,750,257300
NIFTY,28OCT21,17350,PE,2021-10-22,10:22:59,4.85,4.9,4.8,4.85,1250,257300
NIFTY,28OCT21,17350,PE,2021-10-22,10:23:59,4.85,4.85,4.75,4.8,4800,257300
NIFTY,28OCT21,17350,PE,2021-10-22,10:24:59,4.8,4.85,4.75,4.75,500,258600
NIFTY,28OCT21,17350,PE,2021-10-22,10:25:59,4.75,4.85,4.75,4.85,1550,258600
NIFTY,28OCT21,17350,PE,2021-10-22,10:26:59,4.85,4.9,4.8,4.85,1700,259650
NIFTY,28OCT21,17350,PE,2021-10-22,10:27:59,4.85,4.85,4.8,4.8,450,259650
NIFTY,28OCT21,17350,PE,2021-10-22,10:28:59,4.8,4.8,4.75,4.8,1200,259650
NIFTY,28OCT21,17350,PE,2021-10-22,10:29:59,4.8,4.8,4.8,4.8,2200,259650
NIFTY,28OCT21,17350,PE,2021-10-22,10:30:59,4.75,4.85,4.75,4.85,650,255450
NIFTY,28OCT21,17350,PE,2021-10-22,10:31:59,4.85,4.85,4.8,4.8,400,255450
NIFTY,28OCT21,17350,PE,2021-10-22,10:32:59,4.8,4.8,4.75,4.75,700,255000
NIFTY,28OCT21,17350,PE,2021-10-22,10:33:59,4.75,4.8,4.75,4.8,450,255000
NIFTY,28OCT21,17350,PE,2021-10-22,10:34:59,4.75,4.75,4.75,4.75,600,255000
NIFTY,28OCT21,17350,PE,2021-10-22,10:35:59,4.75,4.8,4.7,4.7,650,255000
NIFTY,28OCT21,17350,PE,2021-10-22,10:36:59,4.8,4.8,4.7,4.75,3400,255100
NIFTY,28OCT21,17350,PE,2021-10-22,10:37:59,4.75,4.75,4.75,4.75,750,255100
NIFTY,28OCT21,17350,PE,2021-10-22,10:38:59,4.75,4.75,4.7,4.7,2650,252700
NIFTY,28OCT21,17350,PE,2021-10-22,10:39:59,4.7,4.75,4.65,4.75,4350,252700
NIFTY,28OCT21,17350,PE,2021-10-22,10:40:59,4.75,4.8,4.7,4.75,550,252700
NIFTY,28OCT21,17350,PE,2021-10-22,10:42:59,4.7,4.75,4.65,4.75,2350,252500
NIFTY,28OCT21,17350,PE,2021-10-22,10:43:59,4.7,4.75,4.7,4.7,400,252500
NIFTY,28OCT21,17350,PE,2021-10-22,10:44:59,4.7,4.7,4.65,4.65,500,251400
NIFTY,28OCT21,17350,PE,2021-10-22,10:45:59,4.6,4.65,4.6,4.65,2800,251400
NIFTY,28OCT21,17350,PE,2021-10-22,10:46:59,4.65,4.65,4.6,4.6,1350,251400
NIFTY,28OCT21,17350,PE,2021-10-22,10:47:59,4.6,4.6,4.55,4.55,850,251400
NIFTY,28OCT21,17350,PE,2021-10-22,10:48:59,4.65,4.7,4.65,4.65,1350,247650
NIFTY,28OCT21,17350,PE,2021-10-22,10:49:59,4.65,4.65,4.65,4.65,1350,247650
NIFTY,28OCT21,17350,PE,2021-10-22,10:50:59,4.7,4.7,4.6,4.6,2300,246800
NIFTY,28OCT21,17350,PE,2021-10-22,10:51:59,4.65,4.65,4.6,4.6,1450,246800
NIFTY,28OCT21,17350,PE,2021-10-22,10:52:59,4.6,4.75,4.6,4.75,2100,246800
NIFTY,28OCT21,17350,PE,2021-10-22,10:53:59,4.8,4.8,4.75,4.75,300,246450
NIFTY,28OCT21,17350,PE,2021-10-22,10:54:59,4.75,4.85,4.75,4.85,400,246450
NIFTY,28OCT21,17350,PE,2021-10-22,10:55:59,4.9,4.9,4.8,4.9,1200,246450
NIFTY,28OCT21,17350,PE,2021-10-22,10:56:59,4.9,5.0,4.8,4.8,1900,246650
NIFTY,28OCT21,17350,PE,2021-10-22,10:57:59,4.8,4.85,4.8,4.8,350,246650
NIFTY,28OCT21,17350,PE,2021-10-22,10:58:59,4.85,4.9,4.85,4.85,550,246650
NIFTY,28OCT21,17350,PE,2021-10-22,10:59:59,4.85,4.85,4.8,4.8,250,247950
NIFTY,28OCT21,17350,PE,2021-10-22,11:00:59,4.75,4.75,4.65,4.65,2750,247950
NIFTY,28OCT21,17350,PE,2021-10-22,11:01:59,4.7,4.8,4.7,4.8,450,247950
NIFTY,28OCT21,17350,PE,2021-10-22,11:02:59,4.8,4.8,4.8,4.8,850,247950
NIFTY,28OCT21,17350,PE,2021-10-22,11:03:59,4.8,4.8,4.75,4.75,800,248550
NIFTY,28OCT21,17350,PE,2021-10-22,11:04:59,4.75,4.75,4.65,4.65,600,248550
NIFTY,28OCT21,17350,PE,2021-10-22,11:05:59,4.65,4.65,4.6,4.6,600,248100
NIFTY,28OCT21,17350,PE,2021-10-22,11:06:59,4.65,4.7,4.6,4.6,2700,248100
NIFTY,28OCT21,17350,PE,2021-10-22,11:08:59,4.6,4.6,4.6,4.6,3650,248100
NIFTY,28OCT21,17350,PE,2021-10-22,11:09:59,4.6,4.6,4.55,4.6,1100,242950
NIFTY,28OCT21,17350,PE,2021-10-22,11:11:59,4.55,4.6,4.5,4.55,900,242950
NIFTY,28OCT21,17350,PE,2021-10-22,11:12:59,4.5,4.55,4.5,4.55,1200,242050
NIFTY,28OCT21,17350,PE,2021-10-22,11:13:59,4.45,4.45,4.45,4.45,50,242050
NIFTY,28OCT21,17350,PE,2021-10-22,11:14:59,4.45,4.5,4.45,4.5,550,242050
NIFTY,28OCT21,17350,PE,2021-10-22,11:15:59,4.55,4.55,4.5,4.5,1050,242700
NIFTY,28OCT21,17350,PE,2021-10-22,11:16:59,4.55,4.55,4.55,4.55,350,242700
NIFTY,28OCT21,17350,PE,2021-10-22,11:17:59,4.55,4.55,4.55,4.55,50,242700
NIFTY,28OCT21,17350,PE,2021-10-22,11:18:59,4.55,4.55,4.5,4.55,900,242250
NIFTY,28OCT21,17350,PE,2021-10-22,11:19:59,4.55,4.55,4.5,4.5,450,242250
NIFTY,28OCT21,17350,PE,2021-10-22,11:20:59,4.55,4.6,4.55,4.6,1000,242450
NIFTY,28OCT21,17350,PE,2021-10-22,11:21:59,4.55,4.6,4.55,4.55,400,242450
NIFTY,28OCT21,17350,PE,2021-10-22,11:22:59,4.5,4.55,4.45,4.55,900,242450
NIFTY,28OCT21,17350,PE,2021-10-22,11:23:59,4.55,4.55,4.55,4.55,150,242450
NIFTY,28OCT21,17350,PE,2021-10-22,11:24:59,4.55,4.6,4.5,4.6,2350,243100
NIFTY,28OCT21,17350,PE,2021-10-22,11:25:59,4.6,4.7,4.55,4.7,2350,243100
NIFTY,28OCT21,17350,PE,2021-10-22,11:26:59,4.75,4.75,4.7,4.7,400,245000
NIFTY,28OCT21,17350,PE,2021-10-22,11:27:59,4.75,4.95,4.7,4.8,3150,245000
NIFTY,28OCT21,17350,PE,2021-10-22,11:28:59,4.75,4.8,4.55,4.75,2700,245000
NIFTY,28OCT21,17350,PE,2021-10-22,11:29:59,4.7,5.25,4.7,4.9,8700,247900
NIFTY,28OCT21,17350,PE,2021-10-22,11:30:59,4.8,4.95,4.65,4.95,2900,247900
NIFTY,28OCT21,17350,PE,2021-10-22,11:31:59,4.9,5.35,4.9,5.3,5350,247900
NIFTY,28OCT21,17350,PE,2021-10-22,11:32:59,5.2,5.8,5.2,5.55,10400,250100
NIFTY,28OCT21,17350,PE,2021-10-22,11:33:59,5.55,6.05,5.55,5.65,6900,250100
NIFTY,28OCT21,17350,PE,2021-10-22,11:34:59,5.75,6.05,5.7,5.85,6000,250100
NIFTY,28OCT21,17350,PE,2021-10-22,11:35:59,5.8,6.1,5.75,5.75,6200,250100
NIFTY,28OCT21,17350,PE,2021-10-22,11:36:59,5.7,5.8,5.4,5.4,4000,248250
NIFTY,28OCT21,17350,PE,2021-10-22,11:37:59,5.35,5.75,5.2,5.65,4200,248250
NIFTY,28OCT21,17350,PE,2021-10-22,11:38:59,5.55,5.65,5.35,5.35,1850,248250
NIFTY,28OCT21,17350,PE,2021-10-22,11:39:59,5.4,5.95,5.4,5.95,5900,245600
NIFTY,28OCT21,17350,PE,2021-10-22,11:40:59,5.8,5.95,5.7,5.7,3250,245600
NIFTY,28OCT21,17350,PE,2021-10-22,11:41:59,5.7,5.85,5.55,5.7,2600,245600
NIFTY,28OCT21,17350,PE,2021-10-22,11:42:59,5.9,5.9,5.55,5.55,2550,246800
NIFTY,28OCT21,17350,PE,2021-10-22,11:43:59,5.5,5.65,5.5,5.6,2850,246800
NIFTY,28OCT21,17350,PE,2021-10-22,11:44:59,5.6,5.6,5.45,5.5,6150,246800
NIFTY,28OCT21,17350,PE,2021-10-22,11:45:59,5.5,5.9,5.5,5.8,3600,245400
NIFTY,28OCT21,17350,PE,2021-10-22,11:46:59,5.75,5.75,5.5,5.5,850,245400
NIFTY,28OCT21,17350,PE,2021-10-22,11:47:59,5.45,5.55,5.45,5.45,2250,245400
NIFTY,28OCT21,17350,PE,2021-10-22,11:48:59,5.35,5.4,5.25,5.4,1300,246300
NIFTY,28OCT21,17350,PE,2021-10-22,11:49:59,5.5,5.6,5.5,5.6,750,246300
NIFTY,28OCT21,17350,PE,2021-10-22,11:50:59,5.65,5.65,5.25,5.25,5600,246300
NIFTY,28OCT21,17350,PE,2021-10-22,11:51:59,5.1,5.4,5.1,5.3,1100,247450
NIFTY,28OCT21,17350,PE,2021-10-22,11:52:59,5.35,5.35,5.15,5.3,650,247450
NIFTY,28OCT21,17350,PE,2021-10-22,11:53:59,5.05,5.15,4.85,5.15,4500,247450
NIFTY,28OCT21,17350,PE,2021-10-22,11:54:59,5.1,5.3,5.0,5.2,1250,244750
NIFTY,28OCT21,17350,PE,2021-10-22,11:55:59,5.3,5.3,5.2,5.3,1900,244750
NIFTY,28OCT21,17350,PE,2021-10-22,11:56:59,5.25,5.25,5.15,5.25,2850,244750
NIFTY,28OCT21,17350,PE,2021-10-22,11:57:59,5.25,5.3,5.25,5.3,200,245050
NIFTY,28OCT21,17350,PE,2021-10-22,11:58:59,5.3,5.45,5.3,5.35,500,245050
NIFTY,28OCT21,17350,PE,2021-10-22,11:59:59,5.45,5.95,5.45,5.95,3600,245050
NIFTY,28OCT21,17350,PE,2021-10-22,12:00:59,5.9,6.05,5.75,6.0,6100,246450
NIFTY,28OCT21,17350,PE,2021-10-22,12:01:59,6.0,6.2,5.75,5.75,6450,246450
NIFTY,28OCT21,17350,PE,2021-10-22,12:02:59,5.75,5.75,5.45,5.45,4350,246450
NIFTY,28OCT21,17350,PE,2021-10-22,12:03:59,5.45,5.75,5.45,5.75,2150,247800
NIFTY,28OCT21,17350,PE,2021-10-22,12:04:59,5.8,5.95,5.8,5.95,600,247800
NIFTY,28OCT21,17350,PE,2021-10-22,12:05:59,5.9,6.05,5.85,5.85,1850,247800
NIFTY,28OCT21,17350,PE,2021-10-22,12:06:59,5.9,5.9,5.7,5.8,1400,247200
NIFTY,28OCT21,17350,PE,2021-10-22,12:07:59,5.75,6.1,5.7,6.1,2850,247200
NIFTY,28OCT21,17350,PE,2021-10-22,12:08:59,6.0,6.2,5.95,6.15,2500,247200
NIFTY,28OCT21,17350,PE,2021-10-22,12:09:59,6.05,6.95,6.05,6.8,8800,247900
NIFTY,28OCT21,17350,PE,2021-10-22,12:10:59,6.95,7.1,6.6,6.6,9000,247900
NIFTY,28OCT21,17350,PE,2021-10-22,12:11:59,6.75,6.9,6.4,6.75,3000,247900
NIFTY,28OCT21,17350,PE,2021-10-22,12:12:59,6.75,6.75,6.3,6.55,1500,251500
NIFTY,28OCT21,17350,PE,2021-10-22,12:13:59,6.45,6.8,6.3,6.8,1600,251500
NIFTY,28OCT21,17350,PE,2021-10-22,12:14:59,6.75,6.9,6.65,6.8,1200,251500
NIFTY,28OCT21,17350,PE,2021-10-22,12:15:59,7.0,7.0,6.65,6.85,2250,252250
NIFTY,28OCT21,17350,PE,2021-10-22,12:16:59,6.95,6.95,6.6,6.7,2100,252250
NIFTY,28OCT21,17350,PE,2021-10-22,12:17:59,6.6,6.6,6.2,6.3,2750,252250
NIFTY,28OCT21,17350,PE,2021-10-22,12:18:59,6.25,6.45,6.1,6.45,2950,250850
NIFTY,28OCT21,17350,PE,2021-10-22,12:19:59,6.45,6.6,6.3,6.6,2100,250850
NIFTY,28OCT21,17350,PE,2021-10-22,12:20:59,6.6,6.65,6.55,6.65,250,250850
NIFTY,28OCT21,17350,PE,2021-10-22,12:21:59,6.55,6.7,6.55,6.6,3250,250400
NIFTY,28OCT21,17350,PE,2021-10-22,12:22:59,6.55,6.9,6.55,6.8,1800,250400
NIFTY,28OCT21,17350,PE,2021-10-22,12:23:59,6.7,6.95,6.55,6.7,3900,250400
NIFTY,28OCT21,17350,PE,2021-10-22,12:24:59,6.85,7.0,6.7,6.8,3300,252950
NIFTY,28OCT21,17350,PE,2021-10-22,12:25:59,6.85,6.9,6.75,6.75,2000,252950
NIFTY,28OCT21,17350,PE,2021-10-22,12:26:59,6.7,7.0,6.65,7.0,3550,252950
NIFTY,28OCT21,17350,PE,2021-10-22,12:27:59,6.8,6.9,6.7,6.75,2250,252650
NIFTY,28OCT21,17350,PE,2021-10-22,12:28:59,6.9,7.05,6.8,6.9,3250,252650
NIFTY,28OCT21,17350,PE,2021-10-22,12:29:59,6.85,6.9,6.75,6.85,750,252650
NIFTY,28OCT21,17350,PE,2021-10-22,12:30:59,6.85,7.0,6.85,6.9,3600,250750
NIFTY,28OCT21,17350,PE,2021-10-22,12:31:59,6.9,6.9,6.6,6.6,700,250750
NIFTY,28OCT21,17350,PE,2021-10-22,12:32:59,6.75,6.75,6.55,6.6,1700,250750
NIFTY,28OCT21,17350,PE,2021-10-22,12:33:59,6.6,6.65,6.6,6.6,150,248600
NIFTY,28OCT21,17350,PE,2021-10-22,12:34:59,6.55,6.55,6.35,6.45,1450,248600
NIFTY,28OCT21,17350,PE,2021-10-22,12:35:59,6.65,6.65,6.55,6.6,1000,248600
NIFTY,28OCT21,17350,PE,2021-10-22,12:36:59,6.7,6.9,6.65,6.9,950,249850
NIFTY,28OCT21,17350,PE,2021-10-22,12:37:59,6.8,7.0,6.8,6.95,1100,249850
NIFTY,28OCT21,17350,PE,2021-10-22,12:38:59,6.8,6.95,6.7,6.8,1250,249850
NIFTY,28OCT21,17350,PE,2021-10-22,12:39:59,6.85,6.85,6.6,6.6,250,251050
NIFTY,28OCT21,17350,PE,2021-10-22,12:40:59,6.7,6.7,6.55,6.7,750,251050
NIFTY,28OCT21,17350,PE,2021-10-22,12:41:59,6.65,6.85,6.65,6.85,500,251050
NIFTY,28OCT21,17350,PE,2021-10-22,12:42:59,6.75,7.0,6.75,7.0,1150,250600
NIFTY,28OCT21,17350,PE,2021-10-22,12:43:59,7.0,7.0,6.75,6.75,1250,250600
NIFTY,28OCT21,17350,PE,2021-10-22,12:44:59,7.0,7.05,6.85,7.0,2700,250600
NIFTY,28OCT21,17350,PE,2021-10-22,12:45:59,6.85,6.85,6.75,6.85,700,251150
NIFTY,28OCT21,17350,PE,2021-10-22,12:46:59,6.9,7.0,6.75,6.95,1100,251150
NIFTY,28OCT21,17350,PE,2021-10-22,12:47:59,6.8,6.95,6.6,6.95,2400,251150
NIFTY,28OCT21,17350,PE,2021-10-22,12:49:59,6.8,6.85,6.8,6.8,150,251350
NIFTY,28OCT21,17350,PE,2021-10-22,12:50:59,6.8,6.9,6.8,6.9,700,251350
NIFTY,28OCT21,17350,PE,2021-10-22,12:51:59,6.8,6.8,6.7,6.7,550,251650
NIFTY,28OCT21,17350,PE,2021-10-22,12:52:59,6.95,6.95,6.75,6.75,950,251650
NIFTY,28OCT21,17350,PE,2021-10-22,12:53:59,7.0,7.0,6.65,6.65,600,251650
NIFTY,28OCT21,17350,PE,2021-10-22,12:54:59,6.75,6.8,6.65,6.8,850,252400
NIFTY,28OCT21,17350,PE,2021-10-22,12:55:59,6.7,6.95,6.7,6.95,350,252400
NIFTY,28OCT21,17350,PE,2021-10-22,12:56:59,6.9,7.05,6.85,7.0,950,252400
NIFTY,28OCT21,17350,PE,2021-10-22,12:57:59,6.9,7.35,6.9,7.0,3850,252300
NIFTY,28OCT21,17350,PE,2021-10-22,12:58:59,6.85,7.1,6.75,6.85,3050,252300
NIFTY,28OCT21,17350,PE,2021-10-22,12:59:59,7.15,7.25,7.1,7.25,1850,252300
NIFTY,28OCT21,17350,PE,2021-10-22,13:00:59,7.15,7.4,6.9,7.4,4950,254100
NIFTY,28OCT21,17350,PE,2021-10-22,13:01:59,7.5,7.6,7.3,7.3,7250,254100
NIFTY,28OCT21,17350,PE,2021-10-22,13:02:59,7.4,7.6,7.2,7.35,17450,254100
NIFTY,28OCT21,17350,PE,2021-10-22,13:03:59,7.3,7.5,7.15,7.15,17700,269150
NIFTY,28OCT21,17350,PE,2021-10-22,13:04:59,7.25,7.75,7.25,7.45,14050,269150
NIFTY,28OCT21,17350,PE,2021-10-22,13:05:59,7.4,7.6,7.25,7.5,14700,269150
NIFTY,28OCT21,17350,PE,2021-10-22,13:06:59,7.4,7.65,7.3,7.55,3250,284300
NIFTY,28OCT21,17350,PE,2021-10-22,13:07:59,7.55,7.6,7.35,7.6,1650,284300
NIFTY,28OCT21,17350,PE,2021-10-22,13:08:59,7.65,7.8,7.35,7.6,3450,284300
NIFTY,28OCT21,17350,PE,2021-10-22,13:09:59,7.65,7.8,7.5,7.65,2350,276150
NIFTY,28OCT21,17350,PE,2021-10-22,13:10:59,7.65,7.9,7.35,7.55,6950,276150
NIFTY,28OCT21,17350,PE,2021-10-22,13:11:59,7.65,7.65,7.4,7.4,3950,276150
NIFTY,28OCT21,17350,PE,2021-10-22,13:12:59,7.45,7.5,7.25,7.45,2250,277850
NIFTY,28OCT21,17350,PE,2021-10-22,13:13:59,7.45,7.65,7.45,7.65,2300,277850
NIFTY,28OCT21,17350,PE,2021-10-22,13:14:59,7.8,8.4,7.75,8.2,12500,277850
NIFTY,28OCT21,17350,PE,2021-10-22,13:15:59,8.3,8.45,8.1,8.2,13650,292800
NIFTY,28OCT21,17350,PE,2021-10-22,13:16:59,8.3,8.5,8.0,8.3,6400,292800
NIFTY,28OCT21,17350,PE,2021-10-22,13:17:59,8.3,8.45,8.15,8.45,5100,292800
NIFTY,28OCT21,17350,PE,2021-10-22,13:18:59,8.55,8.55,8.1,8.35,12900,298900
NIFTY,28OCT21,17350,PE,2021-10-22,13:19:59,8.5,9.15,8.5,8.8,11850,298900
NIFTY,28OCT21,17350,PE,2021-10-22,13:20:59,8.8,9.1,8.4,9.05,6800,298900
NIFTY,28OCT21,17350,PE,2021-10-22,13:21:59,9.0,9.0,8.4,8.45,5350,298600
NIFTY,28OCT21,17350,PE,2021-10-22,13:22:59,8.6,8.65,8.1,8.45,6950,298600
NIFTY,28OCT21,17350,PE,2021-10-22,13:23:59,8.45,8.45,7.95,8.3,2700,298600
NIFTY,28OCT21,17350,PE,2021-10-22,13:24:59,8.15,8.25,8.0,8.2,4550,302550
NIFTY,28OCT21,17350,PE,2021-10-22,13:25:59,8.2,8.6,8.2,8.55,3650,302550
NIFTY,28OCT21,17350,PE,2021-10-22,13:26:59,8.65,8.65,8.4,8.4,4600,302550
NIFTY,28OCT21,17350,PE,2021-10-22,13:27:59,8.45,8.6,8.2,8.6,3650,300550
NIFTY,28OCT21,17350,PE,2021-10-22,13:28:59,8.65,8.7,8.45,8.6,1950,300550
NIFTY,28OCT21,17350,PE,2021-10-22,13:29:59,8.65,8.8,8.35,8.45,4450,300550
NIFTY,28OCT21,17350,PE,2021-10-22,13:30:59,8.6,8.8,8.4,8.65,1500,297000
NIFTY,28OCT21,17350,PE,2021-10-22,13:31:59,8.7,9.1,8.7,9.1,2750,297000
NIFTY,28OCT21,17350,PE,2021-10-22,13:32:59,9.1,9.35,8.9,9.1,7550,297000
NIFTY,28OCT21,17350,PE,2021-10-22,13:33:59,9.2,9.5,9.0,9.5,4850,297750
NIFTY,28OCT21,17350,PE,2021-10-22,13:34:59,9.55,9.55,9.0,9.55,7900,297750
NIFTY,28OCT21,17350,PE,2021-10-22,13:35:59,9.5,9.65,9.1,9.25,3500,297750
NIFTY,28OCT21,17350,PE,2021-10-22,13:36:59,9.25,9.25,8.6,8.6,6000,302150
NIFTY,28OCT21,17350,PE,2021-10-22,13:37:59,8.7,8.9,8.55,8.7,2500,302150
NIFTY,28OCT21,17350,PE,2021-10-22,13:38:59,8.65,8.9,8.6,8.9,1550,302150
NIFTY,28OCT21,17350,PE,2021-10-22,13:39:59,8.9,9.1,8.9,9.1,1700,304000
NIFTY,28OCT21,17350,PE,2021-10-22,13:40:59,9.0,9.4,8.85,8.9,4700,304000
NIFTY,28OCT21,17350,PE,2021-10-22,13:41:59,8.95,9.0,8.7,8.95,1950,304000
NIFTY,28OCT21,17350,PE,2021-10-22,13:42:59,8.9,8.9,8.5,8.8,3650,305800
NIFTY,28OCT21,17350,PE,2021-10-22,13:43:59,8.85,8.85,8.5,8.5,2150,305800
NIFTY,28OCT21,17350,PE,2021-10-22,13:44:59,8.45,8.45,7.95,8.2,6850,305800
NIFTY,28OCT21,17350,PE,2021-10-22,13:45:59,8.15,8.15,7.45,7.55,6200,307350
NIFTY,28OCT21,17350,PE,2021-10-22,13:46:59,7.3,7.85,7.3,7.65,12150,307350
NIFTY,28OCT21,17350,PE,2021-10-22,13:47:59,7.4,7.55,7.3,7.55,3350,307350
NIFTY,28OCT21,17350,PE,2021-10-22,13:48:59,7.75,7.85,7.55,7.75,1600,303700
NIFTY,28OCT21,17350,PE,2021-10-22,13:49:59,7.85,8.05,7.85,7.95,2700,303700
NIFTY,28OCT21,17350,PE,2021-10-22,13:50:59,7.8,8.2,7.8,8.2,1500,303700
NIFTY,28OCT21,17350,PE,2021-10-22,13:51:59,8.1,8.35,8.1,8.3,1600,306000
NIFTY,28OCT21,17350,PE,2021-10-22,13:52:59,8.15,8.45,8.1,8.45,5200,306000
NIFTY,28OCT21,17350,PE,2021-10-22,13:53:59,8.4,8.5,8.25,8.35,3850,306000
NIFTY,28OCT21,17350,PE,2021-10-22,13:54:59,8.35,8.45,8.15,8.15,3500,304100
NIFTY,28OCT21,17350,PE,2021-10-22,13:55:59,8.2,8.55,8.2,8.5,4850,304100
NIFTY,28OCT21,17350,PE,2021-10-22,13:56:59,8.45,8.85,8.4,8.85,4450,304100
NIFTY,28OCT21,17350,PE,2021-10-22,13:57:59,8.9,8.95,8.65,8.85,7200,304400
NIFTY,28OCT21,17350,PE,2021-10-22,13:58:59,8.8,8.9,8.3,8.6,9700,304400
NIFTY,28OCT21,17350,PE,2021-10-22,13:59:59,8.6,8.6,8.45,8.5,4600,304400
NIFTY,28OCT21,17350,PE,2021-10-22,14:00:59,8.5,8.7,8.2,8.35,3250,304400
NIFTY,28OCT21,17350,PE,2021-10-22,14:01:59,8.25,8.5,7.85,7.9,6900,304400
NIFTY,28OCT21,17350,PE,2021-10-22,14:02:59,7.9,7.95,7.65,7.95,4600,304400
NIFTY,28OCT21,17350,PE,2021-10-22,14:03:59,8.0,8.15,7.95,8.0,4900,296150
NIFTY,28OCT21,17350,PE,2021-10-22,14:04:59,7.95,8.05,7.9,7.95,950,296150
NIFTY,28OCT21,17350,PE,2021-10-22,14:05:59,8.1,8.2,7.95,7.95,7100,296150
NIFTY,28OCT21,17350,PE,2021-10-22,14:06:59,7.95,8.3,7.95,8.15,1950,295550
NIFTY,28OCT21,17350,PE,2021-10-22,14:07:59,8.2,8.3,8.15,8.15,1900,295550
NIFTY,28OCT21,17350,PE,2021-10-22,14:08:59,8.05,8.05,7.6,7.7,6650,295550
NIFTY,28OCT21,17350,PE,2021-10-22,14:09:59,7.85,7.9,7.5,7.5,3300,302200
NIFTY,28OCT21,17350,PE,2021-10-22,14:10:59,7.35,7.35,6.45,6.6,27250,302200
NIFTY,28OCT21,17350,PE,2021-10-22,14:11:59,6.55,6.8,6.45,6.45,8200,302200
NIFTY,28OCT21,17350,PE,2021-10-22,14:12:59,6.45,6.45,6.25,6.4,5100,304550
NIFTY,28OCT21,17350,PE,2021-10-22,14:13:59,6.25,6.3,6.0,6.2,3850,304550
NIFTY,28OCT21,17350,PE,2021-10-22,14:14:59,6.2,6.6,6.2,6.55,2700,304550
NIFTY,28OCT21,17350,PE,2021-10-22,14:15:59,6.5,6.75,6.35,6.7,3350,303750
NIFTY,28OCT21,17350,PE,2021-10-22,14:16:59,6.6,6.9,6.6,6.9,3200,303750
NIFTY,28OCT21,17350,PE,2021-10-22,14:17:59,6.9,7.05,6.55,6.75,3650,303750
NIFTY,28OCT21,17350,PE,2021-10-22,14:18:59,6.8,6.8,6.6,6.65,2600,303450
NIFTY,28OCT21,17350,PE,2021-10-22,14:19:59,6.75,6.75,6.55,6.65,800,303450
NIFTY,28OCT21,17350,PE,2021-10-22,14:20:59,6.6,6.95,6.55,6.95,4200,303450
NIFTY,28OCT21,17350,PE,2021-10-22,14:21:59,6.9,7.2,6.85,7.2,6050,305600
NIFTY,28OCT21,17350,PE,2021-10-22,14:22:59,7.35,7.6,7.35,7.6,3100,305600
NIFTY,28OCT21,17350,PE,2021-10-22,14:23:59,7.45,7.95,7.45,7.85,5000,305600
NIFTY,28OCT21,17350,PE,2021-10-22,14:24:59,7.9,8.3,7.9,8.2,7450,303200
NIFTY,28OCT21,17350,PE,2021-10-22,14:25:59,8.2,10.45,8.05,10.45,23300,303200
NIFTY,28OCT21,17350,PE,2021-10-22,14:26:59,10.25,11.0,9.7,10.75,25150,303200
NIFTY,28OCT21,17350,PE,2021-10-22,14:27:59,10.85,11.0,9.95,10.05,40200,331900
NIFTY,28OCT21,17350,PE,2021-10-22,14:28:59,10.1,10.25,9.6,9.9,14800,331900
NIFTY,28OCT21,17350,PE,2021-10-22,14:29:59,9.85,9.85,8.7,8.95,15350,331900
NIFTY,28OCT21,17350,PE,2021-10-22,14:30:59,8.75,9.15,8.15,9.15,29800,351550
NIFTY,28OCT21,17350,PE,2021-10-22,14:31:59,9.05,9.05,8.05,8.05,24800,351550
NIFTY,28OCT21,17350,PE,2021-10-22,14:32:59,8.0,8.2,7.85,8.0,12100,351550
NIFTY,28OCT21,17350,PE,2021-10-22,14:33:59,8.05,8.15,7.85,7.85,8250,364700
NIFTY,28OCT21,17350,PE,2021-10-22,14:34:59,7.9,7.9,7.25,7.55,22450,364700
NIFTY,28OCT21,17350,PE,2021-10-22,14:35:59,7.4,7.75,7.3,7.5,18050,364700
NIFTY,28OCT21,17350,PE,2021-10-22,14:36:59,7.5,8.15,7.4,8.0,7950,363700
NIFTY,28OCT21,17350,PE,2021-10-22,14:37:59,7.95,8.55,7.95,8.55,9100,363700
NIFTY,28OCT21,17350,PE,2021-10-22,14:38:59,8.55,8.7,8.25,8.5,8600,363700
NIFTY,28OCT21,17350,PE,2021-10-22,14:39:59,8.4,8.5,7.95,8.1,4950,358650
NIFTY,28OCT21,17350,PE,2021-10-22,14:40:59,8.25,8.45,7.75,7.75,6900,358650
NIFTY,28OCT21,17350,PE,2021-10-22,14:41:59,7.55,8.05,7.55,7.8,10850,358650
NIFTY,28OCT21,17350,PE,2021-10-22,14:42:59,7.8,7.9,7.4,7.4,6150,362100
NIFTY,28OCT21,17350,PE,2021-10-22,14:43:59,7.45,7.45,6.55,7.3,12150,362100
NIFTY,28OCT21,17350,PE,2021-10-22,14:44:59,7.35,7.75,7.35,7.65,13350,362100
NIFTY,28OCT21,17350,PE,2021-10-22,14:45:59,7.45,7.45,6.95,7.05,14250,354300
NIFTY,28OCT21,17350,PE,2021-10-22,14:46:59,7.3,7.5,7.05,7.45,9750,354300
NIFTY,28OCT21,17350,PE,2021-10-22,14:47:59,7.4,7.55,7.2,7.3,3500,354300
NIFTY,28OCT21,17350,PE,2021-10-22,14:48:59,7.3,7.35,7.25,7.3,1500,355550
NIFTY,28OCT21,17350,PE,2021-10-22,14:49:59,7.35,7.35,6.6,6.75,2400,355550
NIFTY,28OCT21,17350,PE,2021-10-22,14:50:59,6.75,7.15,6.55,7.15,1550,355550
NIFTY,28OCT21,17350,PE,2021-10-22,14:51:59,7.1,7.15,6.85,6.9,400,356200
NIFTY,28OCT21,17350,PE,2021-10-22,14:52:59,6.75,6.75,6.0,6.0,8150,356200
NIFTY,28OCT21,17350,PE,2021-10-22,14:53:59,6.0,6.35,5.95,6.35,3500,356200
NIFTY,28OCT21,17350,PE,2021-10-22,14:54:59,6.3,6.45,6.2,6.35,5000,353450
NIFTY,28OCT21,17350,PE,2021-10-22,14:55:59,6.25,6.6,6.0,6.6,6250,353450
NIFTY,28OCT21,17350,PE,2021-10-22,14:56:59,6.75,7.25,6.75,7.25,5150,353450
NIFTY,28OCT21,17350,PE,2021-10-22,14:57:59,7.2,7.25,7.0,7.15,2250,352950
NIFTY,28OCT21,17350,PE,2021-10-22,14:58:59,7.1,7.3,7.1,7.1,1750,352950
NIFTY,28OCT21,17350,PE,2021-10-22,14:59:59,7.0,7.0,6.7,6.85,3250,352950
NIFTY,28OCT21,17350,PE,2021-10-22,15:00:59,7.0,7.35,6.95,6.95,2350,351950
NIFTY,28OCT21,17350,PE,2021-10-22,15:01:59,7.15,7.3,6.95,7.0,3500,351950
NIFTY,28OCT21,17350,PE,2021-10-22,15:02:59,6.9,7.1,5.8,5.95,12300,351950
NIFTY,28OCT21,17350,PE,2021-10-22,15:03:59,5.85,5.95,5.2,5.8,17050,351950
NIFTY,28OCT21,17350,PE,2021-10-22,15:04:59,5.8,6.25,5.8,5.95,7650,351950
NIFTY,28OCT21,17350,PE,2021-10-22,15:05:59,5.9,6.3,5.85,6.3,4750,351950
NIFTY,28OCT21,17350,PE,2021-10-22,15:06:59,6.25,6.3,6.15,6.25,1400,348650
NIFTY,28OCT21,17350,PE,2021-10-22,15:07:59,6.3,6.3,6.15,6.2,2050,348650
NIFTY,28OCT21,17350,PE,2021-10-22,15:08:59,6.1,6.15,6.0,6.15,3550,348650
NIFTY,28OCT21,17350,PE,2021-10-22,15:09:59,6.1,6.15,5.95,6.05,2250,349650
NIFTY,28OCT21,17350,PE,2021-10-22,15:10:59,6.0,6.0,5.7,5.8,2900,349650
NIFTY,28OCT21,17350,PE,2021-10-22,15:11:59,5.75,6.0,5.7,6.0,1650,349650
NIFTY,28OCT21,17350,PE,2021-10-22,15:12:59,5.9,5.95,5.8,5.8,3350,348500
NIFTY,28OCT21,17350,PE,2021-10-22,15:13:59,5.9,5.9,5.65,5.75,4250,348500
NIFTY,28OCT21,17350,PE,2021-10-22,15:14:59,5.65,5.75,5.4,5.45,5300,348500
NIFTY,28OCT21,17350,PE,2021-10-22,15:15:59,5.5,5.55,5.35,5.55,5050,343450
NIFTY,28OCT21,17350,PE,2021-10-22,15:16:59,5.4,5.5,5.4,5.5,8050,343450
NIFTY,28OCT21,17350,PE,2021-10-22,15:17:59,5.55,5.55,5.4,5.45,3200,343450
NIFTY,28OCT21,17350,PE,2021-10-22,15:18:59,5.5,5.65,5.4,5.55,8400,340450
NIFTY,28OCT21,17350,PE,2021-10-22,15:19:59,5.55,5.6,5.4,5.5,8050,340450
NIFTY,28OCT21,17350,PE,2021-10-22,15:20:59,5.65,5.8,5.55,5.8,7100,340450
NIFTY,28OCT21,17350,PE,2021-10-22,15:21:59,5.8,5.85,5.7,5.85,5000,336800
NIFTY,28OCT21,17350,PE,2021-10-22,15:22:59,5.75,5.9,5.75,5.8,5450,336800
NIFTY,28OCT21,17350,PE,2021-10-22,15:23:59,5.85,5.9,5.8,5.85,5250,336800
NIFTY,28OCT21,17350,PE,2021-10-22,15:24:59,5.9,6.0,5.85,6.0,10350,325550
NIFTY,28OCT21,17350,PE,2021-10-22,15:25:59,5.9,6.15,5.85,6.0,6550,325550
NIFTY,28OCT21,17350,PE,2021-10-22,15:26:59,6.1,6.2,6.1,6.2,6200,325550
NIFTY,28OCT21,17350,PE,2021-10-22,15:27:59,6.2,6.55,6.15,6.5,11300,320650
NIFTY,28OCT21,17350,PE,2021-10-22,15:28:59,6.6,7.3,6.6,7.3,16700,320650
NIFTY,28OCT21,17350,PE,2021-10-22,15:30:00,7.3,7.75,7.3,7.75,6200,320650
NIFTY,28OCT21,17350,PE,2021-10-25,09:15:59,7.05,7.05,3.5,4.8,4000,311550
NIFTY,28OCT21,17350,PE,2021-10-25,09:16:59,4.95,5.8,4.9,5.2,7100,311550
NIFTY,28OCT21,17350,PE,2021-10-25,09:17:59,5.35,6.1,5.3,6.05,11450,317050
NIFTY,28OCT21,17350,PE,2021-10-25,09:18:59,6.05,6.7,5.45,5.45,25200,317050
NIFTY,28OCT21,17350,PE,2021-10-25,09:19:59,5.55,5.75,5.25,5.3,36100,317050
NIFTY,28OCT21,17350,PE,2021-10-25,09:20:59,5.05,6.35,4.85,5.9,25500,341700
NIFTY,28OCT21,17350,PE,2021-10-25,09:21:59,5.85,6.0,5.5,6.0,8800,341700
NIFTY,28OCT21,17350,PE,2021-10-25,09:22:59,6.1,6.55,6.1,6.55,9300,341700
NIFTY,28OCT21,17350,PE,2021-10-25,09:23:59,6.45,7.15,6.35,7.0,19600,347350
NIFTY,28OCT21,17350,PE,2021-10-25,09:24:59,7.1,7.5,6.9,7.5,10750,347350
NIFTY,28OCT21,17350,PE,2021-10-25,09:25:59,7.6,7.75,7.0,7.15,23700,347350
NIFTY,28OCT21,17350,PE,2021-10-25,09:26:59,7.3,8.1,7.25,7.65,23250,364400
NIFTY,28OCT21,17350,PE,2021-10-25,09:27:59,7.85,8.35,7.7,8.2,21200,364400
NIFTY,28OCT21,17350,PE,2021-10-25,09:28:59,8.1,8.35,7.8,8.25,18000,364400
NIFTY,28OCT21,17350,PE,2021-10-25,09:29:59,8.05,8.25,7.65,7.85,15300,386800
NIFTY,28OCT21,17350,PE,2021-10-25,09:30:59,8.0,8.3,7.75,8.0,17000,386800
NIFTY,28OCT21,17350,PE,2021-10-25,09:31:59,8.15,8.85,8.1,8.45,13550,386800
NIFTY,28OCT21,17350,PE,2021-10-25,09:32:59,8.5,8.9,8.25,8.65,18050,402700
NIFTY,28OCT21,17350,PE,2021-10-25,09:33:59,8.65,8.75,8.4,8.4,11000,402700
NIFTY,28OCT21,17350,PE,2021-10-25,09:34:59,8.5,8.5,8.1,8.5,7500,402700
NIFTY,28OCT21,17350,PE,2021-10-25,09:35:59,8.45,8.55,8.15,8.45,8800,404700
NIFTY,28OCT21,17350,PE,2021-10-25,09:36:59,8.35,8.6,8.1,8.25,6800,404700
NIFTY,28OCT21,17350,PE,2021-10-25,09:37:59,8.15,8.35,7.45,7.5,11700,404700
NIFTY,28OCT21,17350,PE,2021-10-25,09:38:59,7.5,7.7,7.0,7.5,15500,409500
NIFTY,28OCT21,17350,PE,2021-10-25,09:39:59,7.55,7.9,7.3,7.85,9650,409500
NIFTY,28OCT21,17350,PE,2021-10-25,09:40:59,7.95,8.0,7.65,7.7,2550,409500
NIFTY,28OCT21,17350,PE,2021-10-25,09:41:59,7.65,8.15,7.65,7.95,5850,422600
NIFTY,28OCT21,17350,PE,2021-10-25,09:42:59,8.0,8.4,7.85,8.4,4050,422600
NIFTY,28OCT21,17350,PE,2021-10-25,09:43:59,8.35,8.65,8.3,8.6,5600,422600
NIFTY,28OCT21,17350,PE,2021-10-25,09:44:59,8.4,8.5,8.35,8.45,6950,381350
NIFTY,28OCT21,17350,PE,2021-10-25,09:45:59,8.45,9.05,8.35,8.9,8200,381350
NIFTY,28OCT21,17350,PE,2021-10-25,09:46:59,8.75,10.9,8.75,9.55,12650,381350
NIFTY,28OCT21,17350,PE,2021-10-25,09:47:59,9.55,11.05,9.5,9.8,44900,384550
NIFTY,28OCT21,17350,PE,2021-10-25,09:48:59,9.8,11.05,9.8,11.05,27600,384550
NIFTY,28OCT21,17350,PE,2021-10-25,09:49:59,11.0,11.2,9.9,10.6,45400,384550
NIFTY,28OCT21,17350,PE,2021-10-25,09:50:59,10.7,11.9,10.7,11.65,30650,396950
NIFTY,28OCT21,17350,PE,2021-10-25,09:51:59,11.75,12.4,10.5,10.5,27750,396950
NIFTY,28OCT21,17350,PE,2021-10-25,09:52:59,10.5,11.3,9.55,11.1,17700,396950
NIFTY,28OCT21,17350,PE,2021-10-25,09:53:59,11.35,12.3,11.25,11.45,27450,405900
NIFTY,28OCT21,17350,PE,2021-10-25,09:54:59,11.65,11.85,10.7,11.45,21650,405900
NIFTY,28OCT21,17350,PE,2021-10-25,09:55:59,11.35,11.65,10.1,10.15,17550,405900
NIFTY,28OCT21,17350,PE,2021-10-25,09:56:59,10.05,11.15,10.05,10.8,11900,412500
NIFTY,28OCT21,17350,PE,2021-10-25,09:57:59,10.9,11.15,10.5,11.05,8450,412500
NIFTY,28OCT21,17350,PE,2021-10-25,09:58:59,11.25,12.3,11.1,12.25,20350,412500
NIFTY,28OCT21,17350,PE,2021-10-25,09:59:59,12.5,12.85,11.6,12.35,17250,410150
NIFTY,28OCT21,17350,PE,2021-10-25,10:00:59,12.2,12.55,11.85,12.5,20400,410150
NIFTY,28OCT21,17350,PE,2021-10-25,10:01:59,12.55,12.55,11.5,11.5,11600,410150
NIFTY,28OCT21,17350,PE,2021-10-25,10:02:59,11.2,12.15,10.85,11.7,17450,412800
NIFTY,28OCT21,17350,PE,2021-10-25,10:03:59,11.8,12.1,11.6,11.75,8750,412800
NIFTY,28OCT21,17350,PE,2021-10-25,10:04:59,11.4,12.1,11.2,11.45,8250,412800
NIFTY,28OCT21,17350,PE,2021-10-25,10:05:59,11.45,11.7,10.85,11.35,14100,408550
NIFTY,28OCT21,17350,PE,2021-10-25,10:06:59,11.4,11.4,10.55,11.0,6200,408550
NIFTY,28OCT21,17350,PE,2021-10-25,10:07:59,10.9,10.9,10.3,10.5,7050,408550
NIFTY,28OCT21,17350,PE,2021-10-25,10:08:59,10.9,11.35,10.65,11.35,3300,406200
NIFTY,28OCT21,17350,PE,2021-10-25,10:09:59,11.35,11.7,11.3,11.35,4150,406200
NIFTY,28OCT21,17350,PE,2021-10-25,10:10:59,11.3,11.5,10.85,11.1,4800,406200
NIFTY,28OCT21,17350,PE,2021-10-25,10:11:59,11.15,11.4,10.9,11.4,5000,406300
NIFTY,28OCT21,17350,PE,2021-10-25,10:12:59,11.3,11.3,10.5,10.7,7150,406300
NIFTY,28OCT21,17350,PE,2021-10-25,10:13:59,10.7,11.25,10.5,10.65,11700,406300
NIFTY,28OCT21,17350,PE,2021-10-25,10:14:59,10.8,11.05,10.4,10.55,5350,406100
NIFTY,28OCT21,17350,PE,2021-10-25,10:15:59,10.55,10.95,10.3,10.4,8850,406100
NIFTY,28OCT21,17350,PE,2021-10-25,10:16:59,10.35,10.8,10.35,10.7,3300,406100
NIFTY,28OCT21,17350,PE,2021-10-25,10:17:59,10.6,10.75,10.35,10.5,3150,407600
NIFTY,28OCT21,17350,PE,2021-10-25,10:18:59,10.45,10.75,10.4,10.7,5400,407600
NIFTY,28OCT21,17350,PE,2021-10-25,10:19:59,10.65,10.75,10.1,10.15,6850,407600
NIFTY,28OCT21,17350,PE,2021-10-25,10:20:59,10.15,10.2,9.05,9.1,10650,406300
NIFTY,28OCT21,17350,PE,2021-10-25,10:21:59,9.15,9.15,8.3,8.6,20350,406300
NIFTY,28OCT21,17350,PE,2021-10-25,10:22:59,8.7,9.3,8.7,9.0,4850,406300
NIFTY,28OCT21,17350,PE,2021-10-25,10:23:59,9.1,9.2,8.8,9.2,4200,403700
NIFTY,28OCT21,17350,PE,2021-10-25,10:24:59,9.2,9.55,9.15,9.15,4000,403700
NIFTY,28OCT21,17350,PE,2021-10-25,10:25:59,9.3,9.85,9.25,9.85,2500,403700
NIFTY,28OCT21,17350,PE,2021-10-25,10:26:59,9.9,10.05,9.65,9.95,2250,407250
NIFTY,28OCT21,17350,PE,2021-10-25,10:27:59,9.8,10.0,9.45,9.9,3700,407250
NIFTY,28OCT21,17350,PE,2021-10-25,10:28:59,9.8,9.95,9.1,9.15,4650,407250
NIFTY,28OCT21,17350,PE,2021-10-25,10:29:59,9.0,9.8,8.95,9.8,9650,410200
NIFTY,28OCT21,17350,PE,2021-10-25,10:30:59,9.7,10.05,9.7,9.85,7650,410200
NIFTY,28OCT21,17350,PE,2021-10-25,10:31:59,9.8,9.95,9.8,9.85,3300,410200
NIFTY,28OCT21,17350,PE,2021-10-25,10:32:59,9.6,9.6,8.85,9.05,9900,411950
NIFTY,28OCT21,17350,PE,2021-10-25,10:33:59,9.2,9.4,8.65,8.75,9550,411950
NIFTY,28OCT21,17350,PE,2021-10-25,10:34:59,8.75,8.8,8.4,8.55,9500,411950
NIFTY,28OCT21,17350,PE,2021-10-25,10:35:59,8.45,9.0,8.25,8.75,7400,413900
NIFTY,28OCT21,17350,PE,2021-10-25,10:36:59,8.75,9.05,8.5,8.5,5200,413900
NIFTY,28OCT21,17350,PE,2021-10-25,10:37:59,8.5,8.6,8.3,8.35,15750,413900
NIFTY,28OCT21,17350,PE,2021-10-25,10:38:59,8.5,8.55,8.05,8.1,8550,418850
NIFTY,28OCT21,17350,PE,2021-10-25,10:39:59,8.0,8.05,7.65,7.9,16200,418850
NIFTY,28OCT21,17350,PE,2021-10-25,10:40:59,7.8,8.0,7.55,8.0,11100,418850
NIFTY,28OCT21,17350,PE,2021-10-25,10:41:59,8.05,8.3,7.85,8.15,5700,419750
NIFTY,28OCT21,17350,PE,2021-10-25,10:42:59,8.2,8.35,7.8,7.8,4900,419750
NIFTY,28OCT21,17350,PE,2021-10-25,10:43:59,7.75,7.75,7.45,7.55,4250,419750
NIFTY,28OCT21,17350,PE,2021-10-25,10:44:59,7.65,7.65,7.15,7.3,15700,418850
NIFTY,28OCT21,17350,PE,2021-10-25,10:45:59,7.2,7.4,7.1,7.4,3700,418850
NIFTY,28OCT21,17350,PE,2021-10-25,10:46:59,7.3,7.4,7.2,7.35,6750,418850
NIFTY,28OCT21,17350,PE,2021-10-25,10:47:59,7.2,7.25,7.0,7.15,15400,413700
NIFTY,28OCT21,17350,PE,2021-10-25,10:48:59,7.15,7.3,7.0,7.15,12000,413700
NIFTY,28OCT21,17350,PE,2021-10-25,10:49:59,7.15,7.25,7.0,7.25,2850,413700
NIFTY,28OCT21,17350,PE,2021-10-25,10:50:59,7.2,7.9,7.15,7.9,10000,412600
NIFTY,28OCT21,17350,PE,2021-10-25,10:51:59,8.0,8.25,7.9,8.25,5250,412600
NIFTY,28OCT21,17350,PE,2021-10-25,10:52:59,8.25,8.25,7.45,7.45,16550,412600
NIFTY,28OCT21,17350,PE,2021-10-25,10:53:59,7.35,7.35,7.1,7.3,2150,413550
NIFTY,28OCT21,17350,PE,2021-10-25,10:54:59,7.3,7.65,7.15,7.4,4000,413550
NIFTY,28OCT21,17350,PE,2021-10-25,10:55:59,7.45,7.7,7.25,7.35,8450,413550
NIFTY,28OCT21,17350,PE,2021-10-25,10:56:59,7.35,7.7,7.25,7.55,7950,413600
NIFTY,28OCT21,17350,PE,2021-10-25,10:57:59,7.7,7.7,7.4,7.45,2850,413600
NIFTY,28OCT21,17350,PE,2021-10-25,10:58:59,7.45,7.5,7.25,7.25,7100,413600
NIFTY,28OCT21,17350,PE,2021-10-25,10:59:59,7.25,7.45,7.15,7.25,9300,413100
NIFTY,28OCT21,17350,PE,2021-10-25,11:00:59,7.25,7.75,7.25,7.6,23300,413100
NIFTY,28OCT21,17350,PE,2021-10-25,11:01:59,7.65,7.95,7.65,7.8,8250,413100
NIFTY,28OCT21,17350,PE,2021-10-25,11:02:59,7.65,7.8,7.55,7.6,2800,421550
NIFTY,28OCT21,17350,PE,2021-10-25,11:03:59,7.5,7.6,7.25,7.25,5100,421550
NIFTY,28OCT21,17350,PE,2021-10-25,11:04:59,7.4,7.55,7.25,7.3,3500,421550
NIFTY,28OCT21,17350,PE,2021-10-25,11:05:59,7.25,7.7,7.2,7.45,9650,432550
NIFTY,28OCT21,17350,PE,2021-10-25,11:06:59,7.5,7.6,7.25,7.5,5900,432550
NIFTY,28OCT21,17350,PE,2021-10-25,11:07:59,7.6,7.6,7.45,7.5,2600,432550
NIFTY,28OCT21,17350,PE,2021-10-25,11:08:59,7.5,7.7,7.5,7.55,2100,430950
NIFTY,28OCT21,17350,PE,2021-10-25,11:09:59,7.6,7.6,7.2,7.2,15750,430950
NIFTY,28OCT21,17350,PE,2021-10-25,11:10:59,7.25,7.3,7.0,7.1,5400,430950
NIFTY,28OCT21,17350,PE,2021-10-25,11:11:59,7.15,7.35,7.15,7.15,3450,430950
NIFTY,28OCT21,17350,PE,2021-10-25,11:12:59,7.1,7.4,6.95,7.4,1750,426600
NIFTY,28OCT21,17350,PE,2021-10-25,11:13:59,7.25,7.25,6.6,6.85,6250,426600
NIFTY,28OCT21,17350,PE,2021-10-25,11:14:59,6.75,7.15,6.7,7.15,10900,426600
NIFTY,28OCT21,17350,PE,2021-10-25,11:15:59,7.05,7.15,6.9,7.1,5000,422600
NIFTY,28OCT21,17350,PE,2021-10-25,11:16:59,7.05,7.1,6.8,6.95,16450,422600
NIFTY,28OCT21,17350,PE,2021-10-25,11:17:59,6.9,6.95,6.6,6.7,16350,422600
NIFTY,28OCT21,17350,PE,2021-10-25,11:18:59,6.65,6.7,6.2,6.5,17300,427100
NIFTY,28OCT21,17350,PE,2021-10-25,11:19:59,6.5,6.65,6.25,6.4,8450,427100
NIFTY,28OCT21,17350,PE,2021-10-25,11:20:59,6.4,6.5,6.2,6.25,15350,427100
NIFTY,28OCT21,17350,PE,2021-10-25,11:21:59,6.25,6.3,5.95,6.0,21300,442850
NIFTY,28OCT21,17350,PE,2021-10-25,11:22:59,6.0,6.2,5.95,6.05,20050,442850
NIFTY,28OCT21,17350,PE,2021-10-25,11:23:59,6.05,6.4,5.9,6.4,6250,448000
NIFTY,28OCT21,17350,PE,2021-10-25,11:24:59,6.4,6.45,5.95,5.95,9500,448000
NIFTY,28OCT21,17350,PE,2021-10-25,11:25:59,6.0,6.7,6.0,6.55,7850,448000
NIFTY,28OCT21,17350,PE,2021-10-25,11:26:59,6.7,7.0,6.6,6.85,1800,448000
NIFTY,28OCT21,17350,PE,2021-10-25,11:27:59,6.95,7.45,6.9,7.45,8100,450200
NIFTY,28OCT21,17350,PE,2021-10-25,11:28:59,7.45,7.5,7.25,7.4,1450,450200
NIFTY,28OCT21,17350,PE,2021-10-25,11:29:59,7.4,7.45,7.2,7.2,1900,450200
NIFTY,28OCT21,17350,PE,2021-10-25,11:30:59,7.3,7.35,7.0,7.1,1800,447700
NIFTY,28OCT21,17350,PE,2021-10-25,11:31:59,7.1,7.25,6.75,7.0,5000,447700
NIFTY,28OCT21,17350,PE,2021-10-25,11:32:59,7.1,7.1,6.85,6.85,1700,447700
NIFTY,28OCT21,17350,PE,2021-10-25,11:33:59,6.8,7.2,6.8,7.0,2200,447500
NIFTY,28OCT21,17350,PE,2021-10-25,11:34:59,7.1,7.2,6.95,6.95,2300,447500
NIFTY,28OCT21,17350,PE,2021-10-25,11:35:59,6.9,7.0,6.8,7.0,2950,447500
NIFTY,28OCT21,17350,PE,2021-10-25,11:36:59,7.1,7.15,6.8,7.1,2500,448050
NIFTY,28OCT21,17350,PE,2021-10-25,11:37:59,7.1,7.2,6.95,7.0,500,448050
NIFTY,28OCT21,17350,PE,2021-10-25,11:38:59,7.1,7.3,7.1,7.3,250,448050
NIFTY,28OCT21,17350,PE,2021-10-25,11:39:59,7.2,7.3,7.15,7.2,1150,447900
NIFTY,28OCT21,17350,PE,2021-10-25,11:40:59,7.05,7.1,7.05,7.1,100,447900
NIFTY,28OCT21,17350,PE,2021-10-25,11:41:59,7.1,7.15,7.0,7.05,2300,447900
NIFTY,28OCT21,17350,PE,2021-10-25,11:42:59,7.1,7.1,6.85,6.85,400,449250
NIFTY,28OCT21,17350,PE,2021-10-25,11:43:59,6.85,6.9,6.8,6.8,800,449250
NIFTY,28OCT21,17350,PE,2021-10-25,11:44:59,6.7,6.85,6.7,6.85,900,449250
NIFTY,28OCT21,17350,PE,2021-10-25,11:45:59,6.9,6.9,6.7,6.7,500,448750
NIFTY,28OCT21,17350,PE,2021-10-25,11:46:59,6.8,6.9,6.8,6.8,1600,448750
NIFTY,28OCT21,17350,PE,2021-10-25,11:47:59,6.65,6.7,6.55,6.7,1200,448750
NIFTY,28OCT21,17350,PE,2021-10-25,11:48:59,6.6,6.75,6.55,6.55,1800,448350
NIFTY,28OCT21,17350,PE,2021-10-25,11:49:59,6.55,6.7,6.55,6.6,4200,448350
NIFTY,28OCT21,17350,PE,2021-10-25,11:50:59,6.6,6.65,6.4,6.45,1650,448350
NIFTY,28OCT21,17350,PE,2021-10-25,11:51:59,6.5,6.55,6.35,6.45,1750,448750
NIFTY,28OCT21,17350,PE,2021-10-25,11:52:59,6.5,6.75,6.4,6.6,3650,448750
NIFTY,28OCT21,17350,PE,2021-10-25,11:53:59,6.65,6.75,6.6,6.65,4100,448750
NIFTY,28OCT21,17350,PE,2021-10-25,11:54:59,6.65,6.8,6.5,6.55,4900,450750
NIFTY,28OCT21,17350,PE,2021-10-25,11:55:59,6.45,6.7,6.45,6.55,4150,450750
NIFTY,28OCT21,17350,PE,2021-10-25,11:56:59,6.6,6.65,6.35,6.45,5000,450750
NIFTY,28OCT21,17350,PE,2021-10-25,11:57:59,6.4,6.5,6.2,6.35,7100,453600
NIFTY,28OCT21,17350,PE,2021-10-25,11:58:59,6.4,6.4,6.2,6.3,2500,453600
NIFTY,28OCT21,17350,PE,2021-10-25,11:59:59,6.35,6.4,6.25,6.25,2450,453600
NIFTY,28OCT21,17350,PE,2021-10-25,12:00:59,6.25,6.45,6.25,6.25,2000,451050
NIFTY,28OCT21,17350,PE,2021-10-25,12:01:59,6.25,6.3,6.0,6.15,8700,451050
NIFTY,28OCT21,17350,PE,2021-10-25,12:02:59,6.05,6.3,6.05,6.15,7550,451050
NIFTY,28OCT21,17350,PE,2021-10-25,12:03:59,6.15,6.25,6.1,6.15,2400,452750
NIFTY,28OCT21,17350,PE,2021-10-25,12:04:59,6.3,6.3,6.1,6.15,5500,452750
NIFTY,28OCT21,17350,PE,2021-10-25,12:05:59,6.1,6.1,5.85,5.9,13850,452750
NIFTY,28OCT21,17350,PE,2021-10-25,12:06:59,5.8,6.0,5.8,5.95,18600,447850
NIFTY,28OCT21,17350,PE,2021-10-25,12:07:59,5.9,6.05,5.85,6.0,6200,447850
NIFTY,28OCT21,17350,PE,2021-10-25,12:08:59,6.05,6.05,5.8,5.8,5700,447850
NIFTY,28OCT21,17350,PE,2021-10-25,12:09:59,5.8,5.9,5.8,5.85,2750,440550
NIFTY,28OCT21,17350,PE,2021-10-25,12:10:59,5.9,6.1,5.9,6.0,2400,440550
NIFTY,28OCT21,17350,PE,2021-10-25,12:11:59,6.0,6.0,5.85,5.85,2150,440550
NIFTY,28OCT21,17350,PE,2021-10-25,12:12:59,5.95,6.1,5.9,6.1,6250,441000
NIFTY,28OCT21,17350,PE,2021-10-25,12:13:59,6.15,6.3,6.1,6.3,5200,441000
NIFTY,28OCT21,17350,PE,2021-10-25,12:14:59,6.25,6.25,6.0,6.2,2350,441000
NIFTY,28OCT21,17350,PE,2021-10-25,12:15:59,6.25,6.55,6.25,6.55,4200,439250
NIFTY,28OCT21,17350,PE,2021-10-25,12:16:59,6.5,6.6,6.25,6.25,3050,439250
NIFTY,28OCT21,17350,PE,2021-10-25,12:17:59,6.1,6.2,5.85,6.1,2600,439250
NIFTY,28OCT21,17350,PE,2021-10-25,12:18:59,6.1,6.1,5.8,5.95,1450,438900
NIFTY,28OCT21,17350,PE,2021-10-25,12:19:59,5.9,5.95,5.85,5.85,4500,438900
NIFTY,28OCT21,17350,PE,2021-10-25,12:20:59,5.9,5.9,5.7,5.85,2200,438900
NIFTY,28OCT21,17350,PE,2021-10-25,12:21:59,5.8,5.85,5.7,5.8,900,432550
NIFTY,28OCT21,17350,PE,2021-10-25,12:22:59,5.85,5.9,5.75,5.9,1250,432550
NIFTY,28OCT21,17350,PE,2021-10-25,12:23:59,5.95,6.5,5.95,6.5,6600,432550
NIFTY,28OCT21,17350,PE,2021-10-25,12:24:59,6.55,6.65,6.1,6.45,4350,434250
NIFTY,28OCT21,17350,PE,2021-10-25,12:25:59,6.45,6.95,6.3,6.8,7500,434250
NIFTY,28OCT21,17350,PE,2021-10-25,12:26:59,6.85,6.9,6.4,6.45,2550,434250
NIFTY,28OCT21,17350,PE,2021-10-25,12:27:59,6.55,6.8,6.3,6.8,4300,432400
NIFTY,28OCT21,17350,PE,2021-10-25,12:28:59,6.75,6.85,6.45,6.85,3000,432400
NIFTY,28OCT21,17350,PE,2021-10-25,12:29:59,6.7,7.1,6.6,6.95,4150,432400
NIFTY,28OCT21,17350,PE,2021-10-25,12:30:59,7.0,7.15,6.85,7.05,3250,431150
NIFTY,28OCT21,17350,PE,2021-10-25,12:31:59,6.95,6.95,6.45,6.45,5750,431150
NIFTY,28OCT21,17350,PE,2021-10-25,12:32:59,6.5,6.55,6.3,6.4,3850,431150
NIFTY,28OCT21,17350,PE,2021-10-25,12:33:59,6.35,6.4,6.25,6.3,1800,430700
NIFTY,28OCT21,17350,PE,2021-10-25,12:34:59,6.15,6.3,6.05,6.25,2900,430700
NIFTY,28OCT21,17350,PE,2021-10-25,12:35:59,6.15,6.4,6.15,6.3,1150,430700
NIFTY,28OCT21,17350,PE,2021-10-25,12:36:59,6.45,6.45,6.1,6.3,950,431400
NIFTY,28OCT21,17350,PE,2021-10-25,12:37:59,6.35,6.35,6.05,6.05,1400,431400
NIFTY,28OCT21,17350,PE,2021-10-25,12:38:59,6.05,6.3,6.05,6.25,500,431400
NIFTY,28OCT21,17350,PE,2021-10-25,12:39:59,6.25,6.45,6.1,6.45,1500,432600
NIFTY,28OCT21,17350,PE,2021-10-25,12:40:59,6.4,6.45,6.35,6.35,1000,432600
NIFTY,28OCT21,17350,PE,2021-10-25,12:41:59,6.25,6.5,6.25,6.5,2450,432600
NIFTY,28OCT21,17350,PE,2021-10-25,12:42:59,6.4,6.4,6.25,6.35,400,434600
NIFTY,28OCT21,17350,PE,2021-10-25,12:43:59,6.35,6.5,6.3,6.5,650,434600
NIFTY,28OCT21,17350,PE,2021-10-25,12:44:59,6.45,6.75,6.45,6.65,6600,434600
NIFTY,28OCT21,17350,PE,2021-10-25,12:45:59,6.6,6.8,6.45,6.45,3800,429950
NIFTY,28OCT21,17350,PE,2021-10-25,12:46:59,6.65,6.75,6.55,6.6,2300,429950
NIFTY,28OCT21,17350,PE,2021-10-25,12:47:59,6.7,6.7,6.5,6.5,800,429950
NIFTY,28OCT21,17350,PE,2021-10-25,12:48:59,6.5,6.5,6.35,6.45,2400,431400
NIFTY,28OCT21,17350,PE,2021-10-25,12:49:59,6.4,6.55,6.35,6.5,950,431400
NIFTY,28OCT21,17350,PE,2021-10-25,12:50:59,6.5,6.5,6.45,6.5,750,431400
NIFTY,28OCT21,17350,PE,2021-10-25,12:51:59,6.5,6.5,6.0,6.0,2350,431100
NIFTY,28OCT21,17350,PE,2021-10-25,12:52:59,6.1,6.25,5.85,6.25,3850,431100
NIFTY,28OCT21,17350,PE,2021-10-25,12:53:59,6.25,6.25,6.15,6.15,700,431100
NIFTY,28OCT21,17350,PE,2021-10-25,12:54:59,6.25,6.25,6.1,6.1,1150,426150
NIFTY,28OCT21,17350,PE,2021-10-25,12:55:59,6.1,6.1,6.0,6.1,3600,426150
NIFTY,28OCT21,17350,PE,2021-10-25,12:56:59,6.05,6.05,6.0,6.0,450,426150
NIFTY,28OCT21,17350,PE,2021-10-25,12:57:59,5.95,6.05,5.95,6.0,450,425350
NIFTY,28OCT21,17350,PE,2021-10-25,12:58:59,6.05,6.1,6.0,6.05,750,425350
NIFTY,28OCT21,17350,PE,2021-10-25,12:59:59,6.15,6.2,6.15,6.15,1250,425350
NIFTY,28OCT21,17350,PE,2021-10-25,13:00:59,6.25,6.25,6.05,6.05,2600,425650
NIFTY,28OCT21,17350,PE,2021-10-25,13:01:59,6.15,6.4,6.15,6.25,2750,425650
NIFTY,28OCT21,17350,PE,2021-10-25,13:02:59,6.35,6.45,6.3,6.3,1650,425650
NIFTY,28OCT21,17350,PE,2021-10-25,13:03:59,6.1,6.1,6.05,6.05,450,425400
NIFTY,28OCT21,17350,PE,2021-10-25,13:04:59,6.05,6.1,5.95,6.0,2450,425400
NIFTY,28OCT21,17350,PE,2021-10-25,13:05:59,5.9,6.05,5.8,5.9,3900,425400
NIFTY,28OCT21,17350,PE,2021-10-25,13:06:59,5.9,6.0,5.8,5.9,5050,430600
NIFTY,28OCT21,17350,PE,2021-10-25,13:07:59,5.85,5.9,5.8,5.8,2400,430600
NIFTY,28OCT21,17350,PE,2021-10-25,13:08:59,5.9,6.0,5.9,5.95,950,430600
NIFTY,28OCT21,17350,PE,2021-10-25,13:09:59,5.9,5.95,5.8,5.95,1900,430900
NIFTY,28OCT21,17350,PE,2021-10-25,13:10:59,5.95,5.95,5.85,5.85,300,430900
NIFTY,28OCT21,17350,PE,2021-10-25,13:11:59,6.0,6.0,5.85,5.95,3450,430900
NIFTY,28OCT21,17350,PE,2021-10-25,13:12:59,5.95,5.95,5.8,5.9,3900,434300
NIFTY,28OCT21,17350,PE,2021-10-25,13:13:59,5.95,5.95,5.85,5.85,1250,434300
NIFTY,28OCT21,17350,PE,2021-10-25,13:14:59,5.85,6.0,5.8,5.85,15650,434300
NIFTY,28OCT21,17350,PE,2021-10-25,13:15:59,5.8,5.85,5.75,5.75,4800,435050
NIFTY,28OCT21,17350,PE,2021-10-25,13:16:59,5.8,5.8,5.65,5.8,2950,435050
NIFTY,28OCT21,17350,PE,2021-10-25,13:17:59,5.75,5.8,5.7,5.8,350,435050
NIFTY,28OCT21,17350,PE,2021-10-25,13:18:59,5.75,5.85,5.75,5.8,2300,437850
NIFTY,28OCT21,17350,PE,2021-10-25,13:19:59,5.75,5.75,5.65,5.65,1050,437850
NIFTY,28OCT21,17350,PE,2021-10-25,13:20:59,5.65,5.75,5.5,5.6,3700,437850
NIFTY,28OCT21,17350,PE,2021-10-25,13:21:59,5.6,5.7,5.6,5.65,2900,440400
NIFTY,28OCT21,17350,PE,2021-10-25,13:22:59,5.65,5.65,5.5,5.5,3200,440400
NIFTY,28OCT21,17350,PE,2021-10-25,13:23:59,5.5,5.6,5.4,5.5,2150,440400
NIFTY,28OCT21,17350,PE,2021-10-25,13:24:59,5.5,5.55,5.4,5.5,1050,444850
NIFTY,28OCT21,17350,PE,2021-10-25,13:25:59,5.45,5.55,5.45,5.55,3150,444850
NIFTY,28OCT21,17350,PE,2021-10-25,13:26:59,5.6,5.65,5.5,5.5,2650,444850
NIFTY,28OCT21,17350,PE,2021-10-25,13:27:59,5.55,5.6,5.45,5.5,800,446650
NIFTY,28OCT21,17350,PE,2021-10-25,13:28:59,5.6,5.6,5.5,5.55,1850,446650
NIFTY,28OCT21,17350,PE,2021-10-25,13:29:59,5.6,5.7,5.6,5.7,1300,446650
NIFTY,28OCT21,17350,PE,2021-10-25,13:30:59,5.8,5.8,5.7,5.75,1100,442900
NIFTY,28OCT21,17350,PE,2021-10-25,13:31:59,5.8,5.8,5.55,5.65,950,442900
NIFTY,28OCT21,17350,PE,2021-10-25,13:32:59,5.65,5.65,5.6,5.65,200,442900
NIFTY,28OCT21,17350,PE,2021-10-25,13:33:59,5.65,6.2,5.65,6.05,7150,443000
NIFTY,28OCT21,17350,PE,2021-10-25,13:34:59,6.2,6.2,5.9,5.95,6300,443000
NIFTY,28OCT21,17350,PE,2021-10-25,13:35:59,6.0,6.1,5.4,5.4,6200,443000
NIFTY,28OCT21,17350,PE,2021-10-25,13:36:59,5.3,5.35,4.9,5.0,12500,441000
NIFTY,28OCT21,17350,PE,2021-10-25,13:37:59,4.95,5.15,4.95,5.05,7750,441000
NIFTY,28OCT21,17350,PE,2021-10-25,13:38:59,5.05,5.2,5.05,5.1,2100,441000
NIFTY,28OCT21,17350,PE,2021-10-25,13:39:59,5.15,5.25,5.05,5.05,1750,438100
NIFTY,28OCT21,17350,PE,2021-10-25,13:40:59,5.15,5.15,5.1,5.15,2300,438100
NIFTY,28OCT21,17350,PE,2021-10-25,13:41:59,5.15,5.15,5.0,5.15,2600,438100
NIFTY,28OCT21,17350,PE,2021-10-25,13:42:59,5.15,5.2,5.15,5.2,2150,437800
NIFTY,28OCT21,17350,PE,2021-10-25,13:43:59,5.25,5.3,5.1,5.3,1900,437800
NIFTY,28OCT21,17350,PE,2021-10-25,13:44:59,5.25,5.35,5.2,5.3,2050,437800
NIFTY,28OCT21,17350,PE,2021-10-25,13:45:59,5.25,5.4,5.25,5.35,3650,437250
NIFTY,28OCT21,17350,PE,2021-10-25,13:46:59,5.3,5.4,5.2,5.4,1200,437250
NIFTY,28OCT21,17350,PE,2021-10-25,13:47:59,5.5,5.95,5.4,5.65,5200,437250
NIFTY,28OCT21,17350,PE,2021-10-25,13:48:59,5.6,5.6,5.15,5.35,3100,439050
NIFTY,28OCT21,17350,PE,2021-10-25,13:49:59,5.35,5.4,5.15,5.4,1550,439050
NIFTY,28OCT21,17350,PE,2021-10-25,13:50:59,5.45,5.5,5.3,5.35,800,439050
NIFTY,28OCT21,17350,PE,2021-10-25,13:51:59,5.45,5.45,5.25,5.35,1800,440200
NIFTY,28OCT21,17350,PE,2021-10-25,13:52:59,5.4,5.4,5.3,5.4,1350,440200
NIFTY,28OCT21,17350,PE,2021-10-25,13:53:59,5.5,5.6,5.45,5.5,2150,440200
NIFTY,28OCT21,17350,PE,2021-10-25,13:54:59,5.55,5.55,5.35,5.35,1650,440550
NIFTY,28OCT21,17350,PE,2021-10-25,13:55:59,5.4,5.4,5.2,5.35,1150,440550
NIFTY,28OCT21,17350,PE,2021-10-25,13:56:59,5.4,5.5,5.35,5.5,1450,440550
NIFTY,28OCT21,17350,PE,2021-10-25,13:57:59,5.5,5.5,5.3,5.35,2300,437750
NIFTY,28OCT21,17350,PE,2021-10-25,13:58:59,5.3,5.45,5.3,5.4,750,437750
NIFTY,28OCT21,17350,PE,2021-10-25,13:59:59,5.4,5.45,5.25,5.35,1400,437750
NIFTY,28OCT21,17350,PE,2021-10-25,14:00:59,5.3,5.45,5.25,5.45,950,436300
NIFTY,28OCT21,17350,PE,2021-10-25,14:01:59,5.45,5.45,5.3,5.4,1750,436300
NIFTY,28OCT21,17350,PE,2021-10-25,14:02:59,5.3,5.3,5.2,5.2,1050,436300
NIFTY,28OCT21,17350,PE,2021-10-25,14:03:59,5.25,5.25,5.15,5.15,1200,436450
NIFTY,28OCT21,17350,PE,2021-10-25,14:04:59,5.15,5.3,5.15,5.25,1050,436450
NIFTY,28OCT21,17350,PE,2021-10-25,14:05:59,5.25,5.25,5.15,5.2,2250,436450
NIFTY,28OCT21,17350,PE,2021-10-25,14:06:59,5.2,5.3,5.15,5.25,1800,436600
NIFTY,28OCT21,17350,PE,2021-10-25,14:07:59,5.25,5.35,5.2,5.35,1800,436600
NIFTY,28OCT21,17350,PE,2021-10-25,14:08:59,5.35,5.4,5.15,5.25,4000,436600
NIFTY,28OCT21,17350,PE,2021-10-25,14:09:59,5.25,5.35,5.2,5.3,2700,437500
NIFTY,28OCT21,17350,PE,2021-10-25,14:10:59,5.35,5.35,5.25,5.25,1150,437500
NIFTY,28OCT21,17350,PE,2021-10-25,14:11:59,5.3,5.3,5.25,5.25,900,437500
NIFTY,28OCT21,17350,PE,2021-10-25,14:12:59,5.3,5.35,5.25,5.35,2700,436300
NIFTY,28OCT21,17350,PE,2021-10-25,14:13:59,5.4,5.4,5.15,5.25,5100,436300
NIFTY,28OCT21,17350,PE,2021-10-25,14:14:59,5.3,6.0,5.25,6.0,5100,436300
NIFTY,28OCT21,17350,PE,2021-10-25,14:15:59,6.2,6.8,5.95,6.55,17100,434650
NIFTY,28OCT21,17350,PE,2021-10-25,14:16:59,6.45,6.5,5.75,6.2,11000,434650
NIFTY,28OCT21,17350,PE,2021-10-25,14:17:59,6.15,6.15,5.75,5.9,7750,434650
NIFTY,28OCT21,17350,PE,2021-10-25,14:18:59,6.0,6.1,5.65,5.85,9900,440350
NIFTY,28OCT21,17350,PE,2021-10-25,14:19:59,5.75,5.85,5.35,5.45,7550,440350
NIFTY,28OCT21,17350,PE,2021-10-25,14:20:59,5.5,5.8,4.95,5.0,8450,440350
NIFTY,28OCT21,17350,PE,2021-10-25,14:21:59,5.15,5.5,5.1,5.35,8250,444750
NIFTY,28OCT21,17350,PE,2021-10-25,14:22:59,5.25,5.45,5.15,5.2,5400,444750
NIFTY,28OCT21,17350,PE,2021-10-25,14:23:59,5.2,5.3,4.9,4.95,3500,444750
NIFTY,28OCT21,17350,PE,2021-10-25,14:24:59,4.95,5.25,4.95,5.0,5050,442300
NIFTY,28OCT21,17350,PE,2021-10-25,14:25:59,5.0,5.0,4.6,4.7,5500,442300
NIFTY,28OCT21,17350,PE,2021-10-25,14:26:59,4.7,4.7,4.25,4.4,11750,442300
NIFTY,28OCT21,17350,PE,2021-10-25,14:27:59,4.4,4.75,4.35,4.75,5650,446700
NIFTY,28OCT21,17350,PE,2021-10-25,14:28:59,4.75,4.95,4.65,4.8,4350,446700
NIFTY,28OCT21,17350,PE,2021-10-25,14:29:59,4.8,5.0,4.75,4.9,3750,446700
NIFTY,28OCT21,17350,PE,2021-10-25,14:30:59,4.9,5.2,4.8,5.15,4100,443600
NIFTY,28OCT21,17350,PE,2021-10-25,14:31:59,5.1,5.15,4.95,5.1,3100,443600
NIFTY,28OCT21,17350,PE,2021-10-25,14:32:59,5.1,5.1,4.6,4.65,6400,443600
NIFTY,28OCT21,17350,PE,2021-10-25,14:33:59,4.65,4.65,4.35,4.55,5350,441000
NIFTY,28OCT21,17350,PE,2021-10-25,14:34:59,4.55,4.95,4.55,4.95,3600,441000
NIFTY,28OCT21,17350,PE,2021-10-25,14:35:59,4.95,5.0,4.55,4.65,2850,441000
NIFTY,28OCT21,17350,PE,2021-10-25,14:36:59,4.65,4.8,4.55,4.7,7050,441400
NIFTY,28OCT21,17350,PE,2021-10-25,14:37:59,4.7,4.8,4.6,4.6,2050,441400
NIFTY,28OCT21,17350,PE,2021-10-25,14:38:59,4.6,4.6,4.45,4.5,4850,441400
NIFTY,28OCT21,17350,PE,2021-10-25,14:39:59,4.5,4.6,4.45,4.55,2800,441950
NIFTY,28OCT21,17350,PE,2021-10-25,14:40:59,4.45,4.55,4.4,4.4,5750,441950
NIFTY,28OCT21,17350,PE,2021-10-25,14:41:59,4.4,4.5,4.3,4.4,9950,441950
NIFTY,28OCT21,17350,PE,2021-10-25,14:42:59,4.5,4.5,4.3,4.3,3300,437750
NIFTY,28OCT21,17350,PE,2021-10-25,14:43:59,4.35,4.45,4.2,4.4,6750,437750
NIFTY,28OCT21,17350,PE,2021-10-25,14:44:59,4.35,4.4,4.3,4.3,1500,437750
NIFTY,28OCT21,17350,PE,2021-10-25,14:45:59,4.3,4.3,4.2,4.3,2650,438350
NIFTY,28OCT21,17350,PE,2021-10-25,14:46:59,4.35,4.35,4.2,4.25,4450,438350
NIFTY,28OCT21,17350,PE,2021-10-25,14:47:59,4.25,4.25,4.05,4.15,10400,438350
NIFTY,28OCT21,17350,PE,2021-10-25,14:48:59,4.1,4.1,3.9,3.95,9100,439750
NIFTY,28OCT21,17350,PE,2021-10-25,14:49:59,3.95,4.1,3.95,4.05,12350,439750
NIFTY,28OCT21,17350,PE,2021-10-25,14:50:59,4.1,4.1,3.95,3.95,5650,439750
NIFTY,28OCT21,17350,PE,2021-10-25,14:51:59,4.0,4.05,3.95,4.0,4700,445850
NIFTY,28OCT21,17350,PE,2021-10-25,14:52:59,4.05,4.05,3.95,3.95,7350,445850
NIFTY,28OCT21,17350,PE,2021-10-25,14:53:59,3.95,3.95,3.7,3.75,8200,445850
NIFTY,28OCT21,17350,PE,2021-10-25,14:54:59,3.75,3.8,3.7,3.7,3750,451450
NIFTY,28OCT21,17350,PE,2021-10-25,14:55:59,3.7,3.8,3.7,3.7,5850,451450
NIFTY,28OCT21,17350,PE,2021-10-25,14:56:59,3.7,3.75,3.55,3.55,7250,451450
NIFTY,28OCT21,17350,PE,2021-10-25,14:57:59,3.55,3.7,3.55,3.55,7250,450750
NIFTY,28OCT21,17350,PE,2021-10-25,14:58:59,3.6,3.6,3.5,3.5,2500,450750
NIFTY,28OCT21,17350,PE,2021-10-25,14:59:59,3.5,3.55,3.5,3.55,4550,450750
NIFTY,28OCT21,17350,PE,2021-10-25,15:00:59,3.55,3.6,3.5,3.6,1550,439250
NIFTY,28OCT21,17350,PE,2021-10-25,15:01:59,3.55,3.65,3.5,3.6,6500,439250
NIFTY,28OCT21,17350,PE,2021-10-25,15:02:59,3.55,3.65,3.55,3.6,1850,439250
NIFTY,28OCT21,17350,PE,2021-10-25,15:03:59,3.65,3.7,3.55,3.7,4150,439250
NIFTY,28OCT21,17350,PE,2021-10-25,15:04:59,3.7,3.7,3.55,3.7,2250,434650
NIFTY,28OCT21,17350,PE,2021-10-25,15:05:59,3.65,3.7,3.55,3.6,9600,434650
NIFTY,28OCT21,17350,PE,2021-10-25,15:06:59,3.6,3.75,3.6,3.65,8450,439600
NIFTY,28OCT21,17350,PE,2021-10-25,15:07:59,3.65,3.7,3.6,3.6,6300,439600
NIFTY,28OCT21,17350,PE,2021-10-25,15:08:59,3.6,3.65,3.55,3.55,1800,439600
NIFTY,28OCT21,17350,PE,2021-10-25,15:09:59,3.55,3.55,3.5,3.5,2850,439600
NIFTY,28OCT21,17350,PE,2021-10-25,15:10:59,3.5,3.85,3.5,3.85,7000,436250
NIFTY,28OCT21,17350,PE,2021-10-25,15:11:59,3.85,3.9,3.7,3.85,12400,436250
NIFTY,28OCT21,17350,PE,2021-10-25,15:12:59,3.85,3.85,3.75,3.75,1450,436250
NIFTY,28OCT21,17350,PE,2021-10-25,15:13:59,3.75,3.75,3.7,3.7,400,438050
NIFTY,28OCT21,17350,PE,2021-10-25,15:14:59,3.65,3.7,3.6,3.65,2200,438050
NIFTY,28OCT21,17350,PE,2021-10-25,15:15:59,3.65,3.65,3.6,3.6,450,438050
NIFTY,28OCT21,17350,PE,2021-10-25,15:16:59,3.65,3.65,3.5,3.5,1250,438200
NIFTY,28OCT21,17350,PE,2021-10-25,15:17:59,3.5,3.5,3.4,3.45,3300,438200
NIFTY,28OCT21,17350,PE,2021-10-25,15:18:59,3.4,3.5,3.4,3.4,2550,437200
NIFTY,28OCT21,17350,PE,2021-10-25,15:19:59,3.5,3.8,3.45,3.8,8400,437200
NIFTY,28OCT21,17350,PE,2021-10-25,15:20:59,3.85,3.85,3.75,3.8,5650,437200
NIFTY,28OCT21,17350,PE,2021-10-25,15:21:59,3.8,3.8,3.55,3.65,12700,437200
NIFTY,28OCT21,17350,PE,2021-10-25,15:22:59,3.55,3.6,3.45,3.5,4950,430450
NIFTY,28OCT21,17350,PE,2021-10-25,15:23:59,3.5,3.6,3.4,3.4,13800,430450
NIFTY,28OCT21,17350,PE,2021-10-25,15:24:59,3.4,3.4,3.2,3.2,6250,430450
NIFTY,28OCT21,17350,PE,2021-10-25,15:25:59,3.2,3.3,2.95,2.95,6750,421750
NIFTY,28OCT21,17350,PE,2021-10-25,15:26:59,2.9,3.0,2.85,2.95,5300,421750
NIFTY,28OCT21,17350,PE,2021-10-25,15:27:59,2.9,3.2,2.9,3.15,3200,421750
NIFTY,28OCT21,17350,PE,2021-10-25,15:28:59,3.2,3.35,3.1,3.3,3250,416700
NIFTY,28OCT21,17350,PE,2021-10-25,15:30:00,3.3,3.4,3.1,3.2,3700,416700
NIFTY,28OCT21,17350,PE,2021-10-26,09:15:59,3.0,3.4,2.3,2.95,4650,411250
NIFTY,28OCT21,17350,PE,2021-10-26,09:16:59,3.05,3.1,3.0,3.05,5400,411250
NIFTY,28OCT21,17350,PE,2021-10-26,09:17:59,3.0,3.05,2.9,2.9,1800,412250
NIFTY,28OCT21,17350,PE,2021-10-26,09:18:59,2.95,3.1,2.95,3.1,5900,412250
NIFTY,28OCT21,17350,PE,2021-10-26,09:19:59,3.1,3.3,3.1,3.25,9500,412250
NIFTY,28OCT21,17350,PE,2021-10-26,09:20:59,3.25,3.35,3.25,3.3,8150,412350
NIFTY,28OCT21,17350,PE,2021-10-26,09:21:59,3.3,3.4,3.25,3.4,5300,412350
NIFTY,28OCT21,17350,PE,2021-10-26,09:22:59,3.4,3.55,3.35,3.55,6250,412350
NIFTY,28OCT21,17350,PE,2021-10-26,09:23:59,3.6,3.65,3.55,3.6,2150,417200
NIFTY,28OCT21,17350,PE,2021-10-26,09:24:59,3.6,3.65,3.6,3.65,3200,417200
NIFTY,28OCT21,17350,PE,2021-10-26,09:25:59,3.65,3.65,3.5,3.5,2250,417200
NIFTY,28OCT21,17350,PE,2021-10-26,09:26:59,3.5,3.55,3.45,3.55,6000,418400
NIFTY,28OCT21,17350,PE,2021-10-26,09:27:59,3.55,3.95,3.55,3.9,4950,418400
NIFTY,28OCT21,17350,PE,2021-10-26,09:28:59,3.9,3.9,3.6,3.75,6100,418400
NIFTY,28OCT21,17350,PE,2021-10-26,09:29:59,3.8,3.9,3.7,3.75,3850,423500
NIFTY,28OCT21,17350,PE,2021-10-26,09:30:59,3.75,3.95,3.65,3.8,6050,423500
NIFTY,28OCT21,17350,PE,2021-10-26,09:31:59,3.8,3.8,3.65,3.65,6650,423500
NIFTY,28OCT21,17350,PE,2021-10-26,09:32:59,3.75,4.0,3.55,3.6,9400,418200
NIFTY,28OCT21,17350,PE,2021-10-26,09:33:59,3.5,3.8,3.5,3.8,2750,418200
NIFTY,28OCT21,17350,PE,2021-10-26,09:34:59,3.75,3.85,3.55,3.6,10550,418200
NIFTY,28OCT21,17350,PE,2021-10-26,09:35:59,3.55,3.7,3.55,3.55,5500,418450
NIFTY,28OCT21,17350,PE,2021-10-26,09:36:59,3.55,3.55,3.35,3.55,3450,418450
NIFTY,28OCT21,17350,PE,2021-10-26,09:37:59,3.55,3.55,3.4,3.45,18150,418450
NIFTY,28OCT21,17350,PE,2021-10-26,09:38:59,3.45,3.5,3.35,3.5,8900,418150
NIFTY,28OCT21,17350,PE,2021-10-26,09:39:59,3.45,3.55,3.4,3.4,3100,418150
NIFTY,28OCT21,17350,PE,2021-10-26,09:40:59,3.4,3.45,3.35,3.45,5550,418150
NIFTY,28OCT21,17350,PE,2021-10-26,09:41:59,3.45,3.55,3.4,3.45,3850,418150
NIFTY,28OCT21,17350,PE,2021-10-26,09:42:59,3.4,3.45,3.4,3.45,1550,415800
NIFTY,28OCT21,17350,PE,2021-10-26,09:43:59,3.4,3.5,3.25,3.4,8850,415800
NIFTY,28OCT21,17350,PE,2021-10-26,09:44:59,3.4,3.65,3.4,3.6,14100,421000
NIFTY,28OCT21,17350,PE,2021-10-26,09:45:59,3.65,3.65,3.5,3.5,3200,421000
NIFTY,28OCT21,17350,PE,2021-10-26,09:46:59,3.45,3.65,3.45,3.65,1250,421000
NIFTY,28OCT21,17350,PE,2021-10-26,09:47:59,3.6,3.6,3.45,3.6,900,422150
NIFTY,28OCT21,17350,PE,2021-10-26,09:48:59,3.55,3.6,3.45,3.45,850,422150
NIFTY,28OCT21,17350,PE,2021-10-26,09:49:59,3.5,3.5,3.5,3.5,50,422150
NIFTY,28OCT21,17350,PE,2021-10-26,09:50:59,3.45,3.55,3.35,3.35,2250,409700
NIFTY,28OCT21,17350,PE,2021-10-26,09:51:59,3.35,3.45,3.25,3.25,3950,409700
NIFTY,28OCT21,17350,PE,2021-10-26,09:52:59,3.3,3.3,3.3,3.3,3000,409700
NIFTY,28OCT21,17350,PE,2021-10-26,09:53:59,3.2,3.3,3.2,3.3,1250,411500
NIFTY,28OCT21,17350,PE,2021-10-26,09:54:59,3.3,3.55,3.3,3.4,3100,411500
NIFTY,28OCT21,17350,PE,2021-10-26,09:55:59,3.45,3.5,3.35,3.5,4100,411500
NIFTY,28OCT21,17350,PE,2021-10-26,09:56:59,3.45,3.55,3.45,3.45,2050,411200
NIFTY,28OCT21,17350,PE,2021-10-26,09:57:59,3.4,3.4,3.4,3.4,300,411200
NIFTY,28OCT21,17350,PE,2021-10-26,09:58:59,3.35,3.4,3.35,3.4,2600,411200
NIFTY,28OCT21,17350,PE,2021-10-26,09:59:59,3.35,3.6,3.35,3.45,3300,408150
NIFTY,28OCT21,17350,PE,2021-10-26,10:00:59,3.6,3.65,3.55,3.55,2600,408150
NIFTY,28OCT21,17350,PE,2021-10-26,10:01:59,3.5,3.55,3.5,3.55,350,408150
NIFTY,28OCT21,17350,PE,2021-10-26,10:02:59,3.5,3.55,3.45,3.55,1350,407800
NIFTY,28OCT21,17350,PE,2021-10-26,10:03:59,3.55,3.55,3.4,3.4,3100,407800
NIFTY,28OCT21,17350,PE,2021-10-26,10:04:59,3.4,3.5,3.3,3.45,3050,407800
NIFTY,28OCT21,17350,PE,2021-10-26,10:05:59,3.4,3.4,3.3,3.35,800,408800
NIFTY,28OCT21,17350,PE,2021-10-26,10:06:59,3.4,3.4,3.3,3.3,800,408800
NIFTY,28OCT21,17350,PE,2021-10-26,10:07:59,3.35,3.35,3.3,3.35,450,408800
NIFTY,28OCT21,17350,PE,2021-10-26,10:08:59,3.35,3.4,3.3,3.35,2550,408250
NIFTY,28OCT21,17350,PE,2021-10-26,10:09:59,3.4,3.45,3.4,3.45,300,408250
NIFTY,28OCT21,17350,PE,2021-10-26,10:10:59,3.4,3.5,3.4,3.5,550,408250
NIFTY,28OCT21,17350,PE,2021-10-26,10:11:59,3.5,3.55,3.5,3.55,900,410000
NIFTY,28OCT21,17350,PE,2021-10-26,10:12:59,3.55,3.6,3.45,3.5,9100,410000
NIFTY,28OCT21,17350,PE,2021-10-26,10:13:59,3.5,3.55,3.4,3.5,2650,410000
NIFTY,28OCT21,17350,PE,2021-10-26,10:14:59,3.55,3.55,3.5,3.55,950,404600
NIFTY,28OCT21,17350,PE,2021-10-26,10:15:59,3.55,3.55,3.5,3.5,3150,404600
NIFTY,28OCT21,17350,PE,2021-10-26,10:16:59,3.45,3.6,3.4,3.55,11400,404600
NIFTY,28OCT21,17350,PE,2021-10-26,10:17:59,3.55,3.55,3.5,3.5,600,412300
NIFTY,28OCT21,17350,PE,2021-10-26,10:18:59,3.45,3.55,3.45,3.45,1400,412300
NIFTY,28OCT21,17350,PE,2021-10-26,10:19:59,3.45,3.55,3.45,3.55,1950,412300
NIFTY,28OCT21,17350,PE,2021-10-26,10:20:59,3.45,3.65,3.45,3.55,4700,413500
NIFTY,28OCT21,17350,PE,2021-10-26,10:21:59,3.65,3.9,3.45,3.85,14150,413500
NIFTY,28OCT21,17350,PE,2021-10-26,10:22:59,3.85,3.85,3.75,3.8,1050,413500
NIFTY,28OCT21,17350,PE,2021-10-26,10:23:59,3.7,3.8,3.55,3.55,3950,404650
NIFTY,28OCT21,17350,PE,2021-10-26,10:24:59,3.6,3.65,3.55,3.55,2150,404650
NIFTY,28OCT21,17350,PE,2021-10-26,10:25:59,3.6,3.75,3.55,3.6,2750,404650
NIFTY,28OCT21,17350,PE,2021-10-26,10:26:59,3.7,3.7,3.45,3.45,1150,405050
NIFTY,28OCT21,17350,PE,2021-10-26,10:27:59,3.4,3.55,3.4,3.5,6300,405050
NIFTY,28OCT21,17350,PE,2021-10-26,10:28:59,3.65,3.65,3.4,3.45,3850,405050
NIFTY,28OCT21,17350,PE,2021-10-26,10:29:59,3.45,3.55,3.4,3.55,700,399150
NIFTY,28OCT21,17350,PE,2021-10-26,10:30:59,3.45,3.45,3.4,3.4,300,399150
NIFTY,28OCT21,17350,PE,2021-10-26,10:31:59,3.5,3.5,3.45,3.5,2650,399150
NIFTY,28OCT21,17350,PE,2021-10-26,10:32:59,3.5,3.6,3.4,3.6,1250,399150
NIFTY,28OCT21,17350,PE,2021-10-26,10:33:59,3.55,3.55,3.55,3.55,300,401350
NIFTY,28OCT21,17350,PE,2021-10-26,10:34:59,3.5,3.5,3.5,3.5,50,401350
NIFTY,28OCT21,17350,PE,2021-10-26,10:35:59,3.55,3.55,3.45,3.45,2700,399350
NIFTY,28OCT21,17350,PE,2021-10-26,10:36:59,3.5,3.5,3.45,3.5,900,399350
NIFTY,28OCT21,17350,PE,2021-10-26,10:37:59,3.5,3.55,3.5,3.5,600,399350
NIFTY,28OCT21,17350,PE,2021-10-26,10:38:59,3.5,3.65,3.5,3.6,8050,398200
NIFTY,28OCT21,17350,PE,2021-10-26,10:39:59,3.6,3.75,3.6,3.7,3050,398200
NIFTY,28OCT21,17350,PE,2021-10-26,10:40:59,3.65,3.7,3.65,3.7,650,398200
NIFTY,28OCT21,17350,PE,2021-10-26,10:41:59,3.65,3.65,3.5,3.65,2150,398200
NIFTY,28OCT21,17350,PE,2021-10-26,10:42:59,3.6,3.65,3.6,3.65,400,401250
NIFTY,28OCT21,17350,PE,2021-10-26,10:43:59,3.6,3.7,3.55,3.55,3950,401250
NIFTY,28OCT21,17350,PE,2021-10-26,10:44:59,3.6,3.75,3.6,3.7,3000,402300
NIFTY,28OCT21,17350,PE,2021-10-26,10:45:59,3.65,3.95,3.65,3.75,2600,402300
NIFTY,28OCT21,17350,PE,2021-10-26,10:46:59,3.7,3.85,3.7,3.75,5050,402300
NIFTY,28OCT21,17350,PE,2021-10-26,10:47:59,3.85,4.0,3.8,3.95,2600,401150
NIFTY,28OCT21,17350,PE,2021-10-26,10:48:59,3.95,4.75,3.8,4.5,14000,401150
NIFTY,28OCT21,17350,PE,2021-10-26,10:49:59,4.15,4.25,3.8,3.85,7000,401150
NIFTY,28OCT21,17350,PE,2021-10-26,10:50:59,3.9,4.0,3.75,3.95,4650,398100
NIFTY,28OCT21,17350,PE,2021-10-26,10:51:59,3.95,3.95,3.7,3.95,1450,398100
NIFTY,28OCT21,17350,PE,2021-10-26,10:52:59,3.95,4.0,3.85,4.0,1050,398100
NIFTY,28OCT21,17350,PE,2021-10-26,10:53:59,4.0,4.15,3.85,4.1,1500,395850
NIFTY,28OCT21,17350,PE,2021-10-26,10:54:59,4.2,4.2,3.65,3.8,7100,395850
NIFTY,28OCT21,17350,PE,2021-10-26,10:55:59,3.8,3.8,3.55,3.55,4850,395850
NIFTY,28OCT21,17350,PE,2021-10-26,10:56:59,3.55,3.55,3.45,3.45,1800,395050
NIFTY,28OCT21,17350,PE,2021-10-26,10:57:59,3.4,3.65,3.4,3.55,3150,395050
NIFTY,28OCT21,17350,PE,2021-10-26,10:58:59,3.6,3.65,3.55,3.55,1000,395050
NIFTY,28OCT21,17350,PE,2021-10-26,10:59:59,3.65,3.75,3.25,3.25,5900,394150
NIFTY,28OCT21,17350,PE,2021-10-26,11:00:59,3.3,3.4,3.3,3.3,2200,394150
NIFTY,28OCT21,17350,PE,2021-10-26,11:01:59,3.25,3.25,3.1,3.25,6100,394150
NIFTY,28OCT21,17350,PE,2021-10-26,11:02:59,3.25,3.25,3.2,3.25,750,394150
NIFTY,28OCT21,17350,PE,2021-10-26,11:03:59,3.3,3.35,3.3,3.35,450,391650
NIFTY,28OCT21,17350,PE,2021-10-26,11:04:59,3.35,3.4,3.3,3.3,2100,391650
NIFTY,28OCT21,17350,PE,2021-10-26,11:05:59,3.3,3.4,3.25,3.3,700,391650
NIFTY,28OCT21,17350,PE,2021-10-26,11:06:59,3.35,3.35,3.2,3.2,700,391900
NIFTY,28OCT21,17350,PE,2021-10-26,11:07:59,3.25,3.25,3.0,3.1,7900,391900
NIFTY,28OCT21,17350,PE,2021-10-26,11:08:59,3.05,3.1,2.95,3.1,5750,392450
NIFTY,28OCT21,17350,PE,2021-10-26,11:09:59,3.1,3.2,3.1,3.2,1150,392450
NIFTY,28OCT21,17350,PE,2021-10-26,11:10:59,3.15,3.25,3.15,3.25,800,392450
NIFTY,28OCT21,17350,PE,2021-10-26,11:11:59,3.1,3.4,3.1,3.35,2350,392450
NIFTY,28OCT21,17350,PE,2021-10-26,11:12:59,3.35,3.35,3.2,3.2,3600,394100
NIFTY,28OCT21,17350,PE,2021-10-26,11:13:59,3.25,3.3,3.2,3.3,1750,394100
NIFTY,28OCT21,17350,PE,2021-10-26,11:14:59,3.25,3.25,3.25,3.25,400,394100
NIFTY,28OCT21,17350,PE,2021-10-26,11:15:59,3.25,3.35,3.2,3.3,4400,394150
NIFTY,28OCT21,17350,PE,2021-10-26,11:16:59,3.3,3.3,3.2,3.2,200,394150
NIFTY,28OCT21,17350,PE,2021-10-26,11:17:59,3.15,3.25,3.15,3.2,1650,394150
NIFTY,28OCT21,17350,PE,2021-10-26,11:18:59,3.15,3.15,3.15,3.15,150,393600
NIFTY,28OCT21,17350,PE,2021-10-26,11:19:59,3.15,3.25,3.1,3.1,2050,393600
NIFTY,28OCT21,17350,PE,2021-10-26,11:20:59,3.25,3.3,3.05,3.1,6200,393600
NIFTY,28OCT21,17350,PE,2021-10-26,11:21:59,3.15,3.15,2.95,3.0,3100,390500
NIFTY,28OCT21,17350,PE,2021-10-26,11:22:59,3.05,3.2,3.05,3.15,1950,390500
NIFTY,28OCT21,17350,PE,2021-10-26,11:23:59,3.15,3.2,3.05,3.1,9850,390500
NIFTY,28OCT21,17350,PE,2021-10-26,11:24:59,3.1,3.7,3.1,3.3,6850,386800
NIFTY,28OCT21,17350,PE,2021-10-26,11:25:59,3.45,3.55,2.8,2.8,9550,386800
NIFTY,28OCT21,17350,PE,2021-10-26,11:26:59,2.8,2.9,2.55,2.65,7300,386800
NIFTY,28OCT21,17350,PE,2021-10-26,11:27:59,2.6,2.75,2.55,2.65,4700,384750
NIFTY,28OCT21,17350,PE,2021-10-26,11:28:59,2.65,2.75,2.6,2.7,2100,384750
NIFTY,28OCT21,17350,PE,2021-10-26,11:29:59,2.8,2.85,2.75,2.75,2000,384750
NIFTY,28OCT21,17350,PE,2021-10-26,11:30:59,2.9,2.9,2.7,2.9,2500,384350
NIFTY,28OCT21,17350,PE,2021-10-26,11:31:59,2.95,3.0,2.95,3.0,2200,384350
NIFTY,28OCT21,17350,PE,2021-10-26,11:32:59,3.0,3.05,2.85,2.85,3000,384350
NIFTY,28OCT21,17350,PE,2021-10-26,11:33:59,2.9,2.9,2.85,2.9,450,386450
NIFTY,28OCT21,17350,PE,2021-10-26,11:34:59,2.85,2.95,2.8,2.85,700,386450
NIFTY,28OCT21,17350,PE,2021-10-26,11:35:59,2.85,2.85,2.8,2.85,300,386450
NIFTY,28OCT21,17350,PE,2021-10-26,11:36:59,2.85,2.9,2.8,2.85,3550,388000
NIFTY,28OCT21,17350,PE,2021-10-26,11:37:59,2.85,2.85,2.85,2.85,500,388000
NIFTY,28OCT21,17350,PE,2021-10-26,11:38:59,2.85,2.9,2.75,2.75,4300,388000
NIFTY,28OCT21,17350,PE,2021-10-26,11:39:59,2.7,2.85,2.65,2.85,7150,382000
NIFTY,28OCT21,17350,PE,2021-10-26,11:40:59,2.85,2.85,2.75,2.85,2600,382000
NIFTY,28OCT21,17350,PE,2021-10-26,11:41:59,2.85,2.9,2.85,2.85,3500,382000
NIFTY,28OCT21,17350,PE,2021-10-26,11:42:59,2.85,2.9,2.85,2.85,2600,380650
NIFTY,28OCT21,17350,PE,2021-10-26,11:43:59,2.8,2.9,2.8,2.85,1250,380650
NIFTY,28OCT21,17350,PE,2021-10-26,11:44:59,2.85,2.85,2.85,2.85,100,380650
NIFTY,28OCT21,17350,PE,2021-10-26,11:45:59,2.85,2.85,2.85,2.85,1000,379250
NIFTY,28OCT21,17350,PE,2021-10-26,11:46:59,2.85,2.85,2.85,2.85,800,379250
NIFTY,28OCT21,17350,PE,2021-10-26,11:47:59,2.95,2.95,2.9,2.95,1050,379250
NIFTY,28OCT21,17350,PE,2021-10-26,11:48:59,2.95,3.0,2.9,3.0,2950,380300
NIFTY,28OCT21,17350,PE,2021-10-26,11:49:59,3.0,3.1,2.95,3.1,2000,380300
NIFTY,28OCT21,17350,PE,2021-10-26,11:50:59,3.15,3.15,3.05,3.1,3600,380300
NIFTY,28OCT21,17350,PE,2021-10-26,11:51:59,3.1,3.1,2.95,2.95,550,380650
NIFTY,28OCT21,17350,PE,2021-10-26,11:52:59,2.95,3.05,2.95,3.05,550,380650
NIFTY,28OCT21,17350,PE,2021-10-26,11:54:59,3.0,3.0,3.0,3.0,250,380900
NIFTY,28OCT21,17350,PE,2021-10-26,11:55:59,3.0,3.05,3.0,3.0,1100,380900
NIFTY,28OCT21,17350,PE,2021-10-26,11:56:59,2.95,3.0,2.95,3.0,350,380900
NIFTY,28OCT21,17350,PE,2021-10-26,11:57:59,2.95,2.95,2.95,2.95,50,379350
NIFTY,28OCT21,17350,PE,2021-10-26,11:58:59,2.95,2.95,2.95,2.95,150,379350
NIFTY,28OCT21,17350,PE,2021-10-26,11:59:59,3.0,3.0,3.0,3.0,150,379350
NIFTY,28OCT21,17350,PE,2021-10-26,12:00:59,2.9,2.9,2.9,2.9,100,378500
NIFTY,28OCT21,17350,PE,2021-10-26,12:01:59,2.95,2.95,2.85,2.85,400,378500
NIFTY,28OCT21,17350,PE,2021-10-26,12:02:59,2.85,3.0,2.85,2.85,2950,378500
NIFTY,28OCT21,17350,PE,2021-10-26,12:03:59,2.9,2.9,2.75,2.9,700,379200
NIFTY,28OCT21,17350,PE,2021-10-26,12:04:59,2.85,2.85,2.8,2.85,500,379200
NIFTY,28OCT21,17350,PE,2021-10-26,12:05:59,2.8,2.8,2.65,2.65,3250,379200
NIFTY,28OCT21,17350,PE,2021-10-26,12:06:59,2.6,2.65,2.6,2.65,1500,377800
NIFTY,28OCT21,17350,PE,2021-10-26,12:07:59,2.65,2.65,2.6,2.65,3950,377800
NIFTY,28OCT21,17350,PE,2021-10-26,12:08:59,2.6,2.65,2.55,2.55,2200,377800
NIFTY,28OCT21,17350,PE,2021-10-26,12:09:59,2.65,2.75,2.55,2.75,2900,373950
NIFTY,28OCT21,17350,PE,2021-10-26,12:10:59,2.75,2.85,2.75,2.85,600,373950
NIFTY,28OCT21,17350,PE,2021-10-26,12:11:59,2.75,2.75,2.75,2.75,150,373950
NIFTY,28OCT21,17350,PE,2021-10-26,12:12:59,2.75,2.75,2.75,2.75,1550,374500
NIFTY,28OCT21,17350,PE,2021-10-26,12:13:59,2.65,2.75,2.65,2.75,4300,374500
NIFTY,28OCT21,17350,PE,2021-10-26,12:14:59,2.75,2.8,2.6,2.65,12300,374500
NIFTY,28OCT21,17350,PE,2021-10-26,12:15:59,2.7,2.8,2.7,2.75,1500,374500
NIFTY,28OCT21,17350,PE,2021-10-26,12:16:59,2.7,2.7,2.7,2.7,50,373000
NIFTY,28OCT21,17350,PE,2021-10-26,12:17:59,2.7,2.8,2.7,2.7,1050,373000
NIFTY,28OCT21,17350,PE,2021-10-26,12:18:59,2.7,2.75,2.7,2.75,400,373150
NIFTY,28OCT21,17350,PE,2021-10-26,12:19:59,2.8,2.85,2.8,2.8,700,373150
NIFTY,28OCT21,17350,PE,2021-10-26,12:20:59,2.8,2.8,2.8,2.8,50,373150
NIFTY,28OCT21,17350,PE,2021-10-26,12:21:59,2.9,2.9,2.9,2.9,500,373700
NIFTY,28OCT21,17350,PE,2021-10-26,12:22:59,2.85,2.85,2.85,2.85,250,373700
NIFTY,28OCT21,17350,PE,2021-10-26,12:23:59,2.8,2.8,2.75,2.75,600,373700
NIFTY,28OCT21,17350,PE,2021-10-26,12:24:59,2.8,2.8,2.8,2.8,550,372800
NIFTY,28OCT21,17350,PE,2021-10-26,12:25:59,2.8,2.8,2.8,2.8,250,372800
NIFTY,28OCT21,17350,PE,2021-10-26,12:26:59,2.75,2.75,2.75,2.75,750,372800
NIFTY,28OCT21,17350,PE,2021-10-26,12:27:59,2.75,2.75,2.75,2.75,150,372800
NIFTY,28OCT21,17350,PE,2021-10-26,12:28:59,2.75,2.8,2.75,2.8,150,372150
NIFTY,28OCT21,17350,PE,2021-10-26,12:29:59,2.8,2.8,2.8,2.8,200,372150
NIFTY,28OCT21,17350,PE,2021-10-26,12:30:59,2.8,2.8,2.8,2.8,50,372400
NIFTY,28OCT21,17350,PE,2021-10-26,12:31:59,2.8,2.8,2.75,2.75,450,372400
NIFTY,28OCT21,17350,PE,2021-10-26,12:34:59,2.75,2.75,2.75,2.75,100,372300
NIFTY,28OCT21,17350,PE,2021-10-26,12:35:59,2.85,2.85,2.75,2.8,350,372300
NIFTY,28OCT21,17350,PE,2021-10-26,12:36:59,2.85,2.85,2.75,2.75,150,372300
NIFTY,28OCT21,17350,PE,2021-10-26,12:37:59,2.8,2.85,2.75,2.8,500,372300
NIFTY,28OCT21,17350,PE,2021-10-26,12:38:59,2.75,3.0,2.75,2.9,2000,372300
NIFTY,28OCT21,17350,PE,2021-10-26,12:39:59,3.05,3.2,2.9,3.0,3250,371000
NIFTY,28OCT21,17350,PE,2021-10-26,12:40:59,2.95,3.15,2.9,3.05,2000,371000
NIFTY,28OCT21,17350,PE,2021-10-26,12:41:59,2.95,3.0,2.9,2.95,800,371000
NIFTY,28OCT21,17350,PE,2021-10-26,12:42:59,2.95,3.1,2.85,2.9,2650,371700
NIFTY,28OCT21,17350,PE,2021-10-26,12:43:59,3.0,3.0,2.95,2.95,500,371700
NIFTY,28OCT21,17350,PE,2021-10-26,12:44:59,3.0,3.15,3.0,3.05,1800,371700
NIFTY,28OCT21,17350,PE,2021-10-26,12:45:59,3.05,3.25,3.0,3.05,2100,372750
NIFTY,28OCT21,17350,PE,2021-10-26,12:46:59,3.15,3.2,3.05,3.05,650,372750
NIFTY,28OCT21,17350,PE,2021-10-26,12:47:59,3.05,3.1,3.05,3.1,300,372750
NIFTY,28OCT21,17350,PE,2021-10-26,12:48:59,3.05,3.05,3.05,3.05,800,373050
NIFTY,28OCT21,17350,PE,2021-10-26,12:49:59,3.0,3.0,3.0,3.0,100,373050
NIFTY,28OCT21,17350,PE,2021-10-26,12:50:59,3.1,3.1,3.05,3.05,450,373050
NIFTY,28OCT21,17350,PE,2021-10-26,12:51:59,3.0,3.05,2.95,2.95,650,372950
NIFTY,28OCT21,17350,PE,2021-10-26,12:52:59,3.0,3.05,2.95,3.05,1650,372950
NIFTY,28OCT21,17350,PE,2021-10-26,12:53:59,2.9,2.9,2.85,2.85,700,372950
NIFTY,28OCT21,17350,PE,2021-10-26,12:55:59,2.9,2.9,2.8,2.85,1250,371650
NIFTY,28OCT21,17350,PE,2021-10-26,12:56:59,2.85,2.9,2.8,2.8,750,371650
NIFTY,28OCT21,17350,PE,2021-10-26,12:57:59,2.85,2.85,2.8,2.8,2250,371800
NIFTY,28OCT21,17350,PE,2021-10-26,12:58:59,2.8,2.95,2.75,2.75,2350,371800
NIFTY,28OCT21,17350,PE,2021-10-26,12:59:59,2.7,2.7,2.7,2.7,850,371800
NIFTY,28OCT21,17350,PE,2021-10-26,13:00:59,2.75,2.8,2.6,2.6,1800,370450
NIFTY,28OCT21,17350,PE,2021-10-26,13:01:59,2.75,2.75,2.75,2.75,100,370450
NIFTY,28OCT21,17350,PE,2021-10-26,13:02:59,2.8,2.8,2.7,2.7,100,370450
NIFTY,28OCT21,17350,PE,2021-10-26,13:03:59,2.65,2.65,2.65,2.65,1500,369950
NIFTY,28OCT21,17350,PE,2021-10-26,13:04:59,2.75,2.75,2.75,2.75,50,369950
NIFTY,28OCT21,17350,PE,2021-10-26,13:05:59,2.85,2.85,2.7,2.7,200,369950
NIFTY,28OCT21,17350,PE,2021-10-26,13:06:59,2.7,2.7,2.7,2.7,150,369900
NIFTY,28OCT21,17350,PE,2021-10-26,13:07:59,2.75,2.75,2.65,2.65,950,369900
NIFTY,28OCT21,17350,PE,2021-10-26,13:08:59,2.65,2.65,2.65,2.65,100,369900
NIFTY,28OCT21,17350,PE,2021-10-26,13:09:59,2.65,2.65,2.65,2.65,700,370050
NIFTY,28OCT21,17350,PE,2021-10-26,13:10:59,2.65,2.7,2.65,2.7,650,370050
NIFTY,28OCT21,17350,PE,2021-10-26,13:11:59,2.6,2.75,2.6,2.75,2550,370050
NIFTY,28OCT21,17350,PE,2021-10-26,13:12:59,2.75,2.75,2.75,2.75,50,370050
NIFTY,28OCT21,17350,PE,2021-10-26,13:13:59,2.65,2.7,2.65,2.7,200,371550
NIFTY,28OCT21,17350,PE,2021-10-26,13:14:59,2.7,2.7,2.7,2.7,50,371550
NIFTY,28OCT21,17350,PE,2021-10-26,13:15:59,2.6,2.6,2.6,2.6,300,370850
NIFTY,28OCT21,17350,PE,2021-10-26,13:17:59,2.55,2.65,2.55,2.65,1100,370850
NIFTY,28OCT21,17350,PE,2021-10-26,13:18:59,2.6,2.6,2.6,2.6,200,371500
NIFTY,28OCT21,17350,PE,2021-10-26,13:19:59,2.6,2.65,2.6,2.65,500,371500
NIFTY,28OCT21,17350,PE,2021-10-26,13:20:59,2.65,2.65,2.55,2.6,950,371500
NIFTY,28OCT21,17350,PE,2021-10-26,13:21:59,2.6,2.6,2.55,2.6,650,371300
NIFTY,28OCT21,17350,PE,2021-10-26,13:22:59,2.55,2.55,2.55,2.55,850,371300
NIFTY,28OCT21,17350,PE,2021-10-26,13:23:59,2.6,2.6,2.55,2.55,350,371300
NIFTY,28OCT21,17350,PE,2021-10-26,13:24:59,2.6,2.6,2.55,2.55,1050,370650
NIFTY,28OCT21,17350,PE,2021-10-26,13:25:59,2.55,2.55,2.55,2.55,250,370650
NIFTY,28OCT21,17350,PE,2021-10-26,13:26:59,2.55,2.55,2.5,2.55,2450,370650
NIFTY,28OCT21,17350,PE,2021-10-26,13:27:59,2.5,2.5,2.4,2.4,34450,352200
NIFTY,28OCT21,17350,PE,2021-10-26,13:28:59,2.45,2.45,2.45,2.45,750,352200
NIFTY,28OCT21,17350,PE,2021-10-26,13:29:59,2.45,2.45,2.45,2.45,750,352200
NIFTY,28OCT21,17350,PE,2021-10-26,13:30:59,2.45,2.55,2.45,2.55,3350,352550
NIFTY,28OCT21,17350,PE,2021-10-26,13:31:59,2.55,2.55,2.5,2.5,400,352550
NIFTY,28OCT21,17350,PE,2021-10-26,13:32:59,2.45,2.45,2.45,2.45,400,352550
NIFTY,28OCT21,17350,PE,2021-10-26,13:33:59,2.5,2.5,2.5,2.5,150,352600
NIFTY,28OCT21,17350,PE,2021-10-26,13:34:59,2.5,2.5,2.5,2.5,200,352600
NIFTY,28OCT21,17350,PE,2021-10-26,13:35:59,2.55,2.55,2.5,2.55,500,352600
NIFTY,28OCT21,17350,PE,2021-10-26,13:36:59,2.55,2.55,2.5,2.5,1250,352600
NIFTY,28OCT21,17350,PE,2021-10-26,13:37:59,2.5,2.5,2.5,2.5,1100,348350
NIFTY,28OCT21,17350,PE,2021-10-26,13:38:59,2.5,2.5,2.45,2.5,3700,348350
NIFTY,28OCT21,17350,PE,2021-10-26,13:39:59,2.5,2.5,2.5,2.5,250,347550
NIFTY,28OCT21,17350,PE,2021-10-26,13:40:59,2.45,2.45,2.45,2.45,200,347550
NIFTY,28OCT21,17350,PE,2021-10-26,13:41:59,2.45,2.5,2.45,2.5,500,347550
NIFTY,28OCT21,17350,PE,2021-10-26,13:42:59,2.5,2.65,2.5,2.55,1100,347400
NIFTY,28OCT21,17350,PE,2021-10-26,13:43:59,2.55,2.55,2.5,2.5,700,347400
NIFTY,28OCT21,17350,PE,2021-10-26,13:44:59,2.6,2.6,2.55,2.55,1650,347400
NIFTY,28OCT21,17350,PE,2021-10-26,13:45:59,2.6,2.6,2.45,2.55,4250,345700
NIFTY,28OCT21,17350,PE,2021-10-26,13:46:59,2.6,2.6,2.6,2.6,100,345700
NIFTY,28OCT21,17350,PE,2021-10-26,13:47:59,2.6,2.65,2.6,2.65,550,345700
NIFTY,28OCT21,17350,PE,2021-10-26,13:48:59,2.65,2.65,2.65,2.65,400,348650
NIFTY,28OCT21,17350,PE,2021-10-26,13:50:59,2.6,2.6,2.6,2.6,50,348650
NIFTY,28OCT21,17350,PE,2021-10-26,13:51:59,2.6,2.6,2.6,2.6,100,347750
NIFTY,28OCT21,17350,PE,2021-10-26,13:52:59,2.65,2.65,2.65,2.65,500,347750
NIFTY,28OCT21,17350,PE,2021-10-26,13:53:59,2.6,2.6,2.6,2.6,1100,347750
NIFTY,28OCT21,17350,PE,2021-10-26,13:54:59,2.6,2.6,2.45,2.45,1050,346600
NIFTY,28OCT21,17350,PE,2021-10-26,13:55:59,2.6,2.6,2.5,2.55,800,346600
NIFTY,28OCT21,17350,PE,2021-10-26,13:56:59,2.55,2.55,2.5,2.5,450,346600
NIFTY,28OCT21,17350,PE,2021-10-26,13:57:59,2.5,2.5,2.5,2.5,1250,341750
NIFTY,28OCT21,17350,PE,2021-10-26,13:58:59,2.45,2.5,2.45,2.5,600,341750
NIFTY,28OCT21,17350,PE,2021-10-26,13:59:59,2.5,2.5,2.45,2.5,1100,341750
NIFTY,28OCT21,17350,PE,2021-10-26,14:00:59,2.5,2.5,2.5,2.5,1150,340350
NIFTY,28OCT21,17350,PE,2021-10-26,14:01:59,2.45,2.45,2.45,2.45,1250,340350
NIFTY,28OCT21,17350,PE,2021-10-26,14:02:59,2.5,2.5,2.5,2.5,1000,340350
NIFTY,28OCT21,17350,PE,2021-10-26,14:03:59,2.5,2.5,2.5,2.5,500,342200
NIFTY,28OCT21,17350,PE,2021-10-26,14:04:59,2.5,2.5,2.5,2.5,550,342200
NIFTY,28OCT21,17350,PE,2021-10-26,14:05:59,2.5,2.5,2.45,2.5,2200,342200
NIFTY,28OCT21,17350,PE,2021-10-26,14:06:59,2.45,2.45,2.45,2.45,150,340350
NIFTY,28OCT21,17350,PE,2021-10-26,14:07:59,2.45,2.5,2.45,2.5,100,340350
NIFTY,28OCT21,17350,PE,2021-10-26,14:08:59,2.5,2.55,2.5,2.5,2250,340350
NIFTY,28OCT21,17350,PE,2021-10-26,14:09:59,2.6,2.6,2.5,2.5,1200,339300
NIFTY,28OCT21,17350,PE,2021-10-26,14:10:59,2.55,2.55,2.55,2.55,550,339300
NIFTY,28OCT21,17350,PE,2021-10-26,14:11:59,2.6,2.6,2.6,2.6,3450,339300
NIFTY,28OCT21,17350,PE,2021-10-26,14:13:59,2.55,2.55,2.45,2.45,100,338550
NIFTY,28OCT21,17350,PE,2021-10-26,14:14:59,2.6,2.7,2.6,2.7,500,338550
NIFTY,28OCT21,17350,PE,2021-10-26,14:15:59,2.75,2.75,2.55,2.55,750,339000
NIFTY,28OCT21,17350,PE,2021-10-26,14:16:59,2.55,2.6,2.55,2.6,650,339000
NIFTY,28OCT21,17350,PE,2021-10-26,14:17:59,2.6,2.65,2.6,2.65,1050,339000
NIFTY,28OCT21,17350,PE,2021-10-26,14:18:59,2.65,2.65,2.6,2.6,1650,338550
NIFTY,28OCT21,17350,PE,2021-10-26,14:19:59,2.6,2.7,2.6,2.7,1250,338550
NIFTY,28OCT21,17350,PE,2021-10-26,14:20:59,2.7,2.7,2.55,2.55,3450,338550
NIFTY,28OCT21,17350,PE,2021-10-26,14:21:59,2.55,2.55,2.55,2.55,1750,338550
NIFTY,28OCT21,17350,PE,2021-10-26,14:22:59,2.6,2.6,2.6,2.6,50,335000
NIFTY,28OCT21,17350,PE,2021-10-26,14:23:59,2.55,2.55,2.55,2.55,150,335000
NIFTY,28OCT21,17350,PE,2021-10-26,14:24:59,2.6,2.65,2.6,2.65,700,333500
NIFTY,28OCT21,17350,PE,2021-10-26,14:25:59,2.65,2.65,2.55,2.55,1300,333500
NIFTY,28OCT21,17350,PE,2021-10-26,14:27:59,2.55,2.65,2.55,2.55,450,333350
NIFTY,28OCT21,17350,PE,2021-10-26,14:28:59,2.55,2.6,2.55,2.55,1650,333350
NIFTY,28OCT21,17350,PE,2021-10-26,14:29:59,2.45,2.45,2.45,2.45,100,333350
NIFTY,28OCT21,17350,PE,2021-10-26,14:30:59,2.6,2.6,2.45,2.45,1050,331700
NIFTY,28OCT21,17350,PE,2021-10-26,14:32:59,2.6,2.6,2.6,2.6,1100,331700
NIFTY,28OCT21,17350,PE,2021-10-26,14:33:59,2.6,2.6,2.4,2.4,100,331700
NIFTY,28OCT21,17350,PE,2021-10-26,14:34:59,2.4,2.4,2.4,2.4,300,332150
NIFTY,28OCT21,17350,PE,2021-10-26,14:35:59,2.55,2.55,2.35,2.35,2400,332150
NIFTY,28OCT21,17350,PE,2021-10-26,14:36:59,2.45,2.7,2.45,2.7,650,330900
NIFTY,28OCT21,17350,PE,2021-10-26,14:37:59,2.35,2.55,2.35,2.35,5600,330900
NIFTY,28OCT21,17350,PE,2021-10-26,14:38:59,2.35,2.35,2.35,2.35,250,330900
NIFTY,28OCT21,17350,PE,2021-10-26,14:39:59,2.35,2.5,2.3,2.3,4450,330900
NIFTY,28OCT21,17350,PE,2021-10-26,14:40:59,2.3,2.3,2.3,2.3,150,325400
NIFTY,28OCT21,17350,PE,2021-10-26,14:41:59,2.3,2.45,2.3,2.4,800,325400
NIFTY,28OCT21,17350,PE,2021-10-26,14:42:59,2.3,2.3,2.3,2.3,850,325400
NIFTY,28OCT21,17350,PE,2021-10-26,14:43:59,2.35,2.5,2.3,2.5,1200,325500
NIFTY,28OCT21,17350,PE,2021-10-26,14:45:59,2.0,2.25,2.0,2.25,6000,325500
NIFTY,28OCT21,17350,PE,2021-10-26,14:46:59,2.35,2.35,2.0,2.0,2200,319800
NIFTY,28OCT21,17350,PE,2021-10-26,14:47:59,2.25,2.25,2.2,2.2,450,319800
NIFTY,28OCT21,17350,PE,2021-10-26,14:48:59,2.2,2.2,2.05,2.2,1700,321000
NIFTY,28OCT21,17350,PE,2021-10-26,14:49:59,2.2,2.2,2.15,2.15,3400,321000
NIFTY,28OCT21,17350,PE,2021-10-26,14:50:59,2.15,2.15,2.15,2.15,450,321000
NIFTY,28OCT21,17350,PE,2021-10-26,14:51:59,2.25,2.25,2.15,2.25,1550,320400
NIFTY,28OCT21,17350,PE,2021-10-26,14:52:59,2.2,2.2,2.15,2.15,1050,320400
NIFTY,28OCT21,17350,PE,2021-10-26,14:53:59,2.15,2.25,2.15,2.2,2450,320400
NIFTY,28OCT21,17350,PE,2021-10-26,14:54:59,2.15,2.3,2.15,2.3,250,320400
NIFTY,28OCT21,17350,PE,2021-10-26,14:55:59,2.25,2.25,2.0,2.0,2450,319350
NIFTY,28OCT21,17350,PE,2021-10-26,14:56:59,2.25,2.25,2.1,2.25,4100,319350
NIFTY,28OCT21,17350,PE,2021-10-26,14:57:59,2.15,2.15,2.05,2.05,2900,314850
NIFTY,28OCT21,17350,PE,2021-10-26,14:58:59,2.1,2.15,2.1,2.1,900,314850
NIFTY,28OCT21,17350,PE,2021-10-26,14:59:59,2.2,2.3,2.2,2.3,3200,314850
NIFTY,28OCT21,17350,PE,2021-10-26,15:00:59,2.35,2.4,2.2,2.3,3500,318700
NIFTY,28OCT21,17350,PE,2021-10-26,15:01:59,2.3,2.35,2.25,2.3,600,318700
NIFTY,28OCT21,17350,PE,2021-10-26,15:02:59,2.3,2.4,2.3,2.3,800,318700
NIFTY,28OCT21,17350,PE,2021-10-26,15:03:59,2.3,2.45,2.3,2.45,1050,318700
NIFTY,28OCT21,17350,PE,2021-10-26,15:04:59,2.5,2.5,2.45,2.45,4150,319450
NIFTY,28OCT21,17350,PE,2021-10-26,15:05:59,2.35,2.35,2.35,2.35,1050,319450
NIFTY,28OCT21,17350,PE,2021-10-26,15:06:59,2.35,2.35,2.35,2.35,50,319450
NIFTY,28OCT21,17350,PE,2021-10-26,15:07:59,2.35,2.4,2.35,2.35,1100,317200
NIFTY,28OCT21,17350,PE,2021-10-26,15:08:59,2.35,2.5,2.3,2.3,13600,317200
NIFTY,28OCT21,17350,PE,2021-10-26,15:09:59,2.3,2.45,1.95,2.3,1900,304800
NIFTY,28OCT21,17350,PE,2021-10-26,15:10:59,2.25,2.25,2.25,2.25,300,304800
NIFTY,28OCT21,17350,PE,2021-10-26,15:12:59,2.25,2.3,2.25,2.25,1450,304800
NIFTY,28OCT21,17350,PE,2021-10-26,15:13:59,2.25,2.35,2.25,2.35,1800,304700
NIFTY,28OCT21,17350,PE,2021-10-26,15:14:59,2.25,2.25,2.2,2.25,3900,304700
NIFTY,28OCT21,17350,PE,2021-10-26,15:15:59,2.25,2.25,1.9,1.9,7450,304700
NIFTY,28OCT21,17350,PE,2021-10-26,15:16:59,2.15,2.2,2.15,2.15,6350,303000
NIFTY,28OCT21,17350,PE,2021-10-26,15:17:59,2.1,2.15,2.1,2.15,9150,303000
NIFTY,28OCT21,17350,PE,2021-10-26,15:18:59,2.15,2.2,2.1,2.2,2700,304950
NIFTY,28OCT21,17350,PE,2021-10-26,15:19:59,2.1,2.1,2.1,2.1,1050,304950
NIFTY,28OCT21,17350,PE,2021-10-26,15:20:59,2.15,2.15,2.0,2.0,13500,304950
NIFTY,28OCT21,17350,PE,2021-10-26,15:21:59,2.1,2.3,1.95,2.1,3350,301500
NIFTY,28OCT21,17350,PE,2021-10-26,15:22:59,2.1,2.1,1.8,2.0,3250,301500
NIFTY,28OCT21,17350,PE,2021-10-26,15:23:59,2.0,2.0,1.85,1.85,1250,301500
NIFTY,28OCT21,17350,PE,2021-10-26,15:24:59,1.8,2.0,1.7,1.75,2100,301500
NIFTY,28OCT21,17350,PE,2021-10-26,15:25:59,1.75,1.85,1.75,1.8,900,299900
NIFTY,28OCT21,17350,PE,2021-10-26,15:26:59,1.7,1.95,1.7,1.75,500,299900
NIFTY,28OCT21,17350,PE,2021-10-26,15:27:59,1.85,2.15,1.7,2.15,11200,299900
NIFTY,28OCT21,17350,PE,2021-10-26,15:28:59,1.8,2.0,1.75,1.95,1500,297450
NIFTY,28OCT21,17350,PE,2021-10-26,15:30:00,1.9,1.9,1.3,1.3,5700,297450
NIFTY,28OCT21,17350,PE,2021-10-27,09:15:59,1.4,1.85,1.4,1.8,1000,294550
NIFTY,28OCT21,17350,PE,2021-10-27,09:16:59,1.65,1.75,1.6,1.65,2700,294550
NIFTY,28OCT21,17350,PE,2021-10-27,09:17:59,1.8,1.8,1.75,1.8,2700,297000
NIFTY,28OCT21,17350,PE,2021-10-27,09:18:59,1.75,2.05,1.7,2.0,7250,297000
NIFTY,28OCT21,17350,PE,2021-10-27,09:19:59,1.8,1.85,1.7,1.75,2050,297000
NIFTY,28OCT21,17350,PE,2021-10-27,09:20:59,1.7,1.7,1.5,1.7,2700,299950
NIFTY,28OCT21,17350,PE,2021-10-27,09:21:59,1.7,1.8,1.7,1.7,2150,299950
NIFTY,28OCT21,17350,PE,2021-10-27,09:22:59,1.75,1.75,1.6,1.7,2300,299950
NIFTY,28OCT21,17350,PE,2021-10-27,09:23:59,1.8,1.8,1.8,1.8,1500,296950
NIFTY,28OCT21,17350,PE,2021-10-27,09:24:59,1.85,2.0,1.8,1.9,6750,296950
NIFTY,28OCT21,17350,PE,2021-10-27,09:25:59,1.9,1.95,1.8,1.85,4400,296950
NIFTY,28OCT21,17350,PE,2021-10-27,09:26:59,1.9,1.9,1.85,1.85,850,296950
NIFTY,28OCT21,17350,PE,2021-10-27,09:27:59,1.9,1.9,1.85,1.85,800,296000
NIFTY,28OCT21,17350,PE,2021-10-27,09:28:59,1.85,1.9,1.85,1.85,2550,296000
NIFTY,28OCT21,17350,PE,2021-10-27,09:29:59,1.8,1.85,1.75,1.8,1900,295400
NIFTY,28OCT21,17350,PE,2021-10-27,09:30:59,1.8,1.85,1.8,1.85,450,295400
NIFTY,28OCT21,17350,PE,2021-10-27,09:31:59,1.8,1.8,1.8,1.8,400,295400
NIFTY,28OCT21,17350,PE,2021-10-27,09:32:59,1.8,1.8,1.8,1.8,2000,295200
NIFTY,28OCT21,17350,PE,2021-10-27,09:33:59,1.75,1.75,1.7,1.7,700,295200
NIFTY,28OCT21,17350,PE,2021-10-27,09:34:59,1.75,1.75,1.75,1.75,50,295200
NIFTY,28OCT21,17350,PE,2021-10-27,09:35:59,1.75,1.75,1.75,1.75,150,294100
NIFTY,28OCT21,17350,PE,2021-10-27,09:36:59,1.75,1.75,1.7,1.75,1350,294100
NIFTY,28OCT21,17350,PE,2021-10-27,09:38:59,1.8,1.8,1.8,1.8,1000,294550
NIFTY,28OCT21,17350,PE,2021-10-27,09:39:59,1.8,1.85,1.8,1.85,550,294550
NIFTY,28OCT21,17350,PE,2021-10-27,09:40:59,1.8,1.85,1.8,1.85,3200,294550
NIFTY,28OCT21,17350,PE,2021-10-27,09:41:59,1.9,1.9,1.85,1.85,5700,296700
NIFTY,28OCT21,17350,PE,2021-10-27,09:42:59,1.8,1.9,1.75,1.9,4300,296700
NIFTY,28OCT21,17350,PE,2021-10-27,09:43:59,1.9,1.95,1.9,1.9,1550,296700
NIFTY,28OCT21,17350,PE,2021-10-27,09:44:59,1.9,1.9,1.9,1.9,950,292800
NIFTY,28OCT21,17350,PE,2021-10-27,09:45:59,1.8,1.9,1.8,1.85,1250,292800
NIFTY,28OCT21,17350,PE,2021-10-27,09:46:59,1.8,1.95,1.8,1.9,10950,292800
NIFTY,28OCT21,17350,PE,2021-10-27,09:47:59,1.85,1.9,1.85,1.9,1750,293400
NIFTY,28OCT21,17350,PE,2021-10-27,09:48:59,1.9,1.9,1.85,1.85,2000,293400
NIFTY,28OCT21,17350,PE,2021-10-27,09:50:59,1.9,1.9,1.9,1.9,1200,293400
NIFTY,28OCT21,17350,PE,2021-10-27,09:51:59,1.85,1.85,1.85,1.85,1300,293400
NIFTY,28OCT21,17350,PE,2021-10-27,09:52:59,1.9,1.9,1.9,1.9,200,293400
NIFTY,28OCT21,17350,PE,2021-10-27,09:53:59,1.95,1.95,1.85,1.95,1050,291900
NIFTY,28OCT21,17350,PE,2021-10-27,09:54:59,1.9,1.9,1.9,1.9,1200,291900
NIFTY,28OCT21,17350,PE,2021-10-27,09:55:59,1.85,1.85,1.8,1.8,950,291900
NIFTY,28OCT21,17350,PE,2021-10-27,09:56:59,1.8,1.8,1.8,1.8,450,291900
NIFTY,28OCT21,17350,PE,2021-10-27,09:57:59,1.85,1.95,1.85,1.95,3400,290100
NIFTY,28OCT21,17350,PE,2021-10-27,09:58:59,1.95,1.95,1.9,1.9,2500,290100
NIFTY,28OCT21,17350,PE,2021-10-27,09:59:59,1.95,1.95,1.95,1.95,200,290100
NIFTY,28OCT21,17350,PE,2021-10-27,10:00:59,1.95,2.0,1.95,1.95,2050,293300
NIFTY,28OCT21,17350,PE,2021-10-27,10:02:59,1.95,1.95,1.85,1.85,1900,291350
NIFTY,28OCT21,17350,PE,2021-10-27,10:03:59,1.9,2.0,1.85,1.85,1200,291350
NIFTY,28OCT21,17350,PE,2021-10-27,10:04:59,1.85,1.85,1.85,1.85,1250,291350
NIFTY,28OCT21,17350,PE,2021-10-27,10:05:59,1.85,1.9,1.85,1.9,2450,291350
NIFTY,28OCT21,17350,PE,2021-10-27,10:06:59,1.9,1.9,1.85,1.85,600,288200
NIFTY,28OCT21,17350,PE,2021-10-27,10:07:59,1.85,1.85,1.85,1.85,300,288200
NIFTY,28OCT21,17350,PE,2021-10-27,10:08:59,1.85,1.85,1.85,1.85,3150,286350
NIFTY,28OCT21,17350,PE,2021-10-27,10:09:59,1.85,1.85,1.8,1.8,400,286350
NIFTY,28OCT21,17350,PE,2021-10-27,10:13:59,1.85,1.85,1.85,1.85,400,285550
NIFTY,28OCT21,17350,PE,2021-10-27,10:15:59,1.85,1.85,1.85,1.85,100,285550
NIFTY,28OCT21,17350,PE,2021-10-27,10:16:59,1.85,1.85,1.85,1.85,500,285550
NIFTY,28OCT21,17350,PE,2021-10-27,10:17:59,1.85,1.85,1.85,1.85,200,285550
NIFTY,28OCT21,17350,PE,2021-10-27,10:18:59,1.8,1.8,1.75,1.8,2300,286350
NIFTY,28OCT21,17350,PE,2021-10-27,10:19:59,1.8,1.8,1.8,1.8,800,286350
NIFTY,28OCT21,17350,PE,2021-10-27,10:20:59,1.75,1.75,1.75,1.75,50,286350
NIFTY,28OCT21,17350,PE,2021-10-27,10:21:59,1.8,1.8,1.8,1.8,100,286400
NIFTY,28OCT21,17350,PE,2021-10-27,10:23:59,1.75,1.75,1.7,1.7,1100,286400
NIFTY,28OCT21,17350,PE,2021-10-27,10:24:59,1.65,1.65,1.65,1.65,50,285550
NIFTY,28OCT21,17350,PE,2021-10-27,10:25:59,1.75,1.8,1.75,1.8,800,285550
NIFTY,28OCT21,17350,PE,2021-10-27,10:26:59,1.8,1.8,1.8,1.8,300,285550
NIFTY,28OCT21,17350,PE,2021-10-27,10:27:59,1.8,1.8,1.65,1.75,3700,286050
NIFTY,28OCT21,17350,PE,2021-10-27,10:28:59,1.75,1.75,1.65,1.65,900,286050
NIFTY,28OCT21,17350,PE,2021-10-27,10:30:59,1.75,1.75,1.7,1.7,250,284750
NIFTY,28OCT21,17350,PE,2021-10-27,10:31:59,1.75,1.75,1.7,1.7,250,284750
NIFTY,28OCT21,17350,PE,2021-10-27,10:33:59,1.75,1.75,1.75,1.75,50,284400
NIFTY,28OCT21,17350,PE,2021-10-27,10:36:59,1.75,1.75,1.7,1.7,250,284400
NIFTY,28OCT21,17350,PE,2021-10-27,10:38:59,1.8,1.8,1.8,1.8,200,284400
NIFTY,28OCT21,17350,PE,2021-10-27,10:39:59,1.8,1.85,1.8,1.8,2350,284400
NIFTY,28OCT21,17350,PE,2021-10-27,10:40:59,1.85,1.95,1.85,1.85,350,284400
NIFTY,28OCT21,17350,PE,2021-10-27,10:41:59,1.85,1.9,1.85,1.9,400,284350
NIFTY,28OCT21,17350,PE,2021-10-27,10:42:59,1.75,1.75,1.75,1.75,50,284350
NIFTY,28OCT21,17350,PE,2021-10-27,10:43:59,1.85,1.85,1.85,1.85,50,284350
NIFTY,28OCT21,17350,PE,2021-10-27,10:46:59,1.7,1.75,1.7,1.75,250,284350
NIFTY,28OCT21,17350,PE,2021-10-27,10:47:59,1.8,1.8,1.8,1.8,150,284350
NIFTY,28OCT21,17350,PE,2021-10-27,10:48:59,1.75,1.75,1.75,1.75,50,284450
NIFTY,28OCT21,17350,PE,2021-10-27,10:49:59,1.8,1.8,1.8,1.8,50,284450
NIFTY,28OCT21,17350,PE,2021-10-27,10:50:59,1.85,1.85,1.85,1.85,450,284450
NIFTY,28OCT21,17350,PE,2021-10-27,10:51:59,1.75,1.75,1.75,1.75,400,284500
NIFTY,28OCT21,17350,PE,2021-10-27,10:52:59,1.85,1.85,1.85,1.85,50,284500
NIFTY,28OCT21,17350,PE,2021-10-27,10:55:59,1.75,1.85,1.75,1.85,250,284100
NIFTY,28OCT21,17350,PE,2021-10-27,10:57:59,1.85,1.85,1.85,1.85,500,283900
NIFTY,28OCT21,17350,PE,2021-10-27,10:58:59,1.85,1.85,1.85,1.85,150,283900
NIFTY,28OCT21,17350,PE,2021-10-27,10:59:59,1.8,1.8,1.8,1.8,50,283900
NIFTY,28OCT21,17350,PE,2021-10-27,11:02:59,1.85,1.85,1.85,1.85,200,284300
NIFTY,28OCT21,17350,PE,2021-10-27,11:04:59,1.85,1.85,1.85,1.85,900,284500
NIFTY,28OCT21,17350,PE,2021-10-27,11:05:59,1.8,1.8,1.8,1.8,900,284500
NIFTY,28OCT21,17350,PE,2021-10-27,11:06:59,1.8,1.8,1.8,1.8,200,284500
NIFTY,28OCT21,17350,PE,2021-10-27,11:07:59,1.85,1.85,1.85,1.85,400,284500
NIFTY,28OCT21,17350,PE,2021-10-27,11:09:59,1.85,1.85,1.85,1.85,600,284700
NIFTY,28OCT21,17350,PE,2021-10-27,11:10:59,1.85,1.85,1.85,1.85,50,284700
NIFTY,28OCT21,17350,PE,2021-10-27,11:11:59,1.85,1.85,1.85,1.85,50,284700
NIFTY,28OCT21,17350,PE,2021-10-27,11:12:59,1.8,1.85,1.8,1.85,650,284750
NIFTY,28OCT21,17350,PE,2021-10-27,11:14:59,1.9,1.9,1.9,1.9,650,284750
NIFTY,28OCT21,17350,PE,2021-10-27,11:17:59,1.75,1.75,1.75,1.75,50,284800
NIFTY,28OCT21,17350,PE,2021-10-27,11:18:59,1.8,1.8,1.8,1.8,100,284750
NIFTY,28OCT21,17350,PE,2021-10-27,11:20:59,1.9,1.9,1.9,1.9,100,284750
NIFTY,28OCT21,17350,PE,2021-10-27,11:23:59,1.85,1.85,1.85,1.85,50,284750
NIFTY,28OCT21,17350,PE,2021-10-27,11:25:59,1.85,1.9,1.85,1.9,250,284700
NIFTY,28OCT21,17350,PE,2021-10-27,11:26:59,1.8,1.9,1.75,1.8,1850,284700
NIFTY,28OCT21,17350,PE,2021-10-27,11:27:59,1.85,1.85,1.8,1.85,900,284950
NIFTY,28OCT21,17350,PE,2021-10-27,11:28:59,1.85,1.85,1.85,1.85,150,284950
NIFTY,28OCT21,17350,PE,2021-10-27,11:29:59,1.9,1.9,1.9,1.9,450,284950
NIFTY,28OCT21,17350,PE,2021-10-27,11:30:59,1.9,1.9,1.9,1.9,1250,285150
NIFTY,28OCT21,17350,PE,2021-10-27,11:31:59,1.9,1.95,1.9,1.95,100,285150
NIFTY,28OCT21,17350,PE,2021-10-27,11:32:59,1.95,1.95,1.95,1.95,600,285150
NIFTY,28OCT21,17350,PE,2021-10-27,11:33:59,2.0,2.0,1.9,1.9,1400,285800
NIFTY,28OCT21,17350,PE,2021-10-27,11:34:59,1.9,1.95,1.9,1.95,850,285800
NIFTY,28OCT21,17350,PE,2021-10-27,11:35:59,1.9,1.95,1.9,1.95,100,285800
NIFTY,28OCT21,17350,PE,2021-10-27,11:36:59,1.9,1.9,1.85,1.85,450,284450
NIFTY,28OCT21,17350,PE,2021-10-27,11:39:59,1.9,1.9,1.8,1.8,200,284000
NIFTY,28OCT21,17350,PE,2021-10-27,11:41:59,1.85,1.85,1.85,1.85,750,284000
NIFTY,28OCT21,17350,PE,2021-10-27,11:42:59,1.95,1.95,1.85,1.85,450,283050
NIFTY,28OCT21,17350,PE,2021-10-27,11:43:59,1.85,1.85,1.85,1.85,700,283050
NIFTY,28OCT21,17350,PE,2021-10-27,11:44:59,1.85,1.85,1.8,1.8,200,283050
NIFTY,28OCT21,17350,PE,2021-10-27,11:46:59,1.9,1.9,1.9,1.9,400,281950
NIFTY,28OCT21,17350,PE,2021-10-27,11:48:59,1.95,1.95,1.8,1.8,1300,282100
NIFTY,28OCT21,17350,PE,2021-10-27,11:51:59,1.85,1.85,1.85,1.85,350,281800
NIFTY,28OCT21,17350,PE,2021-10-27,11:54:59,1.8,1.85,1.8,1.85,1050,281750
NIFTY,28OCT21,17350,PE,2021-10-27,11:55:59,1.85,1.95,1.85,1.85,1150,281750
NIFTY,28OCT21,17350,PE,2021-10-27,11:56:59,1.75,1.75,1.75,1.75,1000,281750
NIFTY,28OCT21,17350,PE,2021-10-27,11:58:59,1.75,1.9,1.75,1.85,2150,279900
NIFTY,28OCT21,17350,PE,2021-10-27,12:00:59,1.8,1.8,1.8,1.8,150,279400
NIFTY,28OCT21,17350,PE,2021-10-27,12:01:59,1.8,1.8,1.7,1.7,1000,279400
NIFTY,28OCT21,17350,PE,2021-10-27,12:02:59,1.7,1.7,1.6,1.65,950,279400
NIFTY,28OCT21,17350,PE,2021-10-27,12:03:59,1.65,1.65,1.65,1.65,100,278800
NIFTY,28OCT21,17350,PE,2021-10-27,12:04:59,1.6,1.65,1.6,1.6,1050,278800
NIFTY,28OCT21,17350,PE,2021-10-27,12:05:59,1.7,1.7,1.6,1.65,900,278800
NIFTY,28OCT21,17350,PE,2021-10-27,12:06:59,1.6,1.75,1.6,1.7,950,279600
NIFTY,28OCT21,17350,PE,2021-10-27,12:07:59,1.8,1.9,1.8,1.9,400,279600
NIFTY,28OCT21,17350,PE,2021-10-27,12:09:59,1.8,1.8,1.8,1.8,200,279850
NIFTY,28OCT21,17350,PE,2021-10-27,12:10:59,1.9,1.9,1.75,1.75,2050,279850
NIFTY,28OCT21,17350,PE,2021-10-27,12:12:59,1.6,1.75,1.6,1.65,250,278650
NIFTY,28OCT21,17350,PE,2021-10-27,12:13:59,1.65,1.65,1.55,1.6,1550,278650
NIFTY,28OCT21,17350,PE,2021-10-27,12:14:59,1.65,1.65,1.65,1.65,1200,278650
NIFTY,28OCT21,17350,PE,2021-10-27,12:15:59,1.6,1.6,1.55,1.55,2150,278650
NIFTY,28OCT21,17350,PE,2021-10-27,12:16:59,1.55,1.55,1.5,1.55,2100,278650
NIFTY,28OCT21,17350,PE,2021-10-27,12:17:59,1.55,1.55,1.55,1.55,150,278650
NIFTY,28OCT21,17350,PE,2021-10-27,12:18:59,1.6,1.6,1.5,1.5,1450,279200
NIFTY,28OCT21,17350,PE,2021-10-27,12:19:59,1.5,1.6,1.5,1.6,700,279200
NIFTY,28OCT21,17350,PE,2021-10-27,12:22:59,1.55,1.55,1.55,1.55,100,279000
NIFTY,28OCT21,17350,PE,2021-10-27,12:25:59,1.55,1.55,1.55,1.55,200,279100
NIFTY,28OCT21,17350,PE,2021-10-27,12:26:59,1.55,1.55,1.55,1.55,600,279100
NIFTY,28OCT21,17350,PE,2021-10-27,12:28:59,1.65,1.7,1.5,1.5,3300,278650
NIFTY,28OCT21,17350,PE,2021-10-27,12:29:59,1.15,1.5,1.15,1.5,9750,278650
NIFTY,28OCT21,17350,PE,2021-10-27,12:30:59,1.45,1.45,1.45,1.45,3600,278650
NIFTY,28OCT21,17350,PE,2021-10-27,12:31:59,1.5,1.5,1.5,1.5,250,278200
NIFTY,28OCT21,17350,PE,2021-10-27,12:34:59,1.55,1.65,1.55,1.65,1500,278200
NIFTY,28OCT21,17350,PE,2021-10-27,12:35:59,1.65,1.65,1.65,1.65,1400,278200
NIFTY,28OCT21,17350,PE,2021-10-27,12:36:59,1.55,1.65,1.55,1.55,750,278850
NIFTY,28OCT21,17350,PE,2021-10-27,12:37:59,1.65,1.65,1.65,1.65,900,278850
NIFTY,28OCT21,17350,PE,2021-10-27,12:38:59,1.65,1.65,1.65,1.65,900,278850
NIFTY,28OCT21,17350,PE,2021-10-27,12:39:59,1.7,1.7,1.65,1.65,1050,278950
NIFTY,28OCT21,17350,PE,2021-10-27,12:40:59,1.6,1.7,1.6,1.65,400,278950
NIFTY,28OCT21,17350,PE,2021-10-27,12:41:59,1.6,1.6,1.6,1.6,50,278950
NIFTY,28OCT21,17350,PE,2021-10-27,12:42:59,1.55,1.55,1.55,1.55,100,279050
NIFTY,28OCT21,17350,PE,2021-10-27,12:44:59,1.55,1.55,1.55,1.55,300,279050
NIFTY,28OCT21,17350,PE,2021-10-27,12:46:59,1.65,1.65,1.65,1.65,50,278900
NIFTY,28OCT21,17350,PE,2021-10-27,12:47:59,1.6,1.6,1.6,1.6,50,278900
NIFTY,28OCT21,17350,PE,2021-10-27,12:50:59,1.6,1.6,1.6,1.6,100,278850
NIFTY,28OCT21,17350,PE,2021-10-27,12:51:59,1.65,1.65,1.65,1.65,250,278950
NIFTY,28OCT21,17350,PE,2021-10-27,12:52:59,1.55,1.55,1.55,1.55,200,278950
NIFTY,28OCT21,17350,PE,2021-10-27,12:53:59,1.5,1.5,1.45,1.45,450,278950
NIFTY,28OCT21,17350,PE,2021-10-27,12:54:59,1.45,1.45,1.45,1.45,350,278950
NIFTY,28OCT21,17350,PE,2021-10-27,12:57:59,1.65,1.65,1.55,1.55,1050,278350
NIFTY,28OCT21,17350,PE,2021-10-27,13:01:59,1.55,1.55,1.55,1.55,50,278650
NIFTY,28OCT21,17350,PE,2021-10-27,13:03:59,1.5,1.5,1.5,1.5,100,278700
NIFTY,28OCT21,17350,PE,2021-10-27,13:04:59,1.4,1.4,1.4,1.4,250,278700
NIFTY,28OCT21,17350,PE,2021-10-27,13:08:59,1.45,1.45,1.4,1.45,500,278500
NIFTY,28OCT21,17350,PE,2021-10-27,13:09:59,1.4,1.5,1.4,1.45,850,278600
NIFTY,28OCT21,17350,PE,2021-10-27,13:11:59,1.55,1.55,1.4,1.4,750,278600
NIFTY,28OCT21,17350,PE,2021-10-27,13:12:59,1.55,1.55,1.55,1.55,100,278700
NIFTY,28OCT21,17350,PE,2021-10-27,13:14:59,1.45,1.45,1.45,1.45,100,278700
NIFTY,28OCT21,17350,PE,2021-10-27,13:17:59,1.45,1.45,1.45,1.45,100,278750
NIFTY,28OCT21,17350,PE,2021-10-27,13:19:59,1.5,1.5,1.5,1.5,50,278650
NIFTY,28OCT21,17350,PE,2021-10-27,13:21:59,1.5,1.6,1.5,1.6,350,278600
NIFTY,28OCT21,17350,PE,2021-10-27,13:22:59,1.5,1.5,1.4,1.4,450,278600
NIFTY,28OCT21,17350,PE,2021-10-27,13:23:59,1.5,1.5,1.5,1.5,400,278600
NIFTY,28OCT21,17350,PE,2021-10-27,13:28:59,1.45,1.45,1.45,1.45,50,278350
NIFTY,28OCT21,17350,PE,2021-10-27,13:29:59,1.45,1.45,1.3,1.3,750,278350
NIFTY,28OCT21,17350,PE,2021-10-27,13:30:59,1.35,1.35,1.35,1.35,100,277800
NIFTY,28OCT21,17350,PE,2021-10-27,13:31:59,1.4,1.4,1.4,1.4,200,277800
NIFTY,28OCT21,17350,PE,2021-10-27,13:32:59,1.4,1.4,1.4,1.4,150,277800
NIFTY,28OCT21,17350,PE,2021-10-27,13:34:59,1.3,1.45,1.3,1.45,600,277700
NIFTY,28OCT21,17350,PE,2021-10-27,13:35:59,1.4,1.4,1.4,1.4,50,277700
NIFTY,28OCT21,17350,PE,2021-10-27,13:36:59,1.35,1.35,1.35,1.35,50,277950
NIFTY,28OCT21,17350,PE,2021-10-27,13:37:59,1.4,1.4,1.4,1.4,200,277950
NIFTY,28OCT21,17350,PE,2021-10-27,13:38:59,1.35,1.35,1.35,1.35,50,277950
NIFTY,28OCT21,17350,PE,2021-10-27,13:39:59,1.4,1.4,1.4,1.4,650,277900
NIFTY,28OCT21,17350,PE,2021-10-27,13:45:59,1.4,1.4,1.4,1.4,500,278300
NIFTY,28OCT21,17350,PE,2021-10-27,13:46:59,1.45,1.45,1.45,1.45,2600,278300
NIFTY,28OCT21,17350,PE,2021-10-27,13:47:59,1.4,1.4,1.4,1.4,150,278300
NIFTY,28OCT21,17350,PE,2021-10-27,13:51:59,1.4,1.4,1.4,1.4,100,275350
NIFTY,28OCT21,17350,PE,2021-10-27,13:52:59,1.35,1.35,1.3,1.3,5000,275350
NIFTY,28OCT21,17350,PE,2021-10-27,13:53:59,1.35,1.4,1.35,1.4,1750,275350
NIFTY,28OCT21,17350,PE,2021-10-27,13:54:59,1.45,1.45,1.45,1.45,100,275350
NIFTY,28OCT21,17350,PE,2021-10-27,13:56:59,1.45,1.45,1.45,1.45,50,275050
NIFTY,28OCT21,17350,PE,2021-10-27,13:58:59,1.45,1.45,1.45,1.45,50,275000
NIFTY,28OCT21,17350,PE,2021-10-27,13:59:59,1.45,1.45,1.45,1.45,200,275000
NIFTY,28OCT21,17350,PE,2021-10-27,14:00:59,1.5,1.65,1.45,1.65,8650,272750
NIFTY,28OCT21,17350,PE,2021-10-27,14:01:59,1.5,1.65,1.5,1.65,11400,272750
NIFTY,28OCT21,17350,PE,2021-10-27,14:02:59,1.5,1.65,1.5,1.5,5650,272750
NIFTY,28OCT21,17350,PE,2021-10-27,14:03:59,1.6,1.6,1.5,1.6,10100,268700
NIFTY,28OCT21,17350,PE,2021-10-27,14:04:59,1.5,1.65,1.5,1.55,11500,268700
NIFTY,28OCT21,17350,PE,2021-10-27,14:05:59,1.65,1.65,1.55,1.55,13150,268700
NIFTY,28OCT21,17350,PE,2021-10-27,14:06:59,1.65,1.65,1.55,1.6,5950,256850
NIFTY,28OCT21,17350,PE,2021-10-27,14:07:59,1.6,1.65,1.55,1.55,15500,256850
NIFTY,28OCT21,17350,PE,2021-10-27,14:08:59,1.6,1.6,1.55,1.6,7300,256850
NIFTY,28OCT21,17350,PE,2021-10-27,14:09:59,1.55,1.6,1.5,1.6,4950,254000
NIFTY,28OCT21,17350,PE,2021-10-27,14:10:59,1.6,1.6,1.5,1.5,1400,254000
NIFTY,28OCT21,17350,PE,2021-10-27,14:11:59,1.55,1.65,1.55,1.65,8300,254000
NIFTY,28OCT21,17350,PE,2021-10-27,14:12:59,1.65,1.65,1.6,1.6,2450,219000
NIFTY,28OCT21,17350,PE,2021-10-27,14:13:59,1.6,1.6,1.55,1.6,2600,219000
NIFTY,28OCT21,17350,PE,2021-10-27,14:14:59,1.55,1.55,1.55,1.55,1150,219000
NIFTY,28OCT21,17350,PE,2021-10-27,14:15:59,1.65,1.65,1.5,1.5,2700,214600
NIFTY,28OCT21,17350,PE,2021-10-27,14:16:59,1.5,1.6,1.5,1.5,1900,214600
NIFTY,28OCT21,17350,PE,2021-10-27,14:17:59,1.45,1.65,1.35,1.5,4400,214600
NIFTY,28OCT21,17350,PE,2021-10-27,14:18:59,1.65,1.65,1.6,1.6,7500,200850
NIFTY,28OCT21,17350,PE,2021-10-27,14:19:59,1.6,1.6,1.6,1.6,2600,200850
NIFTY,28OCT21,17350,PE,2021-10-27,14:20:59,1.6,1.65,1.6,1.65,250,200850
NIFTY,28OCT21,17350,PE,2021-10-27,14:21:59,1.75,1.95,1.75,1.95,14100,195300
NIFTY,28OCT21,17350,PE,2021-10-27,14:22:59,1.85,1.9,1.7,1.75,9350,195300
NIFTY,28OCT21,17350,PE,2021-10-27,14:23:59,1.75,1.85,1.7,1.7,8150,195300
NIFTY,28OCT21,17350,PE,2021-10-27,14:24:59,1.75,1.75,1.75,1.75,50,195300
NIFTY,28OCT21,17350,PE,2021-10-27,14:25:59,1.7,1.7,1.7,1.7,50,193100
NIFTY,28OCT21,17350,PE,2021-10-27,14:27:59,1.7,1.75,1.6,1.7,4400,192150
NIFTY,28OCT21,17350,PE,2021-10-27,14:28:59,1.55,1.55,1.55,1.55,150,192150
NIFTY,28OCT21,17350,PE,2021-10-27,14:30:59,1.6,1.65,1.6,1.6,2500,192000
NIFTY,28OCT21,17350,PE,2021-10-27,14:31:59,1.55,1.6,1.55,1.6,1150,192000
NIFTY,28OCT21,17350,PE,2021-10-27,14:32:59,1.6,1.6,1.6,1.6,650,192000
NIFTY,28OCT21,17350,PE,2021-10-27,14:33:59,1.65,1.75,1.65,1.75,1800,190450
NIFTY,28OCT21,17350,PE,2021-10-27,14:34:59,1.8,1.8,1.55,1.55,1850,190450
NIFTY,28OCT21,17350,PE,2021-10-27,14:35:59,1.7,1.8,1.5,1.5,5900,190450
NIFTY,28OCT21,17350,PE,2021-10-27,14:36:59,1.5,1.5,1.35,1.35,5500,186750
NIFTY,28OCT21,17350,PE,2021-10-27,14:37:59,1.35,1.4,1.2,1.3,21650,186750
NIFTY,28OCT21,17350,PE,2021-10-27,14:38:59,1.3,1.45,1.2,1.3,11300,186750
NIFTY,28OCT21,17350,PE,2021-10-27,14:39:59,1.3,1.35,1.15,1.15,7900,211900
NIFTY,28OCT21,17350,PE,2021-10-27,14:40:59,1.25,1.4,1.25,1.25,2400,211900
NIFTY,28OCT21,17350,PE,2021-10-27,14:41:59,1.3,1.3,1.3,1.3,300,211900
NIFTY,28OCT21,17350,PE,2021-10-27,14:42:59,1.45,1.45,1.2,1.3,5300,212150
NIFTY,28OCT21,17350,PE,2021-10-27,14:43:59,1.4,1.4,1.25,1.3,3750,212150
NIFTY,28OCT21,17350,PE,2021-10-27,14:44:59,1.4,1.4,1.15,1.15,1650,212150
NIFTY,28OCT21,17350,PE,2021-10-27,14:45:59,1.35,1.35,1.2,1.2,200,212150
NIFTY,28OCT21,17350,PE,2021-10-27,14:46:59,1.3,1.3,1.3,1.3,50,198500
NIFTY,28OCT21,17350,PE,2021-10-27,14:47:59,1.2,1.2,1.2,1.2,50,198500
NIFTY,28OCT21,17350,PE,2021-10-27,14:49:59,1.15,1.15,1.15,1.15,400,198550
NIFTY,28OCT21,17350,PE,2021-10-27,14:50:59,1.05,1.2,1.0,1.0,3050,198550
NIFTY,28OCT21,17350,PE,2021-10-27,14:51:59,0.9,0.9,0.8,0.8,1100,198550
NIFTY,28OCT21,17350,PE,2021-10-27,14:52:59,0.8,0.9,0.55,0.6,3950,191650
NIFTY,28OCT21,17350,PE,2021-10-27,14:53:59,0.6,1.0,0.6,1.0,200,191650
NIFTY,28OCT21,17350,PE,2021-10-27,14:54:59,0.75,0.95,0.75,0.95,800,191650
NIFTY,28OCT21,17350,PE,2021-10-27,14:55:59,0.7,0.95,0.55,0.95,1000,193250
NIFTY,28OCT21,17350,PE,2021-10-27,14:56:59,0.55,1.0,0.55,1.0,1350,193250
NIFTY,28OCT21,17350,PE,2021-10-27,14:57:59,1.0,1.0,0.85,0.85,150,193250
NIFTY,28OCT21,17350,PE,2021-10-27,14:59:59,0.95,1.0,0.95,1.0,1950,191600
NIFTY,28OCT21,17350,PE,2021-10-27,15:00:59,1.1,1.1,0.85,1.0,1650,191600
NIFTY,28OCT21,17350,PE,2021-10-27,15:01:59,0.95,0.95,0.85,0.85,400,192700
NIFTY,28OCT21,17350,PE,2021-10-27,15:02:59,0.85,0.85,0.8,0.8,1550,192700
NIFTY,28OCT21,17350,PE,2021-10-27,15:03:59,1.0,1.0,1.0,1.0,50,192700
NIFTY,28OCT21,17350,PE,2021-10-27,15:04:59,0.75,0.75,0.75,0.75,50,190950
NIFTY,28OCT21,17350,PE,2021-10-27,15:08:59,1.05,1.05,1.05,1.05,100,190950
NIFTY,28OCT21,17350,PE,2021-10-27,15:09:59,0.75,0.75,0.75,0.75,300,190950
NIFTY,28OCT21,17350,PE,2021-10-27,15:10:59,1.0,1.0,0.85,0.85,200,189600
NIFTY,28OCT21,17350,PE,2021-10-27,15:11:59,0.85,0.85,0.85,0.85,1800,189600
NIFTY,28OCT21,17350,PE,2021-10-27,15:12:59,0.85,0.85,0.8,0.8,350,189600
NIFTY,28OCT21,17350,PE,2021-10-27,15:13:59,0.8,0.8,0.7,0.7,1450,189350
NIFTY,28OCT21,17350,PE,2021-10-27,15:14:59,0.9,0.9,0.7,0.7,1900,189350
NIFTY,28OCT21,17350,PE,2021-10-27,15:15:59,0.65,0.65,0.65,0.65,150,189350
NIFTY,28OCT21,17350,PE,2021-10-27,15:16:59,0.6,0.65,0.6,0.65,200,187100
NIFTY,28OCT21,17350,PE,2021-10-27,15:17:59,0.65,0.65,0.65,0.65,50,187100
NIFTY,28OCT21,17350,PE,2021-10-27,15:18:59,0.9,0.9,0.7,0.7,600,187100
NIFTY,28OCT21,17350,PE,2021-10-27,15:19:59,0.7,0.7,0.65,0.65,450,186950
NIFTY,28OCT21,17350,PE,2021-10-27,15:20:59,0.9,0.9,0.6,0.65,300,186950
NIFTY,28OCT21,17350,PE,2021-10-27,15:21:59,0.95,0.95,0.95,0.95,1350,186950
NIFTY,28OCT21,17350,PE,2021-10-27,15:22:59,0.95,0.95,0.7,0.95,350,187350
NIFTY,28OCT21,17350,PE,2021-10-27,15:23:59,0.65,0.65,0.65,0.65,200,187350
NIFTY,28OCT21,17350,PE,2021-10-27,15:25:59,0.65,0.65,0.65,0.65,1550,187250
NIFTY,28OCT21,17350,PE,2021-10-27,15:26:59,0.6,0.6,0.6,0.6,100,187250
NIFTY,28OCT21,17350,PE,2021-10-27,15:27:59,0.7,0.7,0.65,0.65,400,187250
NIFTY,28OCT21,17350,PE,2021-10-27,15:28:59,0.55,0.65,0.55,0.65,400,186000
NIFTY,28OCT21,17350,PE,2021-10-27,15:30:00,0.65,0.65,0.45,0.5,2400,186000
NIFTY,28OCT21,17350,PE,2021-10-28,09:15:59,1.0,1.0,0.6,0.8,3900,184150
NIFTY,28OCT21,17350,PE,2021-10-28,09:16:59,0.8,1.0,0.55,1.0,4050,184150
NIFTY,28OCT21,17350,PE,2021-10-28,09:17:59,0.85,0.85,0.7,0.85,4800,186100
NIFTY,28OCT21,17350,PE,2021-10-28,09:18:59,1.0,1.1,0.85,0.9,7150,186100
NIFTY,28OCT21,17350,PE,2021-10-28,09:19:59,0.9,1.0,0.85,0.85,7400,186100
NIFTY,28OCT21,17350,PE,2021-10-28,09:20:59,0.9,1.2,0.85,0.9,13750,181150
NIFTY,28OCT21,17350,PE,2021-10-28,09:21:59,0.9,1.0,0.85,0.85,7650,181150
NIFTY,28OCT21,17350,PE,2021-10-28,09:22:59,0.85,1.0,0.85,0.95,8350,181150
NIFTY,28OCT21,17350,PE,2021-10-28,09:23:59,0.95,1.0,0.8,0.8,4800,178100
NIFTY,28OCT21,17350,PE,2021-10-28,09:24:59,0.85,0.95,0.8,0.85,8400,178100
NIFTY,28OCT21,17350,PE,2021-10-28,09:25:59,0.85,0.95,0.85,0.95,2700,178100
NIFTY,28OCT21,17350,PE,2021-10-28,09:26:59,0.9,0.9,0.75,0.75,5300,179150
NIFTY,28OCT21,17350,PE,2021-10-28,09:27:59,0.8,0.85,0.8,0.8,2350,179150
NIFTY,28OCT21,17350,PE,2021-10-28,09:28:59,0.8,0.85,0.8,0.8,1550,179150
NIFTY,28OCT21,17350,PE,2021-10-28,09:29:59,0.95,0.95,0.85,0.85,750,176050
NIFTY,28OCT21,17350,PE,2021-10-28,09:30:59,0.9,0.95,0.85,0.85,1300,176050
NIFTY,28OCT21,17350,PE,2021-10-28,09:31:59,0.9,1.0,0.9,1.0,2950,176050
NIFTY,28OCT21,17350,PE,2021-10-28,09:32:59,0.9,0.9,0.9,0.9,50,176050
NIFTY,28OCT21,17350,PE,2021-10-28,09:33:59,0.95,0.95,0.95,0.95,600,175300
NIFTY,28OCT21,17350,PE,2021-10-28,09:34:59,0.9,0.9,0.8,0.8,2850,175300
NIFTY,28OCT21,17350,PE,2021-10-28,09:35:59,0.8,0.85,0.8,0.85,1000,175300
NIFTY,28OCT21,17350,PE,2021-10-28,09:36:59,0.85,0.85,0.85,0.85,450,176850
NIFTY,28OCT21,17350,PE,2021-10-28,09:37:59,0.85,0.85,0.75,0.75,4200,176850
NIFTY,28OCT21,17350,PE,2021-10-28,09:38:59,0.75,0.75,0.75,0.75,500,176850
NIFTY,28OCT21,17350,PE,2021-10-28,09:39:59,0.7,0.75,0.7,0.75,100,178250
NIFTY,28OCT21,17350,PE,2021-10-28,09:40:59,0.8,0.8,0.6,0.6,2200,178250
NIFTY,28OCT21,17350,PE,2021-10-28,09:41:59,0.75,0.85,0.65,0.85,1050,177700
NIFTY,28OCT21,17350,PE,2021-10-28,09:42:59,0.7,0.75,0.7,0.75,500,177700
NIFTY,28OCT21,17350,PE,2021-10-28,09:43:59,0.75,0.8,0.75,0.75,2150,177700
NIFTY,28OCT21,17350,PE,2021-10-28,09:44:59,0.8,0.8,0.7,0.8,3850,176500
NIFTY,28OCT21,17350,PE,2021-10-28,09:45:59,0.6,0.7,0.6,0.7,2500,176500
NIFTY,28OCT21,17350,PE,2021-10-28,09:46:59,0.7,0.7,0.7,0.7,500,176500
NIFTY,28OCT21,17350,PE,2021-10-28,09:47:59,0.7,0.75,0.7,0.75,850,176500
NIFTY,28OCT21,17350,PE,2021-10-28,09:48:59,0.7,0.75,0.7,0.75,600,175050
NIFTY,28OCT21,17350,PE,2021-10-28,09:49:59,0.75,0.75,0.75,0.75,600,175050
NIFTY,28OCT21,17350,PE,2021-10-28,09:50:59,0.7,0.8,0.7,0.8,1450,175900
NIFTY,28OCT21,17350,PE,2021-10-28,09:51:59,0.8,0.85,0.8,0.8,750,175900
NIFTY,28OCT21,17350,PE,2021-10-28,09:52:59,0.85,0.9,0.8,0.9,1700,175900
NIFTY,28OCT21,17350,PE,2021-10-28,09:53:59,0.8,0.8,0.65,0.75,4050,172450
NIFTY,28OCT21,17350,PE,2021-10-28,09:54:59,0.75,0.8,0.75,0.75,650,172450
NIFTY,28OCT21,17350,PE,2021-10-28,09:55:59,0.8,0.8,0.8,0.8,50,172450
NIFTY,28OCT21,17350,PE,2021-10-28,09:56:59,0.7,0.85,0.7,0.85,750,172450
NIFTY,28OCT21,17350,PE,2021-10-28,09:57:59,0.8,0.85,0.8,0.85,1400,171450
NIFTY,28OCT21,17350,PE,2021-10-28,09:58:59,0.85,0.85,0.85,0.85,1250,171450
NIFTY,28OCT21,17350,PE,2021-10-28,10:00:59,0.85,0.85,0.85,0.85,250,172050
NIFTY,28OCT21,17350,PE,2021-10-28,10:01:59,0.85,0.85,0.85,0.85,50,172050
NIFTY,28OCT21,17350,PE,2021-10-28,10:02:59,0.85,0.85,0.85,0.85,50,172050
NIFTY,28OCT21,17350,PE,2021-10-28,10:03:59,0.85,0.85,0.8,0.8,2600,170900
NIFTY,28OCT21,17350,PE,2021-10-28,10:04:59,0.8,0.8,0.8,0.8,450,170900
NIFTY,28OCT21,17350,PE,2021-10-28,10:07:59,0.85,0.85,0.85,0.85,50,170950
NIFTY,28OCT21,17350,PE,2021-10-28,10:08:59,0.8,0.85,0.8,0.8,1500,169750
NIFTY,28OCT21,17350,PE,2021-10-28,10:09:59,0.8,0.8,0.8,0.8,100,169750
NIFTY,28OCT21,17350,PE,2021-10-28,10:10:59,0.8,0.85,0.8,0.85,650,169750
NIFTY,28OCT21,17350,PE,2021-10-28,10:11:59,0.85,0.85,0.85,0.85,650,169750
NIFTY,28OCT21,17350,PE,2021-10-28,10:12:59,0.9,0.9,0.8,0.8,650,170000
NIFTY,28OCT21,17350,PE,2021-10-28,10:14:59,0.8,0.8,0.8,0.8,50,170000
NIFTY,28OCT21,17350,PE,2021-10-28,10:15:59,0.85,0.85,0.85,0.85,800,169600
NIFTY,28OCT21,17350,PE,2021-10-28,10:16:59,0.85,0.85,0.85,0.85,50,169600
NIFTY,28OCT21,17350,PE,2021-10-28,10:19:59,0.85,0.85,0.85,0.85,450,169950
NIFTY,28OCT21,17350,PE,2021-10-28,10:20:59,0.8,0.85,0.8,0.85,100,169950
NIFTY,28OCT21,17350,PE,2021-10-28,10:22:59,0.85,0.85,0.8,0.8,250,169500
NIFTY,28OCT21,17350,PE,2021-10-28,10:23:59,0.85,0.85,0.8,0.8,3600,168500
NIFTY,28OCT21,17350,PE,2021-10-28,10:25:59,0.8,0.85,0.8,0.85,450,168500
NIFTY,28OCT21,17350,PE,2021-10-28,10:27:59,0.85,0.85,0.85,0.85,50,168450
NIFTY,28OCT21,17350,PE,2021-10-28,10:28:59,0.8,0.8,0.8,0.8,100,168450
NIFTY,28OCT21,17350,PE,2021-10-28,10:31:59,0.8,0.8,0.8,0.8,50,168350
NIFTY,28OCT21,17350,PE,2021-10-28,10:36:59,0.9,0.9,0.9,0.9,1050,168300
NIFTY,28OCT21,17350,PE,2021-10-28,10:37:59,0.9,0.9,0.9,0.9,1800,168300
NIFTY,28OCT21,17350,PE,2021-10-28,10:38:59,0.85,0.85,0.85,0.85,100,169200
NIFTY,28OCT21,17350,PE,2021-10-28,10:40:59,0.85,0.85,0.85,0.85,300,169200
NIFTY,28OCT21,17350,PE,2021-10-28,10:41:59,0.85,0.85,0.8,0.8,400,169200
NIFTY,28OCT21,17350,PE,2021-10-28,10:42:59,0.85,0.85,0.85,0.85,350,169050
NIFTY,28OCT21,17350,PE,2021-10-28,10:43:59,0.85,0.9,0.85,0.9,200,169050
NIFTY,28OCT21,17350,PE,2021-10-28,10:44:59,0.85,0.9,0.8,0.85,2200,169050
NIFTY,28OCT21,17350,PE,2021-10-28,10:45:59,0.9,0.9,0.8,0.8,750,169950
NIFTY,28OCT21,17350,PE,2021-10-28,10:46:59,0.8,0.8,0.8,0.8,150,169950
NIFTY,28OCT21,17350,PE,2021-10-28,10:47:59,0.8,0.8,0.8,0.8,250,169950
NIFTY,28OCT21,17350,PE,2021-10-28,10:48:59,0.8,0.8,0.75,0.8,2250,169800
NIFTY,28OCT21,17350,PE,2021-10-28,10:49:59,0.8,0.8,0.8,0.8,150,169800
NIFTY,28OCT21,17350,PE,2021-10-28,10:50:59,0.8,0.8,0.75,0.8,450,168550
NIFTY,28OCT21,17350,PE,2021-10-28,10:51:59,0.8,0.8,0.8,0.8,100,168550
NIFTY,28OCT21,17350,PE,2021-10-28,10:52:59,0.75,0.75,0.75,0.75,1100,168550
NIFTY,28OCT21,17350,PE,2021-10-28,10:53:59,0.75,0.75,0.75,0.75,250,168550
NIFTY,28OCT21,17350,PE,2021-10-28,10:54:59,0.75,0.75,0.75,0.75,50,168550
NIFTY,28OCT21,17350,PE,2021-10-28,10:55:59,0.75,0.75,0.75,0.75,50,168550
NIFTY,28OCT21,17350,PE,2021-10-28,10:56:59,0.8,0.8,0.75,0.75,800,168550
NIFTY,28OCT21,17350,PE,2021-10-28,10:58:59,0.85,0.85,0.85,0.85,50,167850
NIFTY,28OCT21,17350,PE,2021-10-28,11:00:59,0.85,0.85,0.85,0.85,50,167900
NIFTY,28OCT21,17350,PE,2021-10-28,11:02:59,0.75,0.85,0.75,0.85,150,167900
NIFTY,28OCT21,17350,PE,2021-10-28,11:03:59,0.8,0.8,0.75,0.75,1050,167850
NIFTY,28OCT21,17350,PE,2021-10-28,11:04:59,0.75,0.8,0.75,0.8,600,167850
NIFTY,28OCT21,17350,PE,2021-10-28,11:06:59,0.85,0.85,0.8,0.8,1950,166750
NIFTY,28OCT21,17350,PE,2021-10-28,11:07:59,0.8,0.85,0.8,0.8,350,166750
NIFTY,28OCT21,17350,PE,2021-10-28,11:08:59,0.8,0.85,0.8,0.85,600,166750
NIFTY,28OCT21,17350,PE,2021-10-28,11:09:59,0.9,0.9,0.9,0.9,550,165700
NIFTY,28OCT21,17350,PE,2021-10-28,11:10:59,0.85,0.9,0.85,0.9,800,165700
NIFTY,28OCT21,17350,PE,2021-10-28,11:11:59,0.9,0.9,0.9,0.9,100,165700
NIFTY,28OCT21,17350,PE,2021-10-28,11:12:59,0.9,0.9,0.9,0.9,700,165050
NIFTY,28OCT21,17350,PE,2021-10-28,11:13:59,0.9,0.9,0.85,0.9,1100,165050
NIFTY,28OCT21,17350,PE,2021-10-28,11:14:59,0.9,0.9,0.85,0.85,550,165050
NIFTY,28OCT21,17350,PE,2021-10-28,11:15:59,0.85,0.85,0.85,0.85,650,164800
NIFTY,28OCT21,17350,PE,2021-10-28,11:16:59,0.85,0.85,0.85,0.85,50,164800
NIFTY,28OCT21,17350,PE,2021-10-28,11:18:59,0.85,0.85,0.85,0.85,100,164400
NIFTY,28OCT21,17350,PE,2021-10-28,11:19:59,0.8,0.85,0.8,0.85,450,164400
NIFTY,28OCT21,17350,PE,2021-10-28,11:20:59,0.9,0.9,0.9,0.9,50,164400
NIFTY,28OCT21,17350,PE,2021-10-28,11:21:59,0.85,0.9,0.85,0.9,750,164300
NIFTY,28OCT21,17350,PE,2021-10-28,11:22:59,0.9,0.9,0.8,0.85,150,164300
NIFTY,28OCT21,17350,PE,2021-10-28,11:23:59,0.9,1.0,0.9,1.0,1900,164300
NIFTY,28OCT21,17350,PE,2021-10-28,11:24:59,0.9,1.0,0.9,0.9,1700,165150
NIFTY,28OCT21,17350,PE,2021-10-28,11:25:59,0.9,0.9,0.9,0.9,500,165150
NIFTY,28OCT21,17350,PE,2021-10-28,11:26:59,0.85,0.95,0.85,0.95,450,165150
NIFTY,28OCT21,17350,PE,2021-10-28,11:27:59,0.95,0.95,0.95,0.95,250,164600
NIFTY,28OCT21,17350,PE,2021-10-28,11:28:59,0.95,0.95,0.9,0.9,1500,164600
NIFTY,28OCT21,17350,PE,2021-10-28,11:29:59,0.9,0.9,0.9,0.9,250,164600
NIFTY,28OCT21,17350,PE,2021-10-28,11:30:59,0.9,0.9,0.9,0.9,150,163350
NIFTY,28OCT21,17350,PE,2021-10-28,11:31:59,0.85,0.85,0.85,0.85,650,163350
NIFTY,28OCT21,17350,PE,2021-10-28,11:32:59,0.85,0.85,0.8,0.8,200,163350
NIFTY,28OCT21,17350,PE,2021-10-28,11:33:59,0.8,0.8,0.8,0.8,50,163250
NIFTY,28OCT21,17350,PE,2021-10-28,11:35:59,0.8,0.8,0.8,0.8,2250,163250
NIFTY,28OCT21,17350,PE,2021-10-28,11:36:59,0.85,0.85,0.85,0.85,1050,162900
NIFTY,28OCT21,17350,PE,2021-10-28,11:39:59,0.9,0.9,0.9,0.9,200,162300
NIFTY,28OCT21,17350,PE,2021-10-28,11:40:59,0.85,0.85,0.85,0.85,100,162300
NIFTY,28OCT21,17350,PE,2021-10-28,11:41:59,0.85,0.85,0.85,0.85,150,162300
NIFTY,28OCT21,17350,PE,2021-10-28,11:42:59,0.9,0.9,0.9,0.9,200,162450
NIFTY,28OCT21,17350,PE,2021-10-28,11:43:59,0.85,0.85,0.85,0.85,50,162450
NIFTY,28OCT21,17350,PE,2021-10-28,11:44:59,0.85,0.9,0.85,0.85,1100,162450
NIFTY,28OCT21,17350,PE,2021-10-28,11:45:59,0.85,0.85,0.85,0.85,400,162500
NIFTY,28OCT21,17350,PE,2021-10-28,11:46:59,0.85,0.85,0.85,0.85,200,162500
NIFTY,28OCT21,17350,PE,2021-10-28,11:48:59,0.85,0.85,0.85,0.85,2100,162500
NIFTY,28OCT21,17350,PE,2021-10-28,11:49:59,0.75,0.85,0.75,0.75,750,162500
NIFTY,28OCT21,17350,PE,2021-10-28,11:50:59,0.8,0.8,0.75,0.75,700,162500
NIFTY,28OCT21,17350,PE,2021-10-28,11:51:59,0.7,0.75,0.7,0.75,350,161950
NIFTY,28OCT21,17350,PE,2021-10-28,11:52:59,0.75,0.75,0.7,0.7,700,161950
NIFTY,28OCT21,17350,PE,2021-10-28,11:53:59,0.7,0.7,0.65,0.7,600,161950
NIFTY,28OCT21,17350,PE,2021-10-28,11:54:59,0.7,0.7,0.7,0.7,100,162150
NIFTY,28OCT21,17350,PE,2021-10-28,11:55:59,0.7,0.7,0.7,0.7,50,162150
NIFTY,28OCT21,17350,PE,2021-10-28,11:56:59,0.65,0.65,0.65,0.65,200,162150
NIFTY,28OCT21,17350,PE,2021-10-28,11:57:59,0.6,0.6,0.6,0.6,250,162150
NIFTY,28OCT21,17350,PE,2021-10-28,11:58:59,0.6,0.65,0.6,0.65,150,162150
NIFTY,28OCT21,17350,PE,2021-10-28,11:59:59,0.65,0.65,0.6,0.6,1500,162150
NIFTY,28OCT21,17350,PE,2021-10-28,12:00:59,0.6,0.6,0.6,0.6,50,161900
NIFTY,28OCT21,17350,PE,2021-10-28,12:01:59,0.6,0.6,0.6,0.6,50,161900
NIFTY,28OCT21,17350,PE,2021-10-28,12:02:59,0.6,0.65,0.6,0.65,1100,161900
NIFTY,28OCT21,17350,PE,2021-10-28,12:03:59,0.6,0.6,0.6,0.6,400,162550
NIFTY,28OCT21,17350,PE,2021-10-28,12:04:59,0.6,0.6,0.6,0.6,50,162550
NIFTY,28OCT21,17350,PE,2021-10-28,12:05:59,0.55,0.55,0.55,0.55,100,162550
NIFTY,28OCT21,17350,PE,2021-10-28,12:06:59,0.6,0.6,0.6,0.6,50,162550
NIFTY,28OCT21,17350,PE,2021-10-28,12:07:59,0.6,0.6,0.6,0.6,1250,162550
NIFTY,28OCT21,17350,PE,2021-10-28,12:08:59,0.6,0.6,0.6,0.6,1100,162550
NIFTY,28OCT21,17350,PE,2021-10-28,12:09:59,0.6,0.6,0.55,0.55,500,161250
NIFTY,28OCT21,17350,PE,2021-10-28,12:10:59,0.6,0.6,0.6,0.6,50,161250
NIFTY,28OCT21,17350,PE,2021-10-28,12:11:59,0.55,0.55,0.55,0.55,1250,161250
NIFTY,28OCT21,17350,PE,2021-10-28,12:14:59,0.55,0.6,0.5,0.6,800,159950
NIFTY,28OCT21,17350,PE,2021-10-28,12:15:59,0.6,0.65,0.6,0.65,1050,159950
NIFTY,28OCT21,17350,PE,2021-10-28,12:16:59,0.6,0.6,0.6,0.6,150,159800
NIFTY,28OCT21,17350,PE,2021-10-28,12:17:59,0.6,0.6,0.6,0.6,2200,159800
NIFTY,28OCT21,17350,PE,2021-10-28,12:18:59,0.6,0.6,0.6,0.6,150,159650
NIFTY,28OCT21,17350,PE,2021-10-28,12:19:59,0.65,0.65,0.6,0.6,600,159650
NIFTY,28OCT21,17350,PE,2021-10-28,12:20:59,0.55,0.55,0.55,0.55,1000,159650
NIFTY,28OCT21,17350,PE,2021-10-28,12:21:59,0.6,0.6,0.55,0.55,250,159850
NIFTY,28OCT21,17350,PE,2021-10-28,12:22:59,0.55,0.55,0.55,0.55,300,159850
NIFTY,28OCT21,17350,PE,2021-10-28,12:23:59,0.55,0.55,0.55,0.55,50,159850
NIFTY,28OCT21,17350,PE,2021-10-28,12:24:59,0.5,0.55,0.5,0.55,200,160050
NIFTY,28OCT21,17350,PE,2021-10-28,12:26:59,0.55,0.55,0.55,0.55,200,160050
NIFTY,28OCT21,17350,PE,2021-10-28,12:27:59,0.55,0.6,0.55,0.55,300,160100
NIFTY,28OCT21,17350,PE,2021-10-28,12:28:59,0.55,0.55,0.55,0.55,50,160100
NIFTY,28OCT21,17350,PE,2021-10-28,12:29:59,0.55,0.55,0.55,0.55,50,160100
NIFTY,28OCT21,17350,PE,2021-10-28,12:30:59,0.55,0.6,0.55,0.6,850,160150
NIFTY,28OCT21,17350,PE,2021-10-28,12:31:59,0.55,0.65,0.55,0.6,1750,160150
NIFTY,28OCT21,17350,PE,2021-10-28,12:32:59,0.65,0.65,0.65,0.65,750,160150
NIFTY,28OCT21,17350,PE,2021-10-28,12:33:59,0.65,0.65,0.65,0.65,100,160150
NIFTY,28OCT21,17350,PE,2021-10-28,12:34:59,0.6,0.6,0.6,0.6,50,159250
NIFTY,28OCT21,17350,PE,2021-10-28,12:35:59,0.65,0.65,0.65,0.65,150,159250
NIFTY,28OCT21,17350,PE,2021-10-28,12:39:59,0.6,0.6,0.6,0.6,50,159200
NIFTY,28OCT21,17350,PE,2021-10-28,12:40:59,0.6,0.6,0.6,0.6,200,159200
NIFTY,28OCT21,17350,PE,2021-10-28,12:41:59,0.6,0.6,0.6,0.6,50,159200
NIFTY,28OCT21,17350,PE,2021-10-28,12:42:59,0.55,0.55,0.55,0.55,200,159300
NIFTY,28OCT21,17350,PE,2021-10-28,12:43:59,0.6,0.6,0.6,0.6,50,159300
NIFTY,28OCT21,17350,PE,2021-10-28,12:44:59,0.55,0.55,0.55,0.55,50,159300
NIFTY,28OCT21,17350,PE,2021-10-28,12:45:59,0.55,0.55,0.55,0.55,50,159300
NIFTY,28OCT21,17350,PE,2021-10-28,12:46:59,0.6,0.6,0.55,0.6,1200,159100
NIFTY,28OCT21,17350,PE,2021-10-28,12:47:59,0.6,0.6,0.55,0.6,1050,159100
NIFTY,28OCT21,17350,PE,2021-10-28,12:50:59,0.6,0.6,0.6,0.6,250,159600
NIFTY,28OCT21,17350,PE,2021-10-28,12:51:59,0.6,0.6,0.6,0.6,1250,159200
NIFTY,28OCT21,17350,PE,2021-10-28,12:52:59,0.6,0.6,0.55,0.55,400,159200
NIFTY,28OCT21,17350,PE,2021-10-28,12:55:59,0.55,0.55,0.55,0.55,250,158850
NIFTY,28OCT21,17350,PE,2021-10-28,12:56:59,0.55,0.55,0.55,0.55,200,158850
NIFTY,28OCT21,17350,PE,2021-10-28,12:58:59,0.55,0.55,0.55,0.55,150,158700
NIFTY,28OCT21,17350,PE,2021-10-28,12:59:59,0.5,0.5,0.5,0.5,50,158700
NIFTY,28OCT21,17350,PE,2021-10-28,13:00:59,0.55,0.55,0.55,0.55,350,158550
NIFTY,28OCT21,17350,PE,2021-10-28,13:01:59,0.55,0.65,0.5,0.5,750,158550
NIFTY,28OCT21,17350,PE,2021-10-28,13:03:59,0.6,0.6,0.6,0.6,300,158550
NIFTY,28OCT21,17350,PE,2021-10-28,13:04:59,0.5,0.55,0.5,0.5,5550,158600
NIFTY,28OCT21,17350,PE,2021-10-28,13:05:59,0.5,0.55,0.5,0.55,4600,158600
NIFTY,28OCT21,17350,PE,2021-10-28,13:06:59,0.5,0.5,0.5,0.5,750,150000
NIFTY,28OCT21,17350,PE,2021-10-28,13:07:59,0.5,0.5,0.5,0.5,50,150000
NIFTY,28OCT21,17350,PE,2021-10-28,13:08:59,0.5,0.5,0.5,0.5,200,150000
NIFTY,28OCT21,17350,PE,2021-10-28,13:09:59,0.55,0.55,0.5,0.5,450,149600
NIFTY,28OCT21,17350,PE,2021-10-28,13:11:59,0.55,0.55,0.55,0.55,350,149600
NIFTY,28OCT21,17350,PE,2021-10-28,13:12:59,0.5,0.55,0.5,0.5,500,149600
NIFTY,28OCT21,17350,PE,2021-10-28,13:13:59,0.45,0.55,0.45,0.55,1150,149950
NIFTY,28OCT21,17350,PE,2021-10-28,13:14:59,0.55,0.55,0.55,0.55,700,149950
NIFTY,28OCT21,17350,PE,2021-10-28,13:16:59,0.5,0.5,0.5,0.5,450,149750
NIFTY,28OCT21,17350,PE,2021-10-28,13:17:59,0.45,0.5,0.45,0.5,300,149750
NIFTY,28OCT21,17350,PE,2021-10-28,13:18:59,0.45,0.5,0.45,0.5,200,149550
NIFTY,28OCT21,17350,PE,2021-10-28,13:19:59,0.5,0.5,0.5,0.5,100,149550
NIFTY,28OCT21,17350,PE,2021-10-28,13:20:59,0.5,0.5,0.5,0.5,50,149550
NIFTY,28OCT21,17350,PE,2021-10-28,13:21:59,0.45,0.45,0.45,0.45,50,149550
NIFTY,28OCT21,17350,PE,2021-10-28,13:23:59,0.45,0.45,0.45,0.45,1800,149450
NIFTY,28OCT21,17350,PE,2021-10-28,13:24:59,0.45,0.45,0.4,0.45,1000,149450
NIFTY,28OCT21,17350,PE,2021-10-28,13:25:59,0.45,0.5,0.45,0.5,300,147300
NIFTY,28OCT21,17350,PE,2021-10-28,13:27:59,0.45,0.45,0.3,0.35,16450,139800
NIFTY,28OCT21,17350,PE,2021-10-28,13:28:59,0.35,0.35,0.25,0.3,8450,139800
NIFTY,28OCT21,17350,PE,2021-10-28,13:29:59,0.3,0.35,0.3,0.35,800,139800
NIFTY,28OCT21,17350,PE,2021-10-28,13:30:59,0.35,0.4,0.35,0.4,550,136400
NIFTY,28OCT21,17350,PE,2021-10-28,13:31:59,0.45,0.45,0.35,0.45,1450,136400
NIFTY,28OCT21,17350,PE,2021-10-28,13:32:59,0.4,0.45,0.4,0.45,200,136400
NIFTY,28OCT21,17350,PE,2021-10-28,13:34:59,0.35,0.35,0.35,0.35,50,136200
NIFTY,28OCT21,17350,PE,2021-10-28,13:35:59,0.35,0.35,0.35,0.35,100,136200
NIFTY,28OCT21,17350,PE,2021-10-28,13:36:59,0.35,0.4,0.35,0.4,400,136050
NIFTY,28OCT21,17350,PE,2021-10-28,13:37:59,0.4,0.4,0.4,0.4,250,136050
NIFTY,28OCT21,17350,PE,2021-10-28,13:38:59,0.4,0.5,0.4,0.5,1450,136050
NIFTY,28OCT21,17350,PE,2021-10-28,13:39:59,0.45,0.45,0.45,0.45,100,134550
NIFTY,28OCT21,17350,PE,2021-10-28,13:40:59,0.45,0.45,0.4,0.4,1400,134550
NIFTY,28OCT21,17350,PE,2021-10-28,13:41:59,0.4,0.45,0.4,0.4,1550,134550
NIFTY,28OCT21,17350,PE,2021-10-28,13:43:59,0.45,0.45,0.45,0.45,1500,133150
NIFTY,28OCT21,17350,PE,2021-10-28,13:44:59,0.4,0.4,0.4,0.4,50,133150
NIFTY,28OCT21,17350,PE,2021-10-28,13:45:59,0.4,0.4,0.4,0.4,150,133150
NIFTY,28OCT21,17350,PE,2021-10-28,13:46:59,0.25,0.45,0.25,0.45,500,133250
NIFTY,28OCT21,17350,PE,2021-10-28,13:47:59,0.35,0.45,0.35,0.45,250,133250
NIFTY,28OCT21,17350,PE,2021-10-28,13:48:59,0.3,0.3,0.25,0.3,450,133250
NIFTY,28OCT21,17350,PE,2021-10-28,13:52:59,0.25,0.25,0.25,0.25,100,132850
NIFTY,28OCT21,17350,PE,2021-10-28,13:53:59,0.3,0.3,0.3,0.3,900,132850
NIFTY,28OCT21,17350,PE,2021-10-28,13:54:59,0.35,0.4,0.35,0.4,650,132700
NIFTY,28OCT21,17350,PE,2021-10-28,13:55:59,0.35,0.35,0.3,0.35,500,132700
NIFTY,28OCT21,17350,PE,2021-10-28,13:56:59,0.3,0.3,0.3,0.3,200,132700
NIFTY,28OCT21,17350,PE,2021-10-28,13:57:59,0.3,0.3,0.3,0.3,100,132700
NIFTY,28OCT21,17350,PE,2021-10-28,13:58:59,0.35,0.35,0.35,0.35,250,132150
NIFTY,28OCT21,17350,PE,2021-10-28,14:00:59,0.35,0.35,0.25,0.25,16300,131500
NIFTY,28OCT21,17350,PE,2021-10-28,14:01:59,0.25,0.3,0.2,0.3,8100,131500
NIFTY,28OCT21,17350,PE,2021-10-28,14:02:59,0.3,0.3,0.3,0.3,150,131500
NIFTY,28OCT21,17350,PE,2021-10-28,14:03:59,0.3,0.3,0.3,0.3,1500,131500
NIFTY,28OCT21,17350,PE,2021-10-28,14:04:59,0.3,0.45,0.3,0.45,3400,131350
NIFTY,28OCT21,17350,PE,2021-10-28,14:05:59,0.4,0.45,0.4,0.45,2250,131350
NIFTY,28OCT21,17350,PE,2021-10-28,14:07:59,0.25,0.25,0.25,0.25,1000,131700
NIFTY,28OCT21,17350,PE,2021-10-28,14:08:59,0.25,0.25,0.25,0.25,50,131700
NIFTY,28OCT21,17350,PE,2021-10-28,14:10:59,0.5,0.5,0.5,0.5,1300,131550
NIFTY,28OCT21,17350,PE,2021-10-28,14:11:59,0.2,0.55,0.2,0.55,2300,131550
NIFTY,28OCT21,17350,PE,2021-10-28,14:13:59,0.3,0.3,0.2,0.3,5900,131550
NIFTY,28OCT21,17350,PE,2021-10-28,14:14:59,0.25,0.25,0.25,0.25,250,131550
NIFTY,28OCT21,17350,PE,2021-10-28,14:15:59,0.2,0.5,0.2,0.5,200,131200
NIFTY,28OCT21,17350,PE,2021-10-28,14:19:59,0.5,0.5,0.5,0.5,100,131200
NIFTY,28OCT21,17350,PE,2021-10-28,14:20:59,0.5,0.5,0.35,0.35,700,131200
NIFTY,28OCT21,17350,PE,2021-10-28,14:21:59,0.45,0.45,0.45,0.45,350,131050
NIFTY,28OCT21,17350,PE,2021-10-28,14:22:59,0.2,0.4,0.2,0.4,800,131050
NIFTY,28OCT21,17350,PE,2021-10-28,14:23:59,0.4,0.4,0.4,0.4,200,131050
NIFTY,28OCT21,17350,PE,2021-10-28,14:25:59,0.45,0.45,0.45,0.45,100,131050
NIFTY,28OCT21,17350,PE,2021-10-28,14:26:59,0.25,0.25,0.25,0.25,150,131050
NIFTY,28OCT21,17350,PE,2021-10-28,14:27:59,0.25,0.25,0.2,0.25,700,131050
NIFTY,28OCT21,17350,PE,2021-10-28,14:28:59,0.2,0.25,0.2,0.25,1000,130700
NIFTY,28OCT21,17350,PE,2021-10-28,14:29:59,0.2,0.2,0.2,0.2,100,130700
NIFTY,28OCT21,17350,PE,2021-10-28,14:30:59,0.15,0.15,0.15,0.15,1700,130700
NIFTY,28OCT21,17350,PE,2021-10-28,14:32:59,0.2,0.2,0.2,0.2,50,130550
NIFTY,28OCT21,17350,PE,2021-10-28,14:33:59,0.15,0.15,0.1,0.1,1650,130550
NIFTY,28OCT21,17350,PE,2021-10-28,14:34:59,0.1,0.1,0.1,0.1,50,130500
NIFTY,28OCT21,17350,PE,2021-10-28,14:35:59,0.3,0.3,0.3,0.3,100,130500
NIFTY,28OCT21,17350,PE,2021-10-28,14:36:59,0.15,0.45,0.15,0.45,1750,130500
NIFTY,28OCT21,17350,PE,2021-10-28,14:37:59,0.35,0.35,0.15,0.15,1500,131850
NIFTY,28OCT21,17350,PE,2021-10-28,14:38:59,0.15,0.5,0.15,0.5,2150,131850
NIFTY,28OCT21,17350,PE,2021-10-28,14:40:59,0.2,0.2,0.2,0.2,100,130750
NIFTY,28OCT21,17350,PE,2021-10-28,14:41:59,0.2,0.2,0.2,0.2,50,130750
NIFTY,28OCT21,17350,PE,2021-10-28,14:42:59,0.2,0.2,0.2,0.2,100,130750
NIFTY,28OCT21,17350,PE,2021-10-28,14:43:59,0.2,0.2,0.2,0.2,1000,130650
NIFTY,28OCT21,17350,PE,2021-10-28,14:44:59,0.2,0.2,0.2,0.2,300,130650
NIFTY,28OCT21,17350,PE,2021-10-28,14:45:59,0.2,0.2,0.2,0.2,1050,130650
NIFTY,28OCT21,17350,PE,2021-10-28,14:46:59,0.15,0.2,0.15,0.2,1300,130300
NIFTY,28OCT21,17350,PE,2021-10-28,14:48:59,0.2,0.2,0.2,0.2,900,130300
NIFTY,28OCT21,17350,PE,2021-10-28,14:49:59,0.15,0.15,0.15,0.15,850,130100
NIFTY,28OCT21,17350,PE,2021-10-28,14:51:59,0.15,0.15,0.15,0.15,50,130100
NIFTY,28OCT21,17350,PE,2021-10-28,14:52:59,0.15,0.15,0.1,0.1,900,129600
NIFTY,28OCT21,17350,PE,2021-10-28,14:54:59,0.1,0.15,0.1,0.15,700,129600
NIFTY,28OCT21,17350,PE,2021-10-28,14:55:59,0.1,0.1,0.1,0.1,300,128150
NIFTY,28OCT21,17350,PE,2021-10-28,14:56:59,0.1,0.25,0.1,0.1,700,128150
NIFTY,28OCT21,17350,PE,2021-10-28,14:57:59,0.1,0.2,0.1,0.1,1850,128150
NIFTY,28OCT21,17350,PE,2021-10-28,14:58:59,0.1,0.1,0.1,0.1,850,127900
NIFTY,28OCT21,17350,PE,2021-10-28,14:59:59,0.1,0.5,0.05,0.5,2150,127900
NIFTY,28OCT21,17350,PE,2021-10-28,15:00:59,0.1,0.2,0.05,0.05,400,127900
NIFTY,28OCT21,17350,PE,2021-10-28,15:01:59,0.05,0.1,0.05,0.05,900,127550
NIFTY,28OCT21,17350,PE,2021-10-28,15:02:59,0.05,0.05,0.05,0.05,700,127550
NIFTY,28OCT21,17350,PE,2021-10-28,15:03:59,0.05,0.05,0.05,0.05,2450,127550
NIFTY,28OCT21,17350,PE,2021-10-28,15:04:59,0.05,0.1,0.05,0.1,1900,124950
NIFTY,28OCT21,17350,PE,2021-10-28,15:05:59,0.2,0.3,0.05,0.3,1350,124950
NIFTY,28OCT21,17350,PE,2021-10-28,15:06:59,0.05,0.35,0.05,0.35,2250,124950
NIFTY,28OCT21,17350,PE,2021-10-28,15:07:59,0.05,0.05,0.05,0.05,1500,127000
NIFTY,28OCT21,17350,PE,2021-10-28,15:08:59,0.3,0.3,0.05,0.05,250,127000
NIFTY,28OCT21,17350,PE,2021-10-28,15:09:59,0.1,0.1,0.05,0.1,2650,127000
NIFTY,28OCT21,17350,PE,2021-10-28,15:10:59,0.05,0.05,0.05,0.05,2650,124000
NIFTY,28OCT21,17350,PE,2021-10-28,15:11:59,0.05,0.05,0.05,0.05,2550,124000
NIFTY,28OCT21,17350,PE,2021-10-28,15:12:59,0.05,0.05,0.05,0.05,950,124000
NIFTY,28OCT21,17350,PE,2021-10-28,15:13:59,0.1,0.15,0.1,0.15,1200,123500
NIFTY,28OCT21,17350,PE,2021-10-28,15:14:59,0.15,0.45,0.15,0.45,1550,123500
NIFTY,28OCT21,17350,PE,2021-10-28,15:16:59,0.45,0.45,0.45,0.45,50,123500
NIFTY,28OCT21,17350,PE,2021-10-28,15:17:59,0.1,0.1,0.05,0.05,750,123250
NIFTY,28OCT21,17350,PE,2021-10-28,15:20:59,0.05,0.1,0.05,0.1,400,123500
NIFTY,28OCT21,17350,PE,2021-10-28,15:21:59,0.2,0.2,0.2,0.2,200,123500
NIFTY,28OCT21,17350,PE,2021-10-28,15:22:59,0.1,0.1,0.1,0.1,50,123300
NIFTY,28OCT21,17350,PE,2021-10-28,15:23:59,0.1,0.1,0.1,0.1,150,123300
NIFTY,28OCT21,17350,PE,2021-10-28,15:28:59,0.05,0.05,0.05,0.05,200,121550
NIFTY,28OCT21,17350,PE,2021-10-28,15:30:00,0.05,0.05,0.05,0.05,1300,121550
