Symbol,Expiry,Strike,OptionType,Date,Time,Open,High,Low,Close,Volume,OI
NIFTY,25NOV21,15300,PE,2021-11-22,09:15:59,1.0,3.85,1.0,1.0,600,27000
NIFTY,25NOV21,15300,PE,2021-11-22,09:16:59,0.95,0.95,0.9,0.9,750,27000
NIFTY,25NOV21,15300,PE,2021-11-22,09:18:59,0.9,0.9,0.9,0.9,50,27850
NIFTY,25NOV21,15300,PE,2021-11-22,09:20:59,0.9,0.9,0.9,0.9,1000,27900
NIFTY,25NOV21,15300,PE,2021-11-22,09:21:59,0.9,1.2,0.85,1.15,4950,27900
NIFTY,25NOV21,15300,PE,2021-11-22,09:22:59,1.2,1.4,0.8,1.4,4950,27900
NIFTY,25NOV21,15300,PE,2021-11-22,09:23:59,1.4,1.4,0.6,1.25,4700,33050
NIFTY,25NOV21,15300,PE,2021-11-22,09:24:59,1.2,1.2,1.2,1.2,1800,33050
NIFTY,25NOV21,15300,PE,2021-11-22,09:25:59,1.25,1.25,1.0,1.0,1000,33050
NIFTY,25NOV21,15300,PE,2021-11-22,09:28:59,1.1,1.1,1.1,1.1,350,35650
NIFTY,25NOV21,15300,PE,2021-11-22,09:29:59,0.85,0.85,0.85,0.85,400,36000
NIFTY,25NOV21,15300,PE,2021-11-22,09:31:59,0.9,0.9,0.9,0.9,50,36000
NIFTY,25NOV21,15300,PE,2021-11-22,09:32:59,0.95,0.95,0.95,0.95,4700,36000
NIFTY,25NOV21,15300,PE,2021-11-22,09:33:59,0.95,0.95,0.95,0.95,50,35550
NIFTY,25NOV21,15300,PE,2021-11-22,09:34:59,0.95,0.95,0.95,0.95,250,35550
NIFTY,25NOV21,15300,PE,2021-11-22,09:36:59,1.0,1.0,1.0,1.0,100,35350
NIFTY,25NOV21,15300,PE,2021-11-22,09:37:59,1.0,1.0,1.0,1.0,50,35350
NIFTY,25NOV21,15300,PE,2021-11-22,09:39:59,1.0,1.0,0.9,0.95,1950,35500
NIFTY,25NOV21,15300,PE,2021-11-22,09:40:59,0.9,1.0,0.85,1.0,3200,35500
NIFTY,25NOV21,15300,PE,2021-11-22,09:41:59,0.9,0.9,0.85,0.85,500,35500
NIFTY,25NOV21,15300,PE,2021-11-22,09:42:59,0.9,0.9,0.8,0.85,150,33200
NIFTY,25NOV21,15300,PE,2021-11-22,09:43:59,0.85,0.95,0.85,0.85,400,33200
NIFTY,25NOV21,15300,PE,2021-11-22,09:44:59,1.0,1.0,0.85,0.9,350,33200
NIFTY,25NOV21,15300,PE,2021-11-22,09:45:59,0.85,0.85,0.85,0.85,50,33300
NIFTY,25NOV21,15300,PE,2021-11-22,09:46:59,1.0,1.0,1.0,1.0,1800,33300
NIFTY,25NOV21,15300,PE,2021-11-22,09:48:59,1.0,1.0,1.0,1.0,200,34750
NIFTY,25NOV21,15300,PE,2021-11-22,09:53:59,0.9,0.9,0.9,0.9,50,34950
NIFTY,25NOV21,15300,PE,2021-11-22,10:00:59,0.9,0.9,0.9,0.9,100,35000
NIFTY,25NOV21,15300,PE,2021-11-22,10:02:59,1.05,1.05,1.05,1.05,50,35000
NIFTY,25NOV21,15300,PE,2021-11-22,10:03:59,0.85,0.85,0.85,0.85,1800,35050
NIFTY,25NOV21,15300,PE,2021-11-22,10:05:59,1.0,1.0,0.9,0.9,8100,34500
NIFTY,25NOV21,15300,PE,2021-11-22,10:06:59,0.9,1.0,0.9,1.0,7750,34500
NIFTY,25NOV21,15300,PE,2021-11-22,10:07:59,1.05,1.05,0.9,1.0,5250,34500
NIFTY,25NOV21,15300,PE,2021-11-22,10:08:59,1.0,1.05,0.85,1.05,5050,34650
NIFTY,25NOV21,15300,PE,2021-11-22,10:09:59,1.05,1.05,0.95,1.05,600,34650
NIFTY,25NOV21,15300,PE,2021-11-22,10:11:59,1.05,1.05,1.0,1.0,1650,34650
NIFTY,25NOV21,15300,PE,2021-11-22,10:12:59,1.05,1.05,1.05,1.05,150,36250
NIFTY,25NOV21,15300,PE,2021-11-22,10:15:59,1.05,1.05,0.95,0.95,2900,36300
NIFTY,25NOV21,15300,PE,2021-11-22,10:16:59,1.05,1.05,0.9,1.0,3100,36300
NIFTY,25NOV21,15300,PE,2021-11-22,10:17:59,0.95,0.95,0.95,0.95,100,36300
NIFTY,25NOV21,15300,PE,2021-11-22,10:18:59,1.05,1.05,1.05,1.05,250,34700
NIFTY,25NOV21,15300,PE,2021-11-22,10:19:59,1.0,1.0,0.95,0.95,400,34700
NIFTY,25NOV21,15300,PE,2021-11-22,10:20:59,1.05,1.05,0.95,0.95,1000,34700
NIFTY,25NOV21,15300,PE,2021-11-22,10:21:59,1.05,1.05,1.05,1.05,200,34050
NIFTY,25NOV21,15300,PE,2021-11-22,10:24:59,1.0,1.0,1.0,1.0,350,34250
NIFTY,25NOV21,15300,PE,2021-11-22,10:26:59,1.0,1.0,1.0,1.0,100,34050
NIFTY,25NOV21,15300,PE,2021-11-22,10:27:59,0.95,1.05,0.9,1.05,4900,34050
NIFTY,25NOV21,15300,PE,2021-11-22,10:28:59,0.9,1.05,0.9,1.05,23050,34050
NIFTY,25NOV21,15300,PE,2021-11-22,10:29:59,1.0,1.1,0.95,1.0,6350,34050
NIFTY,25NOV21,15300,PE,2021-11-22,10:31:59,1.05,1.05,1.05,1.05,1400,40550
NIFTY,25NOV21,15300,PE,2021-11-22,10:32:59,1.0,1.0,1.0,1.0,3050,39350
NIFTY,25NOV21,15300,PE,2021-11-22,10:33:59,1.0,1.1,1.0,1.0,1650,39350
NIFTY,25NOV21,15300,PE,2021-11-22,10:34:59,1.0,1.05,0.95,1.0,5800,39350
NIFTY,25NOV21,15300,PE,2021-11-22,10:35:59,1.05,1.1,0.95,1.0,21250,42900
NIFTY,25NOV21,15300,PE,2021-11-22,10:36:59,1.1,1.1,1.0,1.1,3200,42900
NIFTY,25NOV21,15300,PE,2021-11-22,10:37:59,1.1,1.1,1.0,1.05,5850,42900
NIFTY,25NOV21,15300,PE,2021-11-22,10:38:59,1.1,1.1,1.1,1.1,350,44400
NIFTY,25NOV21,15300,PE,2021-11-22,10:39:59,1.1,1.1,1.05,1.05,450,44400
NIFTY,25NOV21,15300,PE,2021-11-22,10:40:59,1.05,1.1,1.05,1.05,2550,44400
NIFTY,25NOV21,15300,PE,2021-11-22,10:41:59,1.1,1.1,1.0,1.05,2000,44950
NIFTY,25NOV21,15300,PE,2021-11-22,10:42:59,1.05,1.05,1.05,1.05,1050,44950
NIFTY,25NOV21,15300,PE,2021-11-22,10:43:59,1.0,1.0,1.0,1.0,1150,44950
NIFTY,25NOV21,15300,PE,2021-11-22,10:44:59,1.0,1.0,0.95,1.0,8150,40200
NIFTY,25NOV21,15300,PE,2021-11-22,10:45:59,0.95,0.95,0.95,0.95,150,40200
NIFTY,25NOV21,15300,PE,2021-11-22,10:48:59,0.95,0.95,0.95,0.95,150,39650
NIFTY,25NOV21,15300,PE,2021-11-22,10:53:59,0.95,1.0,0.95,1.0,100,39650
NIFTY,25NOV21,15300,PE,2021-11-22,10:54:59,1.0,1.0,0.9,0.95,8450,39650
NIFTY,25NOV21,15300,PE,2021-11-22,10:55:59,0.95,1.0,0.95,0.95,400,39650
NIFTY,25NOV21,15300,PE,2021-11-22,10:56:59,0.95,0.95,0.95,0.95,350,39650
NIFTY,25NOV21,15300,PE,2021-11-22,11:00:59,1.0,1.0,1.0,1.0,800,39000
NIFTY,25NOV21,15300,PE,2021-11-22,11:02:59,1.0,1.0,1.0,1.0,300,39000
NIFTY,25NOV21,15300,PE,2021-11-22,11:04:59,1.0,1.0,0.9,0.95,1100,39000
NIFTY,25NOV21,15300,PE,2021-11-22,11:05:59,1.0,1.05,0.95,1.05,9150,39000
NIFTY,25NOV21,15300,PE,2021-11-22,11:06:59,0.95,1.05,0.95,1.05,10900,39150
NIFTY,25NOV21,15300,PE,2021-11-22,11:07:59,0.95,1.05,0.95,1.05,6150,39150
NIFTY,25NOV21,15300,PE,2021-11-22,11:08:59,1.05,1.05,1.05,1.05,200,39150
NIFTY,25NOV21,15300,PE,2021-11-22,11:09:59,1.05,1.05,1.05,1.05,550,39000
NIFTY,25NOV21,15300,PE,2021-11-22,11:11:59,1.05,1.05,1.05,1.05,50,39000
NIFTY,25NOV21,15300,PE,2021-11-22,11:12:59,1.05,1.05,1.05,1.05,50,39000
NIFTY,25NOV21,15300,PE,2021-11-22,11:13:59,1.05,1.05,1.05,1.05,50,39000
NIFTY,25NOV21,15300,PE,2021-11-22,11:19:59,1.05,1.05,1.05,1.05,50,39000
NIFTY,25NOV21,15300,PE,2021-11-22,11:22:59,1.05,1.05,1.05,1.05,50,39000
NIFTY,25NOV21,15300,PE,2021-11-22,11:23:59,1.0,1.0,0.95,0.95,1000,39000
NIFTY,25NOV21,15300,PE,2021-11-22,11:24:59,0.95,1.0,0.95,1.0,7400,39150
NIFTY,25NOV21,15300,PE,2021-11-22,11:25:59,0.95,0.95,0.95,0.95,3000,39150
NIFTY,25NOV21,15300,PE,2021-11-22,11:26:59,0.95,0.95,0.95,0.95,15000,39150
NIFTY,25NOV21,15300,PE,2021-11-22,11:27:59,0.95,0.95,0.95,0.95,3700,39000
NIFTY,25NOV21,15300,PE,2021-11-22,11:28:59,0.95,0.95,0.95,0.95,6000,39000
NIFTY,25NOV21,15300,PE,2021-11-22,11:29:59,0.95,0.95,0.95,0.95,9000,39000
NIFTY,25NOV21,15300,PE,2021-11-22,11:30:59,0.95,0.95,0.95,0.95,13550,39000
NIFTY,25NOV21,15300,PE,2021-11-22,11:31:59,0.95,0.95,0.95,0.95,4450,39000
NIFTY,25NOV21,15300,PE,2021-11-22,11:32:59,0.95,0.95,0.95,0.95,6000,39000
NIFTY,25NOV21,15300,PE,2021-11-22,11:36:59,0.9,0.9,0.9,0.9,400,39000
NIFTY,25NOV21,15300,PE,2021-11-22,11:40:59,0.9,0.9,0.9,0.9,500,39000
NIFTY,25NOV21,15300,PE,2021-11-22,11:41:59,1.0,1.0,1.0,1.0,1800,0
NIFTY,25NOV21,15300,PE,2021-11-22,11:42:59,0.95,0.95,0.95,0.95,50,40100
NIFTY,25NOV21,15300,PE,2021-11-22,11:43:59,0.95,1.0,0.95,1.0,800,40100
NIFTY,25NOV21,15300,PE,2021-11-22,11:44:59,0.95,0.95,0.95,0.95,450,40100
NIFTY,25NOV21,15300,PE,2021-11-22,11:45:59,0.95,0.95,0.95,0.95,50,39300
NIFTY,25NOV21,15300,PE,2021-11-22,11:50:59,0.95,0.95,0.95,0.95,50,39350
NIFTY,25NOV21,15300,PE,2021-11-22,11:51:59,0.85,0.85,0.85,0.85,1800,39400
NIFTY,25NOV21,15300,PE,2021-11-22,11:52:59,0.9,0.9,0.85,0.85,200,39400
NIFTY,25NOV21,15300,PE,2021-11-22,11:53:59,0.85,0.85,0.85,0.85,50,39400
NIFTY,25NOV21,15300,PE,2021-11-22,11:55:59,0.9,0.9,0.9,0.9,50,39350
NIFTY,25NOV21,15300,PE,2021-11-22,11:56:59,0.9,0.9,0.85,0.85,9900,39350
NIFTY,25NOV21,15300,PE,2021-11-22,11:57:59,0.85,0.85,0.85,0.85,10750,40300
NIFTY,25NOV21,15300,PE,2021-11-22,11:58:59,0.85,0.85,0.85,0.85,12400,40300
NIFTY,25NOV21,15300,PE,2021-11-22,11:59:59,0.85,0.85,0.85,0.85,7750,40300
NIFTY,25NOV21,15300,PE,2021-11-22,12:00:59,0.85,0.85,0.85,0.85,13250,39350
NIFTY,25NOV21,15300,PE,2021-11-22,12:01:59,0.85,0.85,0.85,0.85,12900,39350
NIFTY,25NOV21,15300,PE,2021-11-22,12:02:59,0.85,0.85,0.85,0.85,15850,39350
NIFTY,25NOV21,15300,PE,2021-11-22,12:03:59,0.85,0.85,0.85,0.85,3250,39150
NIFTY,25NOV21,15300,PE,2021-11-22,12:05:59,0.85,0.85,0.85,0.85,1050,39150
NIFTY,25NOV21,15300,PE,2021-11-22,12:09:59,0.8,0.9,0.8,0.9,650,39100
NIFTY,25NOV21,15300,PE,2021-11-22,12:10:59,0.85,0.85,0.85,0.85,200,39100
NIFTY,25NOV21,15300,PE,2021-11-22,12:12:59,0.85,0.85,0.85,0.85,1800,39150
NIFTY,25NOV21,15300,PE,2021-11-22,12:13:59,0.85,0.85,0.85,0.85,50,39150
NIFTY,25NOV21,15300,PE,2021-11-22,12:14:59,0.95,0.95,0.85,0.9,1450,39150
NIFTY,25NOV21,15300,PE,2021-11-22,12:15:59,0.95,0.95,0.9,0.9,1350,39150
NIFTY,25NOV21,15300,PE,2021-11-22,12:16:59,0.95,0.95,0.9,0.9,400,39150
NIFTY,25NOV21,15300,PE,2021-11-22,12:17:59,1.0,1.0,0.9,0.9,200,39150
NIFTY,25NOV21,15300,PE,2021-11-22,12:22:59,0.9,0.9,0.9,0.9,900,39150
NIFTY,25NOV21,15300,PE,2021-11-22,12:25:59,0.85,0.95,0.85,0.95,1300,39150
NIFTY,25NOV21,15300,PE,2021-11-22,12:26:59,0.95,0.95,0.95,0.95,800,39150
NIFTY,25NOV21,15300,PE,2021-11-22,12:27:59,0.95,1.0,0.95,1.0,1200,40550
NIFTY,25NOV21,15300,PE,2021-11-22,12:31:59,0.95,0.95,0.9,0.9,350,40350
NIFTY,25NOV21,15300,PE,2021-11-22,12:33:59,0.9,0.9,0.9,0.9,450,40350
NIFTY,25NOV21,15300,PE,2021-11-22,12:34:59,0.9,0.9,0.9,0.9,1250,40350
NIFTY,25NOV21,15300,PE,2021-11-22,12:37:59,0.85,0.95,0.85,0.85,1750,40650
NIFTY,25NOV21,15300,PE,2021-11-22,12:39:59,0.9,0.9,0.85,0.85,550,40500
NIFTY,25NOV21,15300,PE,2021-11-22,12:40:59,0.85,1.05,0.85,0.85,7550,40500
NIFTY,25NOV21,15300,PE,2021-11-22,12:41:59,0.95,0.95,0.95,0.95,400,40500
NIFTY,25NOV21,15300,PE,2021-11-22,12:42:59,0.9,0.9,0.9,0.9,20700,40250
NIFTY,25NOV21,15300,PE,2021-11-22,12:43:59,0.9,0.9,0.9,0.9,10200,40250
NIFTY,25NOV21,15300,PE,2021-11-22,12:45:59,0.9,0.9,0.9,0.9,150,40250
NIFTY,25NOV21,15300,PE,2021-11-22,12:46:59,0.9,0.9,0.9,0.9,150,40250
NIFTY,25NOV21,15300,PE,2021-11-22,12:47:59,0.9,0.9,0.9,0.9,150,40250
NIFTY,25NOV21,15300,PE,2021-11-22,12:52:59,0.9,0.9,0.9,0.9,100,40250
NIFTY,25NOV21,15300,PE,2021-11-22,12:53:59,0.9,0.9,0.9,0.9,100,40250
NIFTY,25NOV21,15300,PE,2021-11-22,12:56:59,0.95,0.95,0.95,0.95,1500,40250
NIFTY,25NOV21,15300,PE,2021-11-22,12:57:59,0.95,0.95,0.95,0.95,50,40250
NIFTY,25NOV21,15300,PE,2021-11-22,12:58:59,0.9,0.9,0.9,0.9,1500,40250
NIFTY,25NOV21,15300,PE,2021-11-22,13:02:59,0.9,0.9,0.9,0.9,100,40250
NIFTY,25NOV21,15300,PE,2021-11-22,13:05:59,0.9,0.9,0.9,0.9,1800,40250
NIFTY,25NOV21,15300,PE,2021-11-22,13:06:59,0.9,0.9,0.9,0.9,200,40250
NIFTY,25NOV21,15300,PE,2021-11-22,13:09:59,0.95,0.95,0.95,0.95,50,40400
NIFTY,25NOV21,15300,PE,2021-11-22,13:11:59,0.9,0.9,0.9,0.9,50,40400
NIFTY,25NOV21,15300,PE,2021-11-22,13:16:59,0.9,0.9,0.85,0.85,700,40400
NIFTY,25NOV21,15300,PE,2021-11-22,13:17:59,0.9,1.0,0.85,0.85,450,40400
NIFTY,25NOV21,15300,PE,2021-11-22,13:18:59,0.85,1.0,0.85,0.9,3750,40250
NIFTY,25NOV21,15300,PE,2021-11-22,13:19:59,1.0,1.0,0.85,0.85,5950,40250
NIFTY,25NOV21,15300,PE,2021-11-22,13:20:59,0.85,1.0,0.85,0.85,800,40250
NIFTY,25NOV21,15300,PE,2021-11-22,13:21:59,0.95,1.0,0.85,0.9,4800,40250
NIFTY,25NOV21,15300,PE,2021-11-22,13:22:59,1.0,1.0,0.9,1.0,7700,40250
NIFTY,25NOV21,15300,PE,2021-11-22,13:23:59,0.95,1.1,0.9,1.0,13900,40250
NIFTY,25NOV21,15300,PE,2021-11-22,13:24:59,1.0,1.05,0.95,0.95,5100,40450
NIFTY,25NOV21,15300,PE,2021-11-22,13:25:59,0.95,1.0,0.95,1.0,550,40450
NIFTY,25NOV21,15300,PE,2021-11-22,13:27:59,0.95,1.0,0.95,0.95,750,40250
NIFTY,25NOV21,15300,PE,2021-11-22,13:28:59,1.0,1.0,0.95,0.95,1800,40250
NIFTY,25NOV21,15300,PE,2021-11-22,13:29:59,1.0,1.05,0.95,1.05,2550,40250
NIFTY,25NOV21,15300,PE,2021-11-22,13:30:59,1.05,1.05,0.95,1.05,1700,40250
NIFTY,25NOV21,15300,PE,2021-11-22,13:31:59,1.0,1.0,1.0,1.0,16450,40250
NIFTY,25NOV21,15300,PE,2021-11-22,13:32:59,1.0,1.05,1.0,1.0,35900,40250
NIFTY,25NOV21,15300,PE,2021-11-22,13:33:59,1.0,1.15,0.95,1.0,21900,41150
NIFTY,25NOV21,15300,PE,2021-11-22,13:34:59,1.0,1.05,0.95,0.95,4400,41150
NIFTY,25NOV21,15300,PE,2021-11-22,13:35:59,1.0,1.0,1.0,1.0,50,41150
NIFTY,25NOV21,15300,PE,2021-11-22,13:36:59,1.0,1.0,0.95,0.95,1950,40250
NIFTY,25NOV21,15300,PE,2021-11-22,13:39:59,0.95,1.0,0.95,1.0,950,40250
NIFTY,25NOV21,15300,PE,2021-11-22,13:40:59,1.05,1.15,0.95,1.05,9500,40250
NIFTY,25NOV21,15300,PE,2021-11-22,13:41:59,1.05,1.05,1.0,1.0,950,40250
NIFTY,25NOV21,15300,PE,2021-11-22,13:44:59,1.05,1.05,1.05,1.05,50,40250
NIFTY,25NOV21,15300,PE,2021-11-22,13:45:59,1.1,1.1,1.1,1.1,1000,40250
NIFTY,25NOV21,15300,PE,2021-11-22,13:46:59,1.0,1.1,1.0,1.05,1100,40250
NIFTY,25NOV21,15300,PE,2021-11-22,13:47:59,1.05,1.05,1.0,1.0,4550,40250
NIFTY,25NOV21,15300,PE,2021-11-22,13:49:59,1.05,1.05,1.0,1.05,1050,40250
NIFTY,25NOV21,15300,PE,2021-11-22,13:53:59,1.0,1.0,1.0,1.0,200,40250
NIFTY,25NOV21,15300,PE,2021-11-22,13:56:59,1.05,1.05,1.0,1.0,450,40250
NIFTY,25NOV21,15300,PE,2021-11-22,14:01:59,1.0,1.0,1.0,1.0,150,40250
NIFTY,25NOV21,15300,PE,2021-11-22,14:02:59,1.05,1.05,1.05,1.05,50,40250
NIFTY,25NOV21,15300,PE,2021-11-22,14:03:59,1.0,1.0,1.0,1.0,100,40250
NIFTY,25NOV21,15300,PE,2021-11-22,14:04:59,1.05,1.05,1.05,1.05,50,40250
NIFTY,25NOV21,15300,PE,2021-11-22,14:05:59,1.05,1.05,1.05,1.05,200,40250
NIFTY,25NOV21,15300,PE,2021-11-22,14:06:59,1.1,1.1,1.1,1.1,3200,40250
NIFTY,25NOV21,15300,PE,2021-11-22,14:07:59,1.1,1.1,1.1,1.1,1000,40250
NIFTY,25NOV21,15300,PE,2021-11-22,14:10:59,1.1,1.1,1.1,1.1,200,40250
NIFTY,25NOV21,15300,PE,2021-11-22,14:11:59,1.15,1.15,1.15,1.15,200,40250
NIFTY,25NOV21,15300,PE,2021-11-22,14:13:59,1.15,1.15,1.15,1.15,150,40250
NIFTY,25NOV21,15300,PE,2021-11-22,14:14:59,1.1,1.1,1.1,1.1,1250,40250
NIFTY,25NOV21,15300,PE,2021-11-22,14:15:59,1.15,1.15,1.15,1.15,250,41450
NIFTY,25NOV21,15300,PE,2021-11-22,14:16:59,1.05,1.25,1.05,1.25,1400,41450
NIFTY,25NOV21,15300,PE,2021-11-22,14:17:59,1.25,1.25,1.1,1.1,100,41450
NIFTY,25NOV21,15300,PE,2021-11-22,14:18:59,1.2,1.2,1.2,1.2,650,41450
NIFTY,25NOV21,15300,PE,2021-11-22,14:24:59,1.3,1.3,1.3,1.3,850,40700
NIFTY,25NOV21,15300,PE,2021-11-22,14:26:59,1.5,1.5,1.5,1.5,150,40700
NIFTY,25NOV21,15300,PE,2021-11-22,14:27:59,1.6,1.6,1.6,1.6,300,40700
NIFTY,25NOV21,15300,PE,2021-11-22,14:28:59,1.85,1.85,1.6,1.6,1000,40700
NIFTY,25NOV21,15300,PE,2021-11-22,14:29:59,1.6,2.05,1.6,2.05,1000,40700
NIFTY,25NOV21,15300,PE,2021-11-22,14:30:59,1.8,1.85,1.6,1.6,1050,40700
NIFTY,25NOV21,15300,PE,2021-11-22,14:31:59,1.9,1.9,1.9,1.9,300,40700
NIFTY,25NOV21,15300,PE,2021-11-22,14:32:59,2.1,2.15,2.1,2.1,1400,40700
NIFTY,25NOV21,15300,PE,2021-11-22,14:33:59,2.0,2.0,2.0,2.0,1050,40700
NIFTY,25NOV21,15300,PE,2021-11-22,14:34:59,1.95,2.1,1.95,2.1,1150,41700
NIFTY,25NOV21,15300,PE,2021-11-22,14:35:59,2.1,2.1,2.1,2.1,1600,41700
NIFTY,25NOV21,15300,PE,2021-11-22,14:36:59,2.3,2.3,2.3,2.3,250,41900
NIFTY,25NOV21,15300,PE,2021-11-22,14:38:59,2.3,2.3,2.3,2.3,150,41900
NIFTY,25NOV21,15300,PE,2021-11-22,14:39:59,2.25,2.25,2.25,2.25,50,41800
NIFTY,25NOV21,15300,PE,2021-11-22,14:40:59,2.3,2.4,2.25,2.4,650,41800
NIFTY,25NOV21,15300,PE,2021-11-22,14:41:59,2.25,2.35,1.85,1.9,3550,41800
NIFTY,25NOV21,15300,PE,2021-11-22,14:42:59,2.0,2.0,1.95,1.95,150,42000
NIFTY,25NOV21,15300,PE,2021-11-22,14:43:59,1.75,1.8,1.75,1.8,800,42000
NIFTY,25NOV21,15300,PE,2021-11-22,14:44:59,1.8,2.05,1.75,1.8,1200,42000
NIFTY,25NOV21,15300,PE,2021-11-22,14:45:59,1.8,1.9,1.8,1.9,150,42000
NIFTY,25NOV21,15300,PE,2021-11-22,14:46:59,2.25,2.25,2.2,2.2,1200,42100
NIFTY,25NOV21,15300,PE,2021-11-22,14:47:59,2.15,2.2,2.15,2.2,1600,42100
NIFTY,25NOV21,15300,PE,2021-11-22,14:48:59,2.2,2.45,2.2,2.45,5100,46350
NIFTY,25NOV21,15300,PE,2021-11-22,14:49:59,2.5,2.5,2.3,2.3,2750,46350
NIFTY,25NOV21,15300,PE,2021-11-22,14:50:59,2.45,2.45,2.3,2.45,1250,46350
NIFTY,25NOV21,15300,PE,2021-11-22,14:51:59,2.45,2.45,2.3,2.45,650,46350
NIFTY,25NOV21,15300,PE,2021-11-22,14:52:59,2.35,2.45,2.3,2.3,1400,49550
NIFTY,25NOV21,15300,PE,2021-11-22,14:53:59,2.5,2.5,2.5,2.5,50,49550
NIFTY,25NOV21,15300,PE,2021-11-22,14:54:59,2.5,2.55,2.4,2.55,850,49550
NIFTY,25NOV21,15300,PE,2021-11-22,14:55:59,2.45,2.45,2.45,2.45,200,49200
NIFTY,25NOV21,15300,PE,2021-11-22,14:56:59,2.55,2.55,2.4,2.4,650,49200
NIFTY,25NOV21,15300,PE,2021-11-22,14:57:59,2.4,2.45,2.4,2.4,500,50250
NIFTY,25NOV21,15300,PE,2021-11-22,14:58:59,2.45,2.5,2.4,2.5,1850,50250
NIFTY,25NOV21,15300,PE,2021-11-22,14:59:59,2.5,2.5,2.4,2.4,450,50250
NIFTY,25NOV21,15300,PE,2021-11-22,15:00:59,2.4,2.45,2.4,2.45,2500,50700
NIFTY,25NOV21,15300,PE,2021-11-22,15:01:59,2.45,2.5,2.4,2.4,1200,50700
NIFTY,25NOV21,15300,PE,2021-11-22,15:03:59,2.4,2.45,2.4,2.4,750,50700
NIFTY,25NOV21,15300,PE,2021-11-22,15:04:59,2.4,2.4,2.4,2.4,700,51450
NIFTY,25NOV21,15300,PE,2021-11-22,15:05:59,2.4,2.45,2.4,2.4,450,51450
NIFTY,25NOV21,15300,PE,2021-11-22,15:06:59,2.5,2.5,2.4,2.4,900,52450
NIFTY,25NOV21,15300,PE,2021-11-22,15:07:59,2.45,2.45,2.4,2.4,8850,52450
NIFTY,25NOV21,15300,PE,2021-11-22,15:08:59,2.4,2.4,2.4,2.4,18100,52450
NIFTY,25NOV21,15300,PE,2021-11-22,15:09:59,2.1,2.25,1.95,2.0,17900,71150
NIFTY,25NOV21,15300,PE,2021-11-22,15:10:59,2.0,2.15,2.0,2.1,5500,71150
NIFTY,25NOV21,15300,PE,2021-11-22,15:11:59,2.0,2.0,1.9,1.9,250,71150
NIFTY,25NOV21,15300,PE,2021-11-22,15:12:59,1.9,1.9,1.9,1.9,50,69900
NIFTY,25NOV21,15300,PE,2021-11-22,15:13:59,1.95,1.95,1.95,1.95,100,69900
NIFTY,25NOV21,15300,PE,2021-11-22,15:14:59,1.95,1.95,1.95,1.95,1800,69900
NIFTY,25NOV21,15300,PE,2021-11-22,15:15:59,1.95,1.95,1.95,1.95,200,71550
NIFTY,25NOV21,15300,PE,2021-11-22,15:16:59,1.95,1.95,1.95,1.95,50,71550
NIFTY,25NOV21,15300,PE,2021-11-22,15:17:59,1.9,1.9,1.9,1.9,100,71550
NIFTY,25NOV21,15300,PE,2021-11-22,15:18:59,1.95,2.05,1.95,1.95,950,71450
NIFTY,25NOV21,15300,PE,2021-11-22,15:19:59,2.0,2.0,1.8,1.8,900,71450
NIFTY,25NOV21,15300,PE,2021-11-22,15:20:59,1.8,1.8,1.8,1.8,650,71450
NIFTY,25NOV21,15300,PE,2021-11-22,15:21:59,1.75,1.75,1.75,1.75,550,71450
NIFTY,25NOV21,15300,PE,2021-11-22,15:22:59,1.75,1.95,1.75,1.75,850,70850
NIFTY,25NOV21,15300,PE,2021-11-22,15:23:59,1.8,1.8,1.8,1.8,200,70850
NIFTY,25NOV21,15300,PE,2021-11-22,15:24:59,1.95,1.95,1.95,1.95,50,70850
NIFTY,25NOV21,15300,PE,2021-11-22,15:25:59,1.8,1.8,1.8,1.8,400,70700
NIFTY,25NOV21,15300,PE,2021-11-22,15:26:59,1.85,1.85,1.7,1.85,2300,70700
NIFTY,25NOV21,15300,PE,2021-11-22,15:27:59,1.85,1.85,1.85,1.85,150,70700
NIFTY,25NOV21,15300,PE,2021-11-22,15:30:00,1.8,1.8,1.8,1.8,100,71900
NIFTY,25NOV21,15300,PE,2021-11-23,09:15:59,4.75,4.75,2.35,3.0,5300,68650
NIFTY,25NOV21,15300,PE,2021-11-23,09:16:59,3.0,3.7,2.3,2.75,15500,68650
NIFTY,25NOV21,15300,PE,2021-11-23,09:17:59,2.5,2.7,2.5,2.5,7000,75850
NIFTY,25NOV21,15300,PE,2021-11-23,09:18:59,2.35,2.45,2.2,2.4,17400,75850
NIFTY,25NOV21,15300,PE,2021-11-23,09:19:59,2.4,2.45,2.15,2.35,12350,75850
NIFTY,25NOV21,15300,PE,2021-11-23,09:20:59,2.2,2.35,2.2,2.35,1700,78650
NIFTY,25NOV21,15300,PE,2021-11-23,09:21:59,2.2,2.2,2.2,2.2,200,78650
NIFTY,25NOV21,15300,PE,2021-11-23,09:22:59,2.05,2.2,2.05,2.2,8700,78650
NIFTY,25NOV21,15300,PE,2021-11-23,09:23:59,2.3,2.45,2.1,2.45,14700,85700
NIFTY,25NOV21,15300,PE,2021-11-23,09:24:59,2.25,2.35,2.1,2.1,2250,85700
NIFTY,25NOV21,15300,PE,2021-11-23,09:25:59,2.1,2.2,2.1,2.15,1700,85700
NIFTY,25NOV21,15300,PE,2021-11-23,09:26:59,2.2,2.2,1.65,1.75,14300,86800
NIFTY,25NOV21,15300,PE,2021-11-23,09:27:59,1.85,1.85,1.8,1.85,1150,86800
NIFTY,25NOV21,15300,PE,2021-11-23,09:28:59,1.8,1.9,1.6,1.7,3400,86800
NIFTY,25NOV21,15300,PE,2021-11-23,09:29:59,1.8,1.8,1.4,1.4,6500,92150
NIFTY,25NOV21,15300,PE,2021-11-23,09:30:59,1.4,1.65,1.4,1.45,2800,92150
NIFTY,25NOV21,15300,PE,2021-11-23,09:31:59,1.45,1.7,1.45,1.5,4150,92150
NIFTY,25NOV21,15300,PE,2021-11-23,09:32:59,1.55,1.7,1.5,1.5,3100,93650
NIFTY,25NOV21,15300,PE,2021-11-23,09:33:59,1.65,1.8,1.5,1.8,3150,93650
NIFTY,25NOV21,15300,PE,2021-11-23,09:34:59,1.8,1.8,1.8,1.8,50,93650
NIFTY,25NOV21,15300,PE,2021-11-23,09:35:59,1.8,1.8,1.75,1.75,500,94250
NIFTY,25NOV21,15300,PE,2021-11-23,09:36:59,1.7,1.8,1.65,1.8,1200,94250
NIFTY,25NOV21,15300,PE,2021-11-23,09:37:59,1.75,1.75,1.75,1.75,150,94250
NIFTY,25NOV21,15300,PE,2021-11-23,09:38:59,1.7,1.7,1.7,1.7,200,94250
NIFTY,25NOV21,15300,PE,2021-11-23,09:40:59,1.65,1.65,1.65,1.65,750,93950
NIFTY,25NOV21,15300,PE,2021-11-23,09:42:59,1.6,1.6,1.55,1.55,350,93950
NIFTY,25NOV21,15300,PE,2021-11-23,09:43:59,1.6,1.65,1.6,1.65,5400,93950
NIFTY,25NOV21,15300,PE,2021-11-23,09:46:59,1.55,1.55,1.45,1.45,1450,88750
NIFTY,25NOV21,15300,PE,2021-11-23,09:47:59,1.5,1.5,1.5,1.5,800,72550
NIFTY,25NOV21,15300,PE,2021-11-23,09:48:59,1.5,1.55,1.5,1.55,400,72550
NIFTY,25NOV21,15300,PE,2021-11-23,09:51:59,1.5,1.55,1.45,1.45,250,72600
NIFTY,25NOV21,15300,PE,2021-11-23,09:52:59,1.6,1.6,1.45,1.45,650,72600
NIFTY,25NOV21,15300,PE,2021-11-23,09:55:59,1.4,1.4,1.4,1.4,200,73200
NIFTY,25NOV21,15300,PE,2021-11-23,09:58:59,1.55,1.55,1.45,1.45,600,73050
NIFTY,25NOV21,15300,PE,2021-11-23,09:59:59,1.4,1.4,1.35,1.4,3450,73050
NIFTY,25NOV21,15300,PE,2021-11-23,10:00:59,1.4,1.4,1.4,1.4,50,74750
NIFTY,25NOV21,15300,PE,2021-11-23,10:05:59,1.4,1.4,1.4,1.4,200,74700
NIFTY,25NOV21,15300,PE,2021-11-23,10:07:59,1.4,1.4,1.4,1.4,300,74700
NIFTY,25NOV21,15300,PE,2021-11-23,10:08:59,1.4,1.5,1.4,1.5,850,74400
NIFTY,25NOV21,15300,PE,2021-11-23,10:10:59,1.5,1.55,1.5,1.55,250,74400
NIFTY,25NOV21,15300,PE,2021-11-23,10:12:59,1.55,1.55,1.55,1.55,50,75000
NIFTY,25NOV21,15300,PE,2021-11-23,10:13:59,1.5,1.5,1.5,1.5,500,75000
NIFTY,25NOV21,15300,PE,2021-11-23,10:14:59,1.55,1.6,1.5,1.6,1500,75050
NIFTY,25NOV21,15300,PE,2021-11-23,10:15:59,1.55,1.55,1.55,1.55,750,75050
NIFTY,25NOV21,15300,PE,2021-11-23,10:16:59,1.55,1.55,1.55,1.55,150,75050
NIFTY,25NOV21,15300,PE,2021-11-23,10:20:59,1.3,1.3,1.3,1.3,100,74900
NIFTY,25NOV21,15300,PE,2021-11-23,10:24:59,1.4,1.4,1.4,1.4,800,74900
NIFTY,25NOV21,15300,PE,2021-11-23,10:29:59,1.5,1.5,1.5,1.5,50,74900
NIFTY,25NOV21,15300,PE,2021-11-23,10:30:59,1.4,1.5,1.25,1.25,2800,74950
NIFTY,25NOV21,15300,PE,2021-11-23,10:31:59,1.45,1.45,1.35,1.4,2100,74950
NIFTY,25NOV21,15300,PE,2021-11-23,10:32:59,1.35,1.35,1.35,1.35,900,74950
NIFTY,25NOV21,15300,PE,2021-11-23,10:34:59,1.35,1.35,1.3,1.3,550,75750
NIFTY,25NOV21,15300,PE,2021-11-23,10:35:59,1.3,1.35,1.3,1.3,600,75750
NIFTY,25NOV21,15300,PE,2021-11-23,10:38:59,1.35,1.35,1.35,1.35,150,75200
NIFTY,25NOV21,15300,PE,2021-11-23,10:39:59,1.35,1.35,1.35,1.35,300,75200
NIFTY,25NOV21,15300,PE,2021-11-23,10:45:59,1.45,1.45,1.3,1.3,700,75200
NIFTY,25NOV21,15300,PE,2021-11-23,10:46:59,1.35,1.45,1.3,1.35,1300,75200
NIFTY,25NOV21,15300,PE,2021-11-23,10:47:59,1.4,1.6,1.2,1.35,20850,78050
NIFTY,25NOV21,15300,PE,2021-11-23,10:48:59,1.4,1.5,1.35,1.45,4600,78050
NIFTY,25NOV21,15300,PE,2021-11-23,10:49:59,1.4,1.4,1.35,1.35,550,78050
NIFTY,25NOV21,15300,PE,2021-11-23,10:50:59,1.4,1.4,1.4,1.4,1800,78050
NIFTY,25NOV21,15300,PE,2021-11-23,10:51:59,1.35,1.35,1.35,1.35,900,76550
NIFTY,25NOV21,15300,PE,2021-11-23,10:52:59,1.3,1.4,1.3,1.3,1300,76550
NIFTY,25NOV21,15300,PE,2021-11-23,10:53:59,1.3,1.3,1.3,1.3,300,77450
NIFTY,25NOV21,15300,PE,2021-11-23,10:54:59,1.4,1.4,1.4,1.4,150,77450
NIFTY,25NOV21,15300,PE,2021-11-23,10:55:59,1.35,1.4,1.35,1.35,400,77450
NIFTY,25NOV21,15300,PE,2021-11-23,10:58:59,1.35,1.35,1.3,1.3,1650,77450
NIFTY,25NOV21,15300,PE,2021-11-23,10:59:59,1.3,1.3,1.3,1.3,50,77950
NIFTY,25NOV21,15300,PE,2021-11-23,11:02:59,1.25,1.25,1.25,1.25,50,77950
NIFTY,25NOV21,15300,PE,2021-11-23,11:05:59,1.35,1.35,1.35,1.35,500,78050
NIFTY,25NOV21,15300,PE,2021-11-23,11:06:59,1.35,1.45,1.35,1.45,400,78050
NIFTY,25NOV21,15300,PE,2021-11-23,11:09:59,1.4,1.4,1.4,1.4,650,77950
NIFTY,25NOV21,15300,PE,2021-11-23,11:10:59,1.35,1.35,1.35,1.35,500,77950
NIFTY,25NOV21,15300,PE,2021-11-23,11:11:59,1.4,1.4,1.35,1.35,250,77750
NIFTY,25NOV21,15300,PE,2021-11-23,11:13:59,1.35,1.35,1.35,1.35,1500,77750
NIFTY,25NOV21,15300,PE,2021-11-23,11:14:59,1.35,1.35,1.35,1.35,350,77750
NIFTY,25NOV21,15300,PE,2021-11-23,11:19:59,1.3,1.3,1.3,1.3,150,77300
NIFTY,25NOV21,15300,PE,2021-11-23,11:21:59,1.4,1.4,1.4,1.4,50,77350
NIFTY,25NOV21,15300,PE,2021-11-23,11:25:59,1.3,1.3,1.3,1.3,50,77350
NIFTY,25NOV21,15300,PE,2021-11-23,11:26:59,1.3,1.3,1.3,1.3,150,77350
NIFTY,25NOV21,15300,PE,2021-11-23,11:28:59,1.3,1.3,1.3,1.3,1050,77450
NIFTY,25NOV21,15300,PE,2021-11-23,11:30:59,1.25,1.4,1.15,1.15,13600,76750
NIFTY,25NOV21,15300,PE,2021-11-23,11:31:59,1.3,1.35,1.15,1.25,17750,76750
NIFTY,25NOV21,15300,PE,2021-11-23,11:32:59,1.25,1.3,1.25,1.25,1900,76750
NIFTY,25NOV21,15300,PE,2021-11-23,11:33:59,1.25,1.25,1.25,1.25,1900,76800
NIFTY,25NOV21,15300,PE,2021-11-23,11:34:59,1.25,1.3,1.25,1.3,3300,76800
NIFTY,25NOV21,15300,PE,2021-11-23,11:35:59,1.3,1.3,1.25,1.25,3700,76800
NIFTY,25NOV21,15300,PE,2021-11-23,11:36:59,1.25,1.25,1.25,1.25,950,77400
NIFTY,25NOV21,15300,PE,2021-11-23,11:37:59,1.25,1.25,1.25,1.25,450,77400
NIFTY,25NOV21,15300,PE,2021-11-23,11:38:59,1.25,1.25,1.25,1.25,450,77400
NIFTY,25NOV21,15300,PE,2021-11-23,11:39:59,1.25,1.3,1.2,1.2,2150,78200
NIFTY,25NOV21,15300,PE,2021-11-23,11:40:59,1.25,1.25,1.25,1.25,50,78200
NIFTY,25NOV21,15300,PE,2021-11-23,11:41:59,1.3,1.3,1.3,1.3,550,78200
NIFTY,25NOV21,15300,PE,2021-11-23,11:42:59,1.2,1.3,1.2,1.3,800,77300
NIFTY,25NOV21,15300,PE,2021-11-23,11:43:59,1.3,1.3,1.2,1.2,3950,77300
NIFTY,25NOV21,15300,PE,2021-11-23,11:44:59,1.3,1.3,1.2,1.2,1450,77300
NIFTY,25NOV21,15300,PE,2021-11-23,11:49:59,1.3,1.3,1.2,1.2,100,77100
NIFTY,25NOV21,15300,PE,2021-11-23,12:01:59,1.2,1.2,1.2,1.2,1500,77100
NIFTY,25NOV21,15300,PE,2021-11-23,12:05:59,1.2,1.2,1.2,1.2,50,77650
NIFTY,25NOV21,15300,PE,2021-11-23,12:06:59,1.2,1.2,1.1,1.15,4150,77650
NIFTY,25NOV21,15300,PE,2021-11-23,12:07:59,1.15,1.2,1.15,1.2,10450,77650
NIFTY,25NOV21,15300,PE,2021-11-23,12:08:59,1.15,1.3,1.15,1.25,11150,77650
NIFTY,25NOV21,15300,PE,2021-11-23,12:09:59,1.25,1.35,1.2,1.25,13750,79600
NIFTY,25NOV21,15300,PE,2021-11-23,12:10:59,1.25,1.35,1.2,1.25,12000,79600
NIFTY,25NOV21,15300,PE,2021-11-23,12:11:59,1.25,1.3,1.25,1.25,2800,79600
NIFTY,25NOV21,15300,PE,2021-11-23,12:12:59,1.25,1.3,1.25,1.25,300,79750
NIFTY,25NOV21,15300,PE,2021-11-23,12:13:59,1.25,1.25,1.25,1.25,100,79750
NIFTY,25NOV21,15300,PE,2021-11-23,12:14:59,1.3,1.3,1.25,1.25,1050,79750
NIFTY,25NOV21,15300,PE,2021-11-23,12:15:59,1.2,1.2,1.2,1.2,100,79750
NIFTY,25NOV21,15300,PE,2021-11-23,12:20:59,1.25,1.25,1.25,1.25,100,80000
NIFTY,25NOV21,15300,PE,2021-11-23,12:26:59,1.25,1.25,1.25,1.25,300,80000
NIFTY,25NOV21,15300,PE,2021-11-23,12:29:59,1.25,1.25,1.25,1.25,2300,80000
NIFTY,25NOV21,15300,PE,2021-11-23,12:32:59,1.3,1.3,1.3,1.3,50,80500
NIFTY,25NOV21,15300,PE,2021-11-23,12:36:59,1.3,1.3,1.3,1.3,100,80550
NIFTY,25NOV21,15300,PE,2021-11-23,12:37:59,1.25,1.25,1.25,1.25,150,80550
NIFTY,25NOV21,15300,PE,2021-11-23,12:38:59,1.25,1.25,1.2,1.25,45050,80550
NIFTY,25NOV21,15300,PE,2021-11-23,12:39:59,1.3,1.3,1.3,1.3,125250,101950
NIFTY,25NOV21,15300,PE,2021-11-23,12:40:59,1.3,1.3,1.25,1.25,200,101950
NIFTY,25NOV21,15300,PE,2021-11-23,12:41:59,1.25,1.25,1.25,1.25,1200,101950
NIFTY,25NOV21,15300,PE,2021-11-23,12:44:59,1.25,1.25,1.25,1.25,50,78150
NIFTY,25NOV21,15300,PE,2021-11-23,12:59:59,1.25,1.25,1.25,1.25,300,78100
NIFTY,25NOV21,15300,PE,2021-11-23,13:06:59,1.3,1.3,1.3,1.3,250,77650
NIFTY,25NOV21,15300,PE,2021-11-23,13:09:59,1.3,1.35,1.3,1.35,1950,77700
NIFTY,25NOV21,15300,PE,2021-11-23,13:10:59,1.35,1.35,1.3,1.3,2200,77700
NIFTY,25NOV21,15300,PE,2021-11-23,13:12:59,1.35,1.35,1.3,1.3,5150,77700
NIFTY,25NOV21,15300,PE,2021-11-23,13:13:59,1.3,1.3,1.3,1.3,6850,77700
NIFTY,25NOV21,15300,PE,2021-11-23,13:14:59,1.3,1.3,1.3,1.3,8400,77700
NIFTY,25NOV21,15300,PE,2021-11-23,13:15:59,1.3,1.3,1.25,1.3,4850,82150
NIFTY,25NOV21,15300,PE,2021-11-23,13:16:59,1.3,1.3,1.25,1.25,1150,82150
NIFTY,25NOV21,15300,PE,2021-11-23,13:21:59,1.25,1.3,1.25,1.25,2500,77300
NIFTY,25NOV21,15300,PE,2021-11-23,13:27:59,1.3,1.3,1.25,1.25,5300,77700
NIFTY,25NOV21,15300,PE,2021-11-23,13:28:59,1.3,1.3,1.25,1.25,200,77700
NIFTY,25NOV21,15300,PE,2021-11-23,13:33:59,1.25,1.25,1.25,1.25,400,77700
NIFTY,25NOV21,15300,PE,2021-11-23,13:37:59,1.25,1.25,1.25,1.25,50,77300
NIFTY,25NOV21,15300,PE,2021-11-23,13:38:59,1.25,1.3,1.2,1.2,1600,77300
NIFTY,25NOV21,15300,PE,2021-11-23,13:40:59,1.2,1.2,1.2,1.2,1600,77250
NIFTY,25NOV21,15300,PE,2021-11-23,13:41:59,1.2,1.2,1.2,1.2,1700,77250
NIFTY,25NOV21,15300,PE,2021-11-23,13:42:59,1.2,1.2,1.2,1.2,1800,77250
NIFTY,25NOV21,15300,PE,2021-11-23,13:43:59,1.2,1.2,1.15,1.15,250,77250
NIFTY,25NOV21,15300,PE,2021-11-23,13:44:59,1.15,1.15,1.15,1.15,100,77250
NIFTY,25NOV21,15300,PE,2021-11-23,13:45:59,1.15,1.15,1.15,1.15,500,77250
NIFTY,25NOV21,15300,PE,2021-11-23,13:46:59,1.2,1.2,1.1,1.15,2900,77250
NIFTY,25NOV21,15300,PE,2021-11-23,13:47:59,1.2,1.2,1.15,1.15,400,77250
NIFTY,25NOV21,15300,PE,2021-11-23,13:48:59,1.15,1.15,1.15,1.15,1350,76950
NIFTY,25NOV21,15300,PE,2021-11-23,13:51:59,1.15,1.25,1.1,1.1,2300,76950
NIFTY,25NOV21,15300,PE,2021-11-23,13:52:59,1.15,1.2,1.1,1.1,650,77950
NIFTY,25NOV21,15300,PE,2021-11-23,13:53:59,1.2,1.2,1.1,1.1,1100,77950
NIFTY,25NOV21,15300,PE,2021-11-23,13:54:59,1.15,1.15,1.15,1.15,350,77950
NIFTY,25NOV21,15300,PE,2021-11-23,13:58:59,1.1,1.1,1.1,1.1,600,78450
NIFTY,25NOV21,15300,PE,2021-11-23,14:04:59,1.1,1.1,1.1,1.1,100,78500
NIFTY,25NOV21,15300,PE,2021-11-23,14:06:59,1.1,1.1,1.1,1.1,50,78500
NIFTY,25NOV21,15300,PE,2021-11-23,14:09:59,1.2,1.2,1.15,1.15,1000,78550
NIFTY,25NOV21,15300,PE,2021-11-23,14:14:59,1.2,1.2,1.2,1.2,450,79300
NIFTY,25NOV21,15300,PE,2021-11-23,14:15:59,1.15,1.15,1.15,1.15,100,79300
NIFTY,25NOV21,15300,PE,2021-11-23,14:16:59,1.15,1.15,1.15,1.15,450,78750
NIFTY,25NOV21,15300,PE,2021-11-23,14:17:59,1.25,1.25,1.15,1.15,1250,78750
NIFTY,25NOV21,15300,PE,2021-11-23,14:18:59,1.15,1.15,1.15,1.15,450,79200
NIFTY,25NOV21,15300,PE,2021-11-23,14:20:59,1.15,1.15,1.15,1.15,350,79200
NIFTY,25NOV21,15300,PE,2021-11-23,14:29:59,1.1,1.1,1.1,1.1,50,78800
NIFTY,25NOV21,15300,PE,2021-11-23,14:34:59,1.05,1.05,1.05,1.05,1300,78850
NIFTY,25NOV21,15300,PE,2021-11-23,14:36:59,1.05,1.05,1.05,1.05,100,78850
NIFTY,25NOV21,15300,PE,2021-11-23,14:40:59,1.05,1.05,1.05,1.05,50,78850
NIFTY,25NOV21,15300,PE,2021-11-23,14:48:59,1.0,1.0,1.0,1.0,50,78900
NIFTY,25NOV21,15300,PE,2021-11-23,14:51:59,1.0,1.0,1.0,1.0,100,78850
NIFTY,25NOV21,15300,PE,2021-11-23,14:56:59,0.95,0.95,0.95,0.95,50,78850
NIFTY,25NOV21,15300,PE,2021-11-23,14:57:59,0.95,0.95,0.95,0.95,50,78850
NIFTY,25NOV21,15300,PE,2021-11-23,15:00:59,0.95,0.95,0.95,0.95,50,78750
NIFTY,25NOV21,15300,PE,2021-11-23,15:02:59,0.95,0.95,0.95,0.95,350,78700
NIFTY,25NOV21,15300,PE,2021-11-23,15:04:59,0.9,0.9,0.9,0.9,1800,78700
NIFTY,25NOV21,15300,PE,2021-11-23,15:07:59,0.9,0.9,0.9,0.9,100,76900
NIFTY,25NOV21,15300,PE,2021-11-23,15:09:59,0.9,0.9,0.9,0.9,6400,76900
NIFTY,25NOV21,15300,PE,2021-11-23,15:10:59,0.65,0.7,0.65,0.7,500,77300
NIFTY,25NOV21,15300,PE,2021-11-23,15:11:59,0.8,0.8,0.8,0.8,400,77300
NIFTY,25NOV21,15300,PE,2021-11-23,15:16:59,0.8,0.8,0.8,0.8,50,76650
NIFTY,25NOV21,15300,PE,2021-11-23,15:17:59,0.8,0.8,0.7,0.7,100,76650
NIFTY,25NOV21,15300,PE,2021-11-23,15:20:59,0.75,0.75,0.75,0.75,200,76650
NIFTY,25NOV21,15300,PE,2021-11-23,15:21:59,0.75,0.8,0.75,0.8,150,76650
NIFTY,25NOV21,15300,PE,2021-11-23,15:25:59,0.75,0.75,0.7,0.7,1850,76550
NIFTY,25NOV21,15300,PE,2021-11-23,15:26:59,0.7,0.7,0.7,0.7,150,76550
NIFTY,25NOV21,15300,PE,2021-11-23,15:28:59,0.75,0.75,0.75,0.75,1000,74600
NIFTY,25NOV21,15300,PE,2021-11-23,15:30:00,0.7,0.7,0.7,0.7,300,74600
NIFTY,25NOV21,15300,PE,2021-11-24,09:15:59,0.75,0.75,0.7,0.7,150,75250
NIFTY,25NOV21,15300,PE,2021-11-24,09:19:59,0.55,0.6,0.55,0.6,1350,75400
NIFTY,25NOV21,15300,PE,2021-11-24,09:20:59,0.65,0.65,0.65,0.65,1100,75400
NIFTY,25NOV21,15300,PE,2021-11-24,09:25:59,0.7,0.7,0.7,0.7,50,76150
NIFTY,25NOV21,15300,PE,2021-11-24,09:31:59,0.7,0.7,0.7,0.7,1950,76200
NIFTY,25NOV21,15300,PE,2021-11-24,09:36:59,0.65,0.65,0.65,0.65,50,78150
NIFTY,25NOV21,15300,PE,2021-11-24,09:38:59,0.65,0.65,0.65,0.65,50,78150
NIFTY,25NOV21,15300,PE,2021-11-24,09:41:59,0.65,0.65,0.6,0.6,4200,79500
NIFTY,25NOV21,15300,PE,2021-11-24,09:42:59,0.6,0.6,0.55,0.6,1850,79500
NIFTY,25NOV21,15300,PE,2021-11-24,09:51:59,0.7,0.7,0.5,0.55,3700,80950
NIFTY,25NOV21,15300,PE,2021-11-24,09:52:59,0.55,0.65,0.55,0.65,1150,80950
NIFTY,25NOV21,15300,PE,2021-11-24,09:53:59,0.65,0.65,0.65,0.65,1150,80950
NIFTY,25NOV21,15300,PE,2021-11-24,09:54:59,0.7,0.75,0.7,0.75,2200,83800
NIFTY,25NOV21,15300,PE,2021-11-24,09:57:59,0.8,0.8,0.6,0.6,1200,86000
NIFTY,25NOV21,15300,PE,2021-11-24,09:59:59,0.6,0.8,0.55,0.8,6100,86000
NIFTY,25NOV21,15300,PE,2021-11-24,10:04:59,0.65,0.65,0.65,0.65,300,83600
NIFTY,25NOV21,15300,PE,2021-11-24,10:06:59,0.65,0.7,0.65,0.7,600,83600
NIFTY,25NOV21,15300,PE,2021-11-24,10:07:59,0.65,0.8,0.55,0.6,14900,83600
NIFTY,25NOV21,15300,PE,2021-11-24,10:08:59,0.65,0.7,0.65,0.65,4400,84650
NIFTY,25NOV21,15300,PE,2021-11-24,10:09:59,0.65,0.7,0.65,0.65,1150,84650
NIFTY,25NOV21,15300,PE,2021-11-24,10:10:59,0.75,0.75,0.65,0.65,700,84650
NIFTY,25NOV21,15300,PE,2021-11-24,10:11:59,0.75,0.8,0.6,0.7,18950,84150
NIFTY,25NOV21,15300,PE,2021-11-24,10:12:59,0.75,0.75,0.7,0.7,1700,84150
NIFTY,25NOV21,15300,PE,2021-11-24,10:14:59,0.7,0.85,0.65,0.7,9600,84150
NIFTY,25NOV21,15300,PE,2021-11-24,10:15:59,0.7,0.7,0.7,0.7,50,85800
NIFTY,25NOV21,15300,PE,2021-11-24,10:18:59,0.75,0.75,0.7,0.7,1300,85750
NIFTY,25NOV21,15300,PE,2021-11-24,10:19:59,0.7,0.7,0.7,0.7,200,85750
NIFTY,25NOV21,15300,PE,2021-11-24,10:21:59,0.75,0.8,0.65,0.7,13550,85000
NIFTY,25NOV21,15300,PE,2021-11-24,10:23:59,0.65,0.7,0.65,0.7,2250,81350
NIFTY,25NOV21,15300,PE,2021-11-24,10:24:59,0.7,0.7,0.7,0.7,100,81350
NIFTY,25NOV21,15300,PE,2021-11-24,10:27:59,0.65,0.75,0.65,0.75,2650,80900
NIFTY,25NOV21,15300,PE,2021-11-24,10:28:59,0.7,0.7,0.7,0.7,400,80900
NIFTY,25NOV21,15300,PE,2021-11-24,10:30:59,0.65,0.65,0.6,0.6,5650,83150
NIFTY,25NOV21,15300,PE,2021-11-24,10:31:59,0.6,0.6,0.55,0.6,3800,83150
NIFTY,25NOV21,15300,PE,2021-11-24,10:35:59,0.55,0.55,0.5,0.5,2850,87150
NIFTY,25NOV21,15300,PE,2021-11-24,10:39:59,0.6,0.6,0.6,0.6,5250,89350
NIFTY,25NOV21,15300,PE,2021-11-24,10:43:59,0.6,0.6,0.55,0.55,1300,88300
NIFTY,25NOV21,15300,PE,2021-11-24,10:45:59,0.6,0.6,0.6,0.6,400,86950
NIFTY,25NOV21,15300,PE,2021-11-24,10:46:59,0.55,0.6,0.55,0.6,1250,86950
NIFTY,25NOV21,15300,PE,2021-11-24,10:48:59,0.55,0.55,0.55,0.55,200,84100
NIFTY,25NOV21,15300,PE,2021-11-24,10:51:59,0.6,0.6,0.6,0.6,150,84300
NIFTY,25NOV21,15300,PE,2021-11-24,10:56:59,0.55,0.55,0.55,0.55,450,83000
NIFTY,25NOV21,15300,PE,2021-11-24,11:00:59,0.6,0.6,0.6,0.6,1200,83000
NIFTY,25NOV21,15300,PE,2021-11-24,11:20:59,0.6,0.6,0.6,0.6,150,83700
NIFTY,25NOV21,15300,PE,2021-11-24,11:24:59,0.55,0.55,0.55,0.55,150,83850
NIFTY,25NOV21,15300,PE,2021-11-24,11:27:59,0.6,0.6,0.6,0.6,350,83800
NIFTY,25NOV21,15300,PE,2021-11-24,11:29:59,0.55,0.55,0.55,0.55,850,83800
NIFTY,25NOV21,15300,PE,2021-11-24,11:34:59,0.6,0.6,0.5,0.5,1250,83550
NIFTY,25NOV21,15300,PE,2021-11-24,11:35:59,0.6,0.6,0.5,0.5,12950,83550
NIFTY,25NOV21,15300,PE,2021-11-24,11:36:59,0.6,0.6,0.5,0.6,13100,84750
NIFTY,25NOV21,15300,PE,2021-11-24,11:37:59,0.6,0.7,0.55,0.7,19100,84750
NIFTY,25NOV21,15300,PE,2021-11-24,11:38:59,0.6,0.7,0.6,0.65,29300,84750
NIFTY,25NOV21,15300,PE,2021-11-24,11:39:59,0.65,0.65,0.5,0.6,58800,87750
NIFTY,25NOV21,15300,PE,2021-11-24,11:40:59,0.6,0.7,0.55,0.7,69000,87750
NIFTY,25NOV21,15300,PE,2021-11-24,11:41:59,0.7,0.7,0.6,0.65,7300,87750
NIFTY,25NOV21,15300,PE,2021-11-24,11:42:59,0.65,0.65,0.65,0.65,150,92450
NIFTY,25NOV21,15300,PE,2021-11-24,11:47:59,0.65,0.65,0.6,0.6,800,92450
NIFTY,25NOV21,15300,PE,2021-11-24,11:48:59,0.6,0.6,0.6,0.6,8700,92000
NIFTY,25NOV21,15300,PE,2021-11-24,11:49:59,0.6,0.6,0.6,0.6,3450,92000
NIFTY,25NOV21,15300,PE,2021-11-24,11:51:59,0.6,0.6,0.6,0.6,1150,85100
NIFTY,25NOV21,15300,PE,2021-11-24,11:52:59,0.55,0.55,0.55,0.55,650,85100
NIFTY,25NOV21,15300,PE,2021-11-24,12:03:59,0.55,0.55,0.55,0.55,200,84900
NIFTY,25NOV21,15300,PE,2021-11-24,12:15:59,0.55,0.55,0.55,0.55,150,84900
NIFTY,25NOV21,15300,PE,2021-11-24,12:16:59,0.55,0.6,0.55,0.55,500,84900
NIFTY,25NOV21,15300,PE,2021-11-24,12:20:59,0.6,0.65,0.55,0.65,1050,84850
NIFTY,25NOV21,15300,PE,2021-11-24,12:24:59,0.6,0.6,0.6,0.6,50,84850
NIFTY,25NOV21,15300,PE,2021-11-24,12:25:59,0.6,0.6,0.55,0.55,1150,84850
NIFTY,25NOV21,15300,PE,2021-11-24,12:26:59,0.6,0.6,0.6,0.6,100,84850
NIFTY,25NOV21,15300,PE,2021-11-24,12:27:59,0.6,0.6,0.55,0.6,1300,85050
NIFTY,25NOV21,15300,PE,2021-11-24,12:29:59,0.6,0.65,0.55,0.65,2100,85050
NIFTY,25NOV21,15300,PE,2021-11-24,12:30:59,0.65,0.65,0.55,0.6,900,85050
NIFTY,25NOV21,15300,PE,2021-11-24,12:33:59,0.6,0.65,0.55,0.55,2300,85850
NIFTY,25NOV21,15300,PE,2021-11-24,12:34:59,0.6,0.65,0.55,0.6,55000,85850
NIFTY,25NOV21,15300,PE,2021-11-24,12:35:59,0.65,0.65,0.6,0.6,18350,85850
NIFTY,25NOV21,15300,PE,2021-11-24,12:48:59,0.55,0.55,0.55,0.55,300,87800
NIFTY,25NOV21,15300,PE,2021-11-24,12:49:59,0.55,0.55,0.55,0.55,200,87900
NIFTY,25NOV21,15300,PE,2021-11-24,12:51:59,0.55,0.55,0.55,0.55,300,87700
NIFTY,25NOV21,15300,PE,2021-11-24,12:56:59,0.6,0.6,0.6,0.6,700,87650
NIFTY,25NOV21,15300,PE,2021-11-24,12:57:59,0.6,0.6,0.6,0.6,600,87000
NIFTY,25NOV21,15300,PE,2021-11-24,13:06:59,0.6,0.6,0.55,0.55,200,87000
NIFTY,25NOV21,15300,PE,2021-11-24,13:13:59,0.6,0.6,0.6,0.6,500,86900
NIFTY,25NOV21,15300,PE,2021-11-24,13:14:59,0.6,0.6,0.6,0.6,64500,86900
NIFTY,25NOV21,15300,PE,2021-11-24,13:15:59,0.6,0.6,0.6,0.6,105200,122050
NIFTY,25NOV21,15300,PE,2021-11-24,13:16:59,0.6,0.6,0.6,0.6,46500,122050
NIFTY,25NOV21,15300,PE,2021-11-24,13:17:59,0.6,0.6,0.6,0.6,200,122050
NIFTY,25NOV21,15300,PE,2021-11-24,13:18:59,0.55,0.55,0.55,0.55,50,122050
NIFTY,25NOV21,15300,PE,2021-11-24,13:32:59,0.6,0.6,0.6,0.6,100,91150
NIFTY,25NOV21,15300,PE,2021-11-24,13:34:59,0.55,0.55,0.55,0.55,1800,91150
NIFTY,25NOV21,15300,PE,2021-11-24,13:40:59,0.6,0.6,0.55,0.55,800,89350
NIFTY,25NOV21,15300,PE,2021-11-24,13:54:59,0.55,0.55,0.55,0.55,4250,87150
NIFTY,25NOV21,15300,PE,2021-11-24,14:06:59,0.6,0.6,0.6,0.6,1100,86050
NIFTY,25NOV21,15300,PE,2021-11-24,14:10:59,0.6,0.6,0.6,0.6,50,86050
NIFTY,25NOV21,15300,PE,2021-11-24,14:12:59,0.55,0.55,0.55,0.55,150,86050
NIFTY,25NOV21,15300,PE,2021-11-24,14:16:59,0.6,0.6,0.6,0.6,1400,85900
NIFTY,25NOV21,15300,PE,2021-11-24,14:17:59,0.65,0.65,0.65,0.65,1100,85900
NIFTY,25NOV21,15300,PE,2021-11-24,14:21:59,0.65,0.65,0.65,0.65,1100,86100
NIFTY,25NOV21,15300,PE,2021-11-24,14:22:59,0.55,0.55,0.55,0.55,50,87200
NIFTY,25NOV21,15300,PE,2021-11-24,14:24:59,0.55,0.55,0.55,0.55,700,87200
NIFTY,25NOV21,15300,PE,2021-11-24,14:34:59,0.55,0.55,0.55,0.55,150,86500
NIFTY,25NOV21,15300,PE,2021-11-24,14:35:59,0.55,0.55,0.55,0.55,1050,86500
NIFTY,25NOV21,15300,PE,2021-11-24,14:41:59,0.5,0.5,0.5,0.5,1000,85300
NIFTY,25NOV21,15300,PE,2021-11-24,14:44:59,0.5,0.5,0.5,0.5,50,84400
NIFTY,25NOV21,15300,PE,2021-11-24,14:45:59,0.4,0.5,0.4,0.5,150,84400
NIFTY,25NOV21,15300,PE,2021-11-24,14:47:59,0.5,0.5,0.5,0.5,50,84450
NIFTY,25NOV21,15300,PE,2021-11-24,14:51:59,0.5,0.5,0.5,0.5,50,84500
NIFTY,25NOV21,15300,PE,2021-11-24,14:52:59,0.45,0.45,0.45,0.45,50,84550
NIFTY,25NOV21,15300,PE,2021-11-24,14:54:59,0.5,0.5,0.5,0.5,50,84550
NIFTY,25NOV21,15300,PE,2021-11-24,14:57:59,0.45,0.45,0.45,0.45,100,84600
NIFTY,25NOV21,15300,PE,2021-11-24,14:58:59,0.4,0.45,0.4,0.45,1550,84500
NIFTY,25NOV21,15300,PE,2021-11-24,14:59:59,0.45,0.45,0.45,0.45,50,84500
NIFTY,25NOV21,15300,PE,2021-11-24,15:00:59,0.45,0.45,0.45,0.45,400,84500
NIFTY,25NOV21,15300,PE,2021-11-24,15:03:59,0.4,0.4,0.4,0.4,1200,84500
NIFTY,25NOV21,15300,PE,2021-11-24,15:10:59,0.4,0.4,0.4,0.4,900,82850
NIFTY,25NOV21,15300,PE,2021-11-24,15:12:59,0.4,0.4,0.4,0.4,100,82850
NIFTY,25NOV21,15300,PE,2021-11-24,15:13:59,0.4,0.4,0.4,0.4,50,82800
NIFTY,25NOV21,15300,PE,2021-11-24,15:15:59,0.4,0.4,0.4,0.4,50,82800
NIFTY,25NOV21,15300,PE,2021-11-24,15:16:59,0.4,0.4,0.4,0.4,50,82850
NIFTY,25NOV21,15300,PE,2021-11-24,15:19:59,0.45,0.45,0.45,0.45,1050,82800
NIFTY,25NOV21,15300,PE,2021-11-24,15:20:59,0.55,0.55,0.55,0.55,300,82800
NIFTY,25NOV21,15300,PE,2021-11-24,15:22:59,0.45,0.45,0.45,0.45,650,81550
NIFTY,25NOV21,15300,PE,2021-11-24,15:25:59,0.4,0.4,0.4,0.4,700,81750
NIFTY,25NOV21,15300,PE,2021-11-24,15:26:59,0.4,0.5,0.4,0.4,600,81750
NIFTY,25NOV21,15300,PE,2021-11-24,15:27:59,0.5,0.5,0.5,0.5,300,81750
NIFTY,25NOV21,15300,PE,2021-11-24,15:28:59,0.6,0.8,0.6,0.8,1950,80250
NIFTY,25NOV21,15300,PE,2021-11-24,15:30:00,0.7,0.75,0.45,0.45,1200,80250
NIFTY,25NOV21,15300,PE,2021-11-25,09:15:59,0.4,0.45,0.4,0.45,700,78700
NIFTY,25NOV21,15300,PE,2021-11-25,09:17:59,0.45,0.5,0.45,0.45,1200,79050
NIFTY,25NOV21,15300,PE,2021-11-25,09:19:59,0.45,0.45,0.45,0.45,200,79050
NIFTY,25NOV21,15300,PE,2021-11-25,09:20:59,0.45,0.5,0.35,0.5,6150,80000
NIFTY,25NOV21,15300,PE,2021-11-25,09:22:59,0.5,0.5,0.5,0.5,50,80000
NIFTY,25NOV21,15300,PE,2021-11-25,09:23:59,0.45,0.5,0.45,0.5,1200,79150
NIFTY,25NOV21,15300,PE,2021-11-25,09:24:59,0.5,0.55,0.45,0.55,8850,79150
NIFTY,25NOV21,15300,PE,2021-11-25,09:25:59,0.45,0.65,0.4,0.5,2300,79150
NIFTY,25NOV21,15300,PE,2021-11-25,09:26:59,0.65,0.65,0.55,0.55,1400,80450
NIFTY,25NOV21,15300,PE,2021-11-25,09:30:59,0.55,0.55,0.55,0.55,300,80000
NIFTY,25NOV21,15300,PE,2021-11-25,09:31:59,0.55,0.55,0.55,0.55,50,80000
NIFTY,25NOV21,15300,PE,2021-11-25,09:32:59,0.55,0.55,0.55,0.55,50,80000
NIFTY,25NOV21,15300,PE,2021-11-25,09:40:59,0.5,0.5,0.5,0.5,2550,79950
NIFTY,25NOV21,15300,PE,2021-11-25,09:45:59,0.5,0.5,0.5,0.5,50,78400
NIFTY,25NOV21,15300,PE,2021-11-25,09:46:59,0.4,0.4,0.4,0.4,100,78400
NIFTY,25NOV21,15300,PE,2021-11-25,09:50:59,0.45,0.45,0.45,0.45,50,78400
NIFTY,25NOV21,15300,PE,2021-11-25,10:04:59,0.45,0.45,0.45,0.45,500,78100
NIFTY,25NOV21,15300,PE,2021-11-25,10:10:59,0.45,0.45,0.45,0.45,100,78550
NIFTY,25NOV21,15300,PE,2021-11-25,10:15:59,0.4,0.45,0.4,0.45,1150,78650
NIFTY,25NOV21,15300,PE,2021-11-25,10:17:59,0.45,0.45,0.45,0.45,500,78650
NIFTY,25NOV21,15300,PE,2021-11-25,10:19:59,0.4,0.4,0.4,0.4,100,79200
NIFTY,25NOV21,15300,PE,2021-11-25,10:26:59,0.45,0.45,0.45,0.45,50,79200
NIFTY,25NOV21,15300,PE,2021-11-25,10:37:59,0.45,0.45,0.45,0.45,650,79250
NIFTY,25NOV21,15300,PE,2021-11-25,10:51:59,0.4,0.4,0.4,0.4,2200,79550
NIFTY,25NOV21,15300,PE,2021-11-25,10:59:59,0.4,0.4,0.4,0.4,500,79950
NIFTY,25NOV21,15300,PE,2021-11-25,11:00:59,0.5,0.5,0.5,0.5,2200,79950
NIFTY,25NOV21,15300,PE,2021-11-25,11:01:59,0.45,0.45,0.45,0.45,700,79950
NIFTY,25NOV21,15300,PE,2021-11-25,11:13:59,0.45,0.45,0.45,0.45,50,82050
NIFTY,25NOV21,15300,PE,2021-11-25,11:16:59,0.45,0.45,0.45,0.45,150,82050
NIFTY,25NOV21,15300,PE,2021-11-25,11:18:59,0.4,0.4,0.4,0.4,150,82050
NIFTY,25NOV21,15300,PE,2021-11-25,11:26:59,0.4,0.4,0.4,0.4,650,81900
NIFTY,25NOV21,15300,PE,2021-11-25,11:28:59,0.4,0.4,0.4,0.4,1800,81900
NIFTY,25NOV21,15300,PE,2021-11-25,11:33:59,0.4,0.4,0.4,0.4,650,82000
NIFTY,25NOV21,15300,PE,2021-11-25,11:38:59,0.4,0.4,0.4,0.4,300,82000
NIFTY,25NOV21,15300,PE,2021-11-25,11:41:59,0.45,0.45,0.45,0.45,50,82000
NIFTY,25NOV21,15300,PE,2021-11-25,11:46:59,0.45,0.45,0.45,0.45,50,82000
NIFTY,25NOV21,15300,PE,2021-11-25,11:49:59,0.45,0.45,0.45,0.45,1100,82000
NIFTY,25NOV21,15300,PE,2021-11-25,11:50:59,0.5,0.5,0.5,0.5,50,82000
NIFTY,25NOV21,15300,PE,2021-11-25,11:52:59,0.35,0.35,0.35,0.35,1000,82450
NIFTY,25NOV21,15300,PE,2021-11-25,11:54:59,0.45,0.45,0.45,0.45,1700,82000
NIFTY,25NOV21,15300,PE,2021-11-25,11:55:59,0.45,0.5,0.45,0.45,3300,82000
NIFTY,25NOV21,15300,PE,2021-11-25,11:59:59,0.4,0.4,0.4,0.4,2150,85350
NIFTY,25NOV21,15300,PE,2021-11-25,12:02:59,0.3,0.35,0.25,0.25,8550,85400
NIFTY,25NOV21,15300,PE,2021-11-25,12:03:59,0.25,0.25,0.25,0.25,50,84800
NIFTY,25NOV21,15300,PE,2021-11-25,12:05:59,0.25,0.25,0.25,0.25,50,84800
NIFTY,25NOV21,15300,PE,2021-11-25,12:13:59,0.25,0.25,0.25,0.25,50,84800
NIFTY,25NOV21,15300,PE,2021-11-25,12:17:59,0.35,0.35,0.35,0.35,100,84300
NIFTY,25NOV21,15300,PE,2021-11-25,12:20:59,0.25,0.25,0.25,0.25,200,84200
NIFTY,25NOV21,15300,PE,2021-11-25,12:23:59,0.3,0.35,0.3,0.3,4750,84200
NIFTY,25NOV21,15300,PE,2021-11-25,12:24:59,0.3,0.35,0.3,0.35,800,84850
NIFTY,25NOV21,15300,PE,2021-11-25,12:28:59,0.35,0.35,0.35,0.35,1300,84600
NIFTY,25NOV21,15300,PE,2021-11-25,12:29:59,0.35,0.35,0.35,0.35,200,84600
NIFTY,25NOV21,15300,PE,2021-11-25,12:50:59,0.3,0.3,0.3,0.3,1000,86050
NIFTY,25NOV21,15300,PE,2021-11-25,12:55:59,0.3,0.3,0.3,0.3,750,86550
NIFTY,25NOV21,15300,PE,2021-11-25,12:56:59,0.3,0.3,0.3,0.3,550,86550
NIFTY,25NOV21,15300,PE,2021-11-25,13:02:59,0.3,0.3,0.3,0.3,1550,86750
NIFTY,25NOV21,15300,PE,2021-11-25,13:19:59,0.35,0.35,0.35,0.35,2200,86750
NIFTY,25NOV21,15300,PE,2021-11-25,13:23:59,0.35,0.35,0.35,0.35,1400,88950
NIFTY,25NOV21,15300,PE,2021-11-25,13:24:59,0.25,0.25,0.25,0.25,3000,88950
NIFTY,25NOV21,15300,PE,2021-11-25,13:26:59,0.25,0.25,0.25,0.25,50,88950
NIFTY,25NOV21,15300,PE,2021-11-25,13:30:59,0.25,0.25,0.25,0.25,50,88900
NIFTY,25NOV21,15300,PE,2021-11-25,13:32:59,0.25,0.25,0.25,0.25,150,88850
NIFTY,25NOV21,15300,PE,2021-11-25,13:37:59,0.3,0.3,0.3,0.3,150,88700
NIFTY,25NOV21,15300,PE,2021-11-25,13:38:59,0.3,0.3,0.3,0.3,5500,88700
NIFTY,25NOV21,15300,PE,2021-11-25,13:39:59,0.3,0.3,0.3,0.3,3100,94650
NIFTY,25NOV21,15300,PE,2021-11-25,13:40:59,0.3,0.3,0.3,0.3,4250,94650
NIFTY,25NOV21,15300,PE,2021-11-25,13:42:59,0.25,0.25,0.25,0.25,2100,94650
NIFTY,25NOV21,15300,PE,2021-11-25,13:47:59,0.25,0.25,0.25,0.25,400,89050
NIFTY,25NOV21,15300,PE,2021-11-25,13:53:59,0.2,0.2,0.2,0.2,250,89400
NIFTY,25NOV21,15300,PE,2021-11-25,13:59:59,0.2,0.2,0.2,0.2,150,89150
NIFTY,25NOV21,15300,PE,2021-11-25,14:02:59,0.2,0.2,0.2,0.2,900,89000
NIFTY,25NOV21,15300,PE,2021-11-25,14:05:59,0.2,0.2,0.2,0.2,150,89000
NIFTY,25NOV21,15300,PE,2021-11-25,14:06:59,0.3,0.3,0.3,0.3,450,89000
NIFTY,25NOV21,15300,PE,2021-11-25,14:07:59,0.2,0.2,0.2,0.2,450,89000
NIFTY,25NOV21,15300,PE,2021-11-25,14:14:59,0.25,0.25,0.25,0.25,2700,89000
NIFTY,25NOV21,15300,PE,2021-11-25,14:17:59,0.25,0.25,0.25,0.25,1100,90000
NIFTY,25NOV21,15300,PE,2021-11-25,14:19:59,0.25,0.25,0.25,0.25,1800,90800
NIFTY,25NOV21,15300,PE,2021-11-25,14:21:59,0.25,0.25,0.25,0.25,6450,89850
NIFTY,25NOV21,15300,PE,2021-11-25,14:22:59,0.25,0.25,0.15,0.15,9200,89850
NIFTY,25NOV21,15300,PE,2021-11-25,14:23:59,0.15,0.25,0.15,0.2,7400,89850
NIFTY,25NOV21,15300,PE,2021-11-25,14:28:59,0.25,0.25,0.25,0.25,1100,90200
NIFTY,25NOV21,15300,PE,2021-11-25,14:34:59,0.2,0.2,0.2,0.2,800,90550
NIFTY,25NOV21,15300,PE,2021-11-25,14:39:59,0.2,0.2,0.2,0.2,50,90750
NIFTY,25NOV21,15300,PE,2021-11-25,14:45:59,0.2,0.2,0.2,0.2,1800,90800
NIFTY,25NOV21,15300,PE,2021-11-25,14:48:59,0.15,0.15,0.15,0.15,300,90800
NIFTY,25NOV21,15300,PE,2021-11-25,14:50:59,0.15,0.15,0.15,0.15,2300,90800
NIFTY,25NOV21,15300,PE,2021-11-25,14:54:59,0.15,0.15,0.15,0.15,4250,94700
NIFTY,25NOV21,15300,PE,2021-11-25,14:55:59,0.15,0.15,0.15,0.15,10750,94700
NIFTY,25NOV21,15300,PE,2021-11-25,14:56:59,0.15,0.15,0.15,0.15,50,94700
NIFTY,25NOV21,15300,PE,2021-11-25,15:00:59,0.15,0.15,0.15,0.15,1100,106400
NIFTY,25NOV21,15300,PE,2021-11-25,15:01:59,0.15,0.15,0.15,0.15,700,106400
NIFTY,25NOV21,15300,PE,2021-11-25,15:02:59,0.2,0.2,0.2,0.2,2500,106400
NIFTY,25NOV21,15300,PE,2021-11-25,15:03:59,0.15,0.15,0.15,0.15,2500,106400
NIFTY,25NOV21,15300,PE,2021-11-25,15:04:59,0.15,0.15,0.1,0.15,7300,108800
NIFTY,25NOV21,15300,PE,2021-11-25,15:05:59,0.15,0.15,0.15,0.15,7750,108800
NIFTY,25NOV21,15300,PE,2021-11-25,15:08:59,0.15,0.15,0.15,0.15,1500,94650
NIFTY,25NOV21,15300,PE,2021-11-25,15:09:59,0.15,0.15,0.15,0.15,600,94650
NIFTY,25NOV21,15300,PE,2021-11-25,15:10:59,0.15,0.15,0.15,0.15,1000,95950
NIFTY,25NOV21,15300,PE,2021-11-25,15:15:59,0.1,0.1,0.1,0.1,6300,96950
NIFTY,25NOV21,15300,PE,2021-11-25,15:17:59,0.1,0.1,0.05,0.1,10200,90700
NIFTY,25NOV21,15300,PE,2021-11-25,15:18:59,0.1,0.15,0.05,0.15,30800,90000
NIFTY,25NOV21,15300,PE,2021-11-25,15:19:59,0.15,0.15,0.1,0.1,1550,90000
NIFTY,25NOV21,15300,PE,2021-11-25,15:20:59,0.1,0.1,0.05,0.05,2350,90000
NIFTY,25NOV21,15300,PE,2021-11-25,15:23:59,0.1,0.1,0.05,0.05,3700,88950
NIFTY,25NOV21,15300,PE,2021-11-25,15:24:59,0.05,0.05,0.05,0.05,2850,88950
NIFTY,25NOV21,15300,PE,2021-11-25,15:25:59,0.05,0.1,0.05,0.05,5800,84200
NIFTY,25NOV21,15300,PE,2021-11-25,15:26:59,0.05,0.05,0.05,0.05,3600,84200
NIFTY,25NOV21,15300,PE,2021-11-25,15:30:00,0.1,0.1,0.05,0.05,800,79050
