datetime,Symbol,Expiry,Strike,OptionType,Date,Time,Open,High,Low,Close,Volume,OI,Underlying Value
2021-03-19 09:15:59,NIFTY,25MAR21,13400,CE,2021-03-19,09:15:59,1060.75,1060.75,1060.75,1060.75,0,0,14479.1
2021-03-19 09:16:59,NIFTY,25MAR21,13400,CE,2021-03-19,09:16:59,1060.75,1060.75,1060.75,1060.75,0,0,14471.75
2021-03-19 09:17:59,NIFTY,25MAR21,13400,CE,2021-03-19,09:17:59,1060.75,1060.75,1060.75,1060.75,0,0,14452.15
2021-03-19 09:18:59,NIFTY,25MAR21,13400,CE,2021-03-19,09:18:59,1060.75,1060.75,1060.75,1060.75,0,0,14438.65
2021-03-19 09:19:59,NIFTY,25MAR21,13400,CE,2021-03-19,09:19:59,1060.75,1060.75,1060.75,1060.75,0,0,14419.2
2021-03-19 09:20:59,NIFTY,25MAR21,13400,CE,2021-03-19,09:20:59,1060.75,1060.75,1060.75,1060.75,0,0,14442.15
2021-03-19 09:21:59,NIFTY,25MAR21,13400,CE,2021-03-19,09:21:59,1160.25,1160.25,1160.25,1160.25,0,0,14443.35
2021-03-19 09:22:59,NIFTY,25MAR21,13400,CE,2021-03-19,09:22:59,1160.25,1160.25,1160.25,1160.25,0,0,14450.7
2021-03-19 09:23:59,NIFTY,25MAR21,13400,CE,2021-03-19,09:23:59,1160.25,1160.25,1160.25,1160.25,0,0,14444.35
2021-03-19 09:24:59,NIFTY,25MAR21,13400,CE,2021-03-19,09:24:59,1160.25,1160.25,1160.25,1160.25,0,0,14437.2
2021-03-19 09:25:59,NIFTY,25MAR21,13400,CE,2021-03-19,09:25:59,1160.25,1160.25,1160.25,1160.25,0,0,14426.95
2021-03-19 09:26:59,NIFTY,25MAR21,13400,CE,2021-03-19,09:26:59,1160.25,1160.25,1160.25,1160.25,0,0,14408.45
2021-03-19 09:27:59,NIFTY,25MAR21,13400,CE,2021-03-19,09:27:59,1160.25,1160.25,1160.25,1160.25,0,0,14383.45
2021-03-19 09:28:59,NIFTY,25MAR21,13400,CE,2021-03-19,09:28:59,1160.25,1160.25,1160.25,1160.25,0,0,14384.65
2021-03-19 09:29:59,NIFTY,25MAR21,13400,CE,2021-03-19,09:29:59,1160.25,1160.25,1160.25,1160.25,0,0,14376.2
2021-03-19 09:30:59,NIFTY,25MAR21,13400,CE,2021-03-19,09:30:59,1160.25,1160.25,1160.25,1160.25,0,0,14361.9
2021-03-19 09:31:59,NIFTY,25MAR21,13400,CE,2021-03-19,09:31:59,1160.25,1160.25,1160.25,1160.25,0,0,14363.05
2021-03-19 09:32:59,NIFTY,25MAR21,13400,CE,2021-03-19,09:32:59,1160.25,1160.25,1160.25,1160.25,0,0,14377.9
2021-03-19 09:33:59,NIFTY,25MAR21,13400,CE,2021-03-19,09:33:59,1160.25,1160.25,1160.25,1160.25,0,0,14376.2
2021-03-19 09:34:59,NIFTY,25MAR21,13400,CE,2021-03-19,09:34:59,1160.25,1160.25,1160.25,1160.25,0,0,14394.8
2021-03-19 09:35:59,NIFTY,25MAR21,13400,CE,2021-03-19,09:35:59,1160.25,1160.25,1160.25,1160.25,0,0,14409.9
2021-03-19 09:36:59,NIFTY,25MAR21,13400,CE,2021-03-19,09:36:59,1160.25,1160.25,1160.25,1160.25,0,0,14385.05
2021-03-19 09:37:59,NIFTY,25MAR21,13400,CE,2021-03-19,09:37:59,1160.25,1160.25,1160.25,1160.25,0,0,14385.6
2021-03-19 09:38:59,NIFTY,25MAR21,13400,CE,2021-03-19,09:38:59,1160.25,1160.25,1160.25,1160.25,0,0,14411.95
2021-03-19 09:39:59,NIFTY,25MAR21,13400,CE,2021-03-19,09:39:59,1160.25,1160.25,1160.25,1160.25,0,0,14404.55
2021-03-19 09:40:59,NIFTY,25MAR21,13400,CE,2021-03-19,09:40:59,1160.25,1160.25,1160.25,1160.25,0,0,14423.1
2021-03-19 09:41:59,NIFTY,25MAR21,13400,CE,2021-03-19,09:41:59,1160.25,1160.25,1160.25,1160.25,0,0,14427.2
2021-03-19 09:42:59,NIFTY,25MAR21,13400,CE,2021-03-19,09:42:59,1160.25,1160.25,1160.25,1160.25,0,0,14427.45
2021-03-19 09:43:59,NIFTY,25MAR21,13400,CE,2021-03-19,09:43:59,1160.25,1160.25,1160.25,1160.25,0,0,14430.45
2021-03-19 09:44:59,NIFTY,25MAR21,13400,CE,2021-03-19,09:44:59,1160.25,1160.25,1160.25,1160.25,0,0,14420.7
2021-03-19 09:45:59,NIFTY,25MAR21,13400,CE,2021-03-19,09:45:59,1160.25,1160.25,1160.25,1160.25,0,0,14407.6
2021-03-19 09:46:59,NIFTY,25MAR21,13400,CE,2021-03-19,09:46:59,1160.25,1160.25,1160.25,1160.25,0,0,14414.6
2021-03-19 09:47:59,NIFTY,25MAR21,13400,CE,2021-03-19,09:47:59,1160.25,1160.25,1160.25,1160.25,0,0,14434.7
2021-03-19 09:48:59,NIFTY,25MAR21,13400,CE,2021-03-19,09:48:59,1160.25,1160.25,1160.25,1160.25,0,0,14441.1
2021-03-19 09:49:59,NIFTY,25MAR21,13400,CE,2021-03-19,09:49:59,1160.25,1160.25,1160.25,1160.25,0,0,14429.25
2021-03-19 09:50:59,NIFTY,25MAR21,13400,CE,2021-03-19,09:50:59,1160.25,1160.25,1160.25,1160.25,0,0,14443.85
2021-03-19 09:51:59,NIFTY,25MAR21,13400,CE,2021-03-19,09:51:59,1160.25,1160.25,1160.25,1160.25,0,0,14437.8
2021-03-19 09:52:59,NIFTY,25MAR21,13400,CE,2021-03-19,09:52:59,1160.25,1160.25,1160.25,1160.25,0,0,14448.25
2021-03-19 09:53:59,NIFTY,25MAR21,13400,CE,2021-03-19,09:53:59,1160.25,1160.25,1160.25,1160.25,0,0,14457.55
2021-03-19 09:54:59,NIFTY,25MAR21,13400,CE,2021-03-19,09:54:59,1160.25,1160.25,1160.25,1160.25,0,0,14467.85
2021-03-19 09:55:59,NIFTY,25MAR21,13400,CE,2021-03-19,09:55:59,1160.25,1160.25,1160.25,1160.25,0,0,14462.35
2021-03-19 09:56:59,NIFTY,25MAR21,13400,CE,2021-03-19,09:56:59,1160.25,1160.25,1160.25,1160.25,0,0,14453.6
2021-03-19 09:57:59,NIFTY,25MAR21,13400,CE,2021-03-19,09:57:59,1160.25,1160.25,1160.25,1160.25,0,0,14467.65
2021-03-19 09:58:59,NIFTY,25MAR21,13400,CE,2021-03-19,09:58:59,1160.25,1160.25,1160.25,1160.25,0,0,14456.9
2021-03-19 09:59:59,NIFTY,25MAR21,13400,CE,2021-03-19,09:59:59,1160.25,1160.25,1160.25,1160.25,0,0,14468.8
2021-03-19 10:00:59,NIFTY,25MAR21,13400,CE,2021-03-19,10:00:59,1160.25,1160.25,1160.25,1160.25,0,0,14456.0
2021-03-19 10:01:59,NIFTY,25MAR21,13400,CE,2021-03-19,10:01:59,1160.25,1160.25,1160.25,1160.25,0,0,14447.0
2021-03-19 10:02:59,NIFTY,25MAR21,13400,CE,2021-03-19,10:02:59,1160.25,1160.25,1160.25,1160.25,0,0,14463.1
2021-03-19 10:03:59,NIFTY,25MAR21,13400,CE,2021-03-19,10:03:59,1160.25,1160.25,1160.25,1160.25,0,0,14480.5
2021-03-19 10:04:59,NIFTY,25MAR21,13400,CE,2021-03-19,10:04:59,1160.25,1160.25,1160.25,1160.25,0,0,14474.4
2021-03-19 10:05:59,NIFTY,25MAR21,13400,CE,2021-03-19,10:05:59,1160.25,1160.25,1160.25,1160.25,0,0,14473.0
2021-03-19 10:06:59,NIFTY,25MAR21,13400,CE,2021-03-19,10:06:59,1160.25,1160.25,1160.25,1160.25,0,0,14485.55
2021-03-19 10:07:59,NIFTY,25MAR21,13400,CE,2021-03-19,10:07:59,1160.25,1160.25,1160.25,1160.25,0,0,14496.4
2021-03-19 10:08:59,NIFTY,25MAR21,13400,CE,2021-03-19,10:08:59,1160.25,1160.25,1160.25,1160.25,0,0,14491.1
2021-03-19 10:09:59,NIFTY,25MAR21,13400,CE,2021-03-19,10:09:59,1160.25,1160.25,1160.25,1160.25,0,0,14507.55
2021-03-19 10:10:59,NIFTY,25MAR21,13400,CE,2021-03-19,10:10:59,1160.25,1160.25,1160.25,1160.25,0,0,14507.75
2021-03-19 10:11:59,NIFTY,25MAR21,13400,CE,2021-03-19,10:11:59,1160.25,1160.25,1160.25,1160.25,0,0,14503.95
2021-03-19 10:12:59,NIFTY,25MAR21,13400,CE,2021-03-19,10:12:59,1160.25,1160.25,1160.25,1160.25,0,0,14510.95
2021-03-19 10:13:59,NIFTY,25MAR21,13400,CE,2021-03-19,10:13:59,1160.25,1160.25,1160.25,1160.25,0,0,14506.85
2021-03-19 10:14:59,NIFTY,25MAR21,13400,CE,2021-03-19,10:14:59,1160.25,1160.25,1160.25,1160.25,0,0,14501.35
2021-03-19 10:15:59,NIFTY,25MAR21,13400,CE,2021-03-19,10:15:59,1160.25,1160.25,1160.25,1160.25,0,0,14510.8
2021-03-19 10:16:59,NIFTY,25MAR21,13400,CE,2021-03-19,10:16:59,1160.25,1160.25,1160.25,1160.25,0,0,14478.55
2021-03-19 10:17:59,NIFTY,25MAR21,13400,CE,2021-03-19,10:17:59,1160.25,1160.25,1160.25,1160.25,0,0,14493.0
2021-03-19 10:18:59,NIFTY,25MAR21,13400,CE,2021-03-19,10:18:59,1160.25,1160.25,1160.25,1160.25,0,0,14482.85
2021-03-19 10:19:59,NIFTY,25MAR21,13400,CE,2021-03-19,10:19:59,1160.25,1160.25,1160.25,1160.25,0,0,14485.1
2021-03-19 10:20:59,NIFTY,25MAR21,13400,CE,2021-03-19,10:20:59,1160.25,1160.25,1160.25,1160.25,0,0,14462.15
2021-03-19 10:21:59,NIFTY,25MAR21,13400,CE,2021-03-19,10:21:59,1160.25,1160.25,1160.25,1160.25,0,0,14468.95
2021-03-19 10:22:59,NIFTY,25MAR21,13400,CE,2021-03-19,10:22:59,1160.25,1160.25,1160.25,1160.25,0,0,14478.15
2021-03-19 10:23:59,NIFTY,25MAR21,13400,CE,2021-03-19,10:23:59,1160.25,1160.25,1160.25,1160.25,0,0,14497.65
2021-03-19 10:24:59,NIFTY,25MAR21,13400,CE,2021-03-19,10:24:59,1160.25,1160.25,1160.25,1160.25,0,0,14521.0
2021-03-19 10:25:59,NIFTY,25MAR21,13400,CE,2021-03-19,10:25:59,1160.25,1160.25,1160.25,1160.25,0,0,14530.5
2021-03-19 10:26:59,NIFTY,25MAR21,13400,CE,2021-03-19,10:26:59,1160.25,1160.25,1160.25,1160.25,0,0,14518.9
2021-03-19 10:27:59,NIFTY,25MAR21,13400,CE,2021-03-19,10:27:59,1160.25,1160.25,1160.25,1160.25,0,0,14534.75
2021-03-19 10:28:59,NIFTY,25MAR21,13400,CE,2021-03-19,10:28:59,1160.25,1160.25,1160.25,1160.25,0,0,14525.45
2021-03-19 10:29:59,NIFTY,25MAR21,13400,CE,2021-03-19,10:29:59,1160.25,1160.25,1160.25,1160.25,0,0,14525.7
2021-03-19 10:30:59,NIFTY,25MAR21,13400,CE,2021-03-19,10:30:59,1160.25,1160.25,1160.25,1160.25,0,0,14537.35
2021-03-19 10:31:59,NIFTY,25MAR21,13400,CE,2021-03-19,10:31:59,1160.25,1160.25,1160.25,1160.25,0,0,14518.85
2021-03-19 10:32:59,NIFTY,25MAR21,13400,CE,2021-03-19,10:32:59,1160.25,1160.25,1160.25,1160.25,0,0,14522.55
2021-03-19 10:33:59,NIFTY,25MAR21,13400,CE,2021-03-19,10:33:59,1160.25,1160.25,1160.25,1160.25,0,0,14518.2
2021-03-19 10:34:59,NIFTY,25MAR21,13400,CE,2021-03-19,10:34:59,1160.25,1160.25,1160.25,1160.25,0,0,14531.35
2021-03-19 10:35:59,NIFTY,25MAR21,13400,CE,2021-03-19,10:35:59,1160.25,1160.25,1160.25,1160.25,0,0,14541.5
2021-03-19 10:36:59,NIFTY,25MAR21,13400,CE,2021-03-19,10:36:59,1160.25,1160.25,1160.25,1160.25,0,0,14519.8
2021-03-19 10:37:59,NIFTY,25MAR21,13400,CE,2021-03-19,10:37:59,1160.25,1160.25,1160.25,1160.25,0,0,14520.7
2021-03-19 10:38:59,NIFTY,25MAR21,13400,CE,2021-03-19,10:38:59,1160.25,1160.25,1160.25,1160.25,0,0,14525.15
2021-03-19 10:39:59,NIFTY,25MAR21,13400,CE,2021-03-19,10:39:59,1160.25,1160.25,1160.25,1160.25,0,0,14529.75
2021-03-19 10:40:59,NIFTY,25MAR21,13400,CE,2021-03-19,10:40:59,1160.25,1160.25,1160.25,1160.25,0,0,14540.45
2021-03-19 10:41:59,NIFTY,25MAR21,13400,CE,2021-03-19,10:41:59,1160.25,1160.25,1160.25,1160.25,0,0,14535.95
2021-03-19 10:42:59,NIFTY,25MAR21,13400,CE,2021-03-19,10:42:59,1160.25,1160.25,1160.25,1160.25,0,0,14532.6
2021-03-19 10:43:59,NIFTY,25MAR21,13400,CE,2021-03-19,10:43:59,1160.25,1160.25,1160.25,1160.25,0,0,14532.35
2021-03-19 10:44:59,NIFTY,25MAR21,13400,CE,2021-03-19,10:44:59,1160.25,1160.25,1160.25,1160.25,0,0,14524.55
2021-03-19 10:45:59,NIFTY,25MAR21,13400,CE,2021-03-19,10:45:59,1160.25,1160.25,1160.25,1160.25,0,0,14514.05
2021-03-19 10:46:59,NIFTY,25MAR21,13400,CE,2021-03-19,10:46:59,1160.25,1160.25,1160.25,1160.25,0,0,14512.15
2021-03-19 10:47:59,NIFTY,25MAR21,13400,CE,2021-03-19,10:47:59,1160.25,1160.25,1160.25,1160.25,0,0,14540.1
2021-03-19 10:48:59,NIFTY,25MAR21,13400,CE,2021-03-19,10:48:59,1160.25,1160.25,1160.25,1160.25,0,0,14569.1
2021-03-19 10:49:59,NIFTY,25MAR21,13400,CE,2021-03-19,10:49:59,1160.25,1160.25,1160.25,1160.25,0,0,14573.9
2021-03-19 10:50:59,NIFTY,25MAR21,13400,CE,2021-03-19,10:50:59,1160.25,1160.25,1160.25,1160.25,0,0,14557.4
2021-03-19 10:51:59,NIFTY,25MAR21,13400,CE,2021-03-19,10:51:59,1160.25,1160.25,1160.25,1160.25,0,0,14557.1
2021-03-19 10:52:59,NIFTY,25MAR21,13400,CE,2021-03-19,10:52:59,1160.25,1160.25,1160.25,1160.25,0,0,14568.3
2021-03-19 10:53:59,NIFTY,25MAR21,13400,CE,2021-03-19,10:53:59,1160.25,1160.25,1160.25,1160.25,0,0,14583.55
2021-03-19 10:54:59,NIFTY,25MAR21,13400,CE,2021-03-19,10:54:59,1160.25,1160.25,1160.25,1160.25,0,0,14590.45
2021-03-19 10:55:59,NIFTY,25MAR21,13400,CE,2021-03-19,10:55:59,1160.25,1160.25,1160.25,1160.25,0,0,14585.85
2021-03-19 10:56:59,NIFTY,25MAR21,13400,CE,2021-03-19,10:56:59,1160.25,1160.25,1160.25,1160.25,0,0,14575.55
2021-03-19 10:57:59,NIFTY,25MAR21,13400,CE,2021-03-19,10:57:59,1160.25,1160.25,1160.25,1160.25,0,0,14572.1
2021-03-19 10:58:59,NIFTY,25MAR21,13400,CE,2021-03-19,10:58:59,1160.25,1160.25,1160.25,1160.25,0,0,14579.5
2021-03-19 10:59:59,NIFTY,25MAR21,13400,CE,2021-03-19,10:59:59,1160.25,1160.25,1160.25,1160.25,0,0,14598.9
2021-03-19 11:00:59,NIFTY,25MAR21,13400,CE,2021-03-19,11:00:59,1160.25,1160.25,1160.25,1160.25,0,0,14620.2
2021-03-19 11:01:59,NIFTY,25MAR21,13400,CE,2021-03-19,11:01:59,1160.25,1160.25,1160.25,1160.25,0,0,14615.0
2021-03-19 11:02:59,NIFTY,25MAR21,13400,CE,2021-03-19,11:02:59,1160.25,1160.25,1160.25,1160.25,0,0,14612.1
2021-03-19 11:03:59,NIFTY,25MAR21,13400,CE,2021-03-19,11:03:59,1160.25,1160.25,1160.25,1160.25,0,0,14626.65
2021-03-19 11:04:59,NIFTY,25MAR21,13400,CE,2021-03-19,11:04:59,1160.25,1160.25,1160.25,1160.25,0,0,14623.2
2021-03-19 11:05:59,NIFTY,25MAR21,13400,CE,2021-03-19,11:05:59,1160.25,1160.25,1160.25,1160.25,0,0,14636.9
2021-03-19 11:06:59,NIFTY,25MAR21,13400,CE,2021-03-19,11:06:59,1160.25,1160.25,1160.25,1160.25,0,0,14627.8
2021-03-19 11:07:59,NIFTY,25MAR21,13400,CE,2021-03-19,11:07:59,1160.25,1160.25,1160.25,1160.25,0,0,14621.1
2021-03-19 11:08:59,NIFTY,25MAR21,13400,CE,2021-03-19,11:08:59,1160.25,1160.25,1160.25,1160.25,0,0,14627.3
2021-03-19 11:09:59,NIFTY,25MAR21,13400,CE,2021-03-19,11:09:59,1160.25,1160.25,1160.25,1160.25,0,0,14610.3
2021-03-19 11:10:59,NIFTY,25MAR21,13400,CE,2021-03-19,11:10:59,1160.25,1160.25,1160.25,1160.25,0,0,14623.8
2021-03-19 11:11:59,NIFTY,25MAR21,13400,CE,2021-03-19,11:11:59,1160.25,1160.25,1160.25,1160.25,0,0,14630.0
2021-03-19 11:12:59,NIFTY,25MAR21,13400,CE,2021-03-19,11:12:59,1160.25,1160.25,1160.25,1160.25,0,0,14628.85
2021-03-19 11:13:59,NIFTY,25MAR21,13400,CE,2021-03-19,11:13:59,1160.25,1160.25,1160.25,1160.25,0,0,14629.0
2021-03-19 11:14:59,NIFTY,25MAR21,13400,CE,2021-03-19,11:14:59,1160.25,1160.25,1160.25,1160.25,0,0,14616.45
2021-03-19 11:15:59,NIFTY,25MAR21,13400,CE,2021-03-19,11:15:59,1160.25,1160.25,1160.25,1160.25,0,0,14607.0
2021-03-19 11:16:59,NIFTY,25MAR21,13400,CE,2021-03-19,11:16:59,1160.25,1160.25,1160.25,1160.25,0,0,14587.15
2021-03-19 11:17:59,NIFTY,25MAR21,13400,CE,2021-03-19,11:17:59,1160.25,1160.25,1160.25,1160.25,0,0,14585.75
2021-03-19 11:18:59,NIFTY,25MAR21,13400,CE,2021-03-19,11:18:59,1160.25,1160.25,1160.25,1160.25,0,0,14563.4
2021-03-19 11:19:59,NIFTY,25MAR21,13400,CE,2021-03-19,11:19:59,1160.25,1160.25,1160.25,1160.25,0,0,14584.7
2021-03-19 11:20:59,NIFTY,25MAR21,13400,CE,2021-03-19,11:20:59,1160.25,1160.25,1160.25,1160.25,0,0,14577.7
2021-03-19 11:21:59,NIFTY,25MAR21,13400,CE,2021-03-19,11:21:59,1160.25,1160.25,1160.25,1160.25,0,0,14585.0
2021-03-19 11:22:59,NIFTY,25MAR21,13400,CE,2021-03-19,11:22:59,1160.25,1160.25,1160.25,1160.25,0,0,14579.1
2021-03-19 11:23:59,NIFTY,25MAR21,13400,CE,2021-03-19,11:23:59,1160.25,1160.25,1160.25,1160.25,0,0,14583.65
2021-03-19 11:24:59,NIFTY,25MAR21,13400,CE,2021-03-19,11:24:59,1160.25,1160.25,1160.25,1160.25,0,0,14572.95
2021-03-19 11:25:59,NIFTY,25MAR21,13400,CE,2021-03-19,11:25:59,1160.25,1160.25,1160.25,1160.25,0,0,14549.95
2021-03-19 11:26:59,NIFTY,25MAR21,13400,CE,2021-03-19,11:26:59,1160.25,1160.25,1160.25,1160.25,0,0,14560.0
2021-03-19 11:27:59,NIFTY,25MAR21,13400,CE,2021-03-19,11:27:59,1160.25,1160.25,1160.25,1160.25,0,0,14566.35
2021-03-19 11:28:59,NIFTY,25MAR21,13400,CE,2021-03-19,11:28:59,1160.25,1160.25,1160.25,1160.25,0,0,14589.1
2021-03-19 11:29:59,NIFTY,25MAR21,13400,CE,2021-03-19,11:29:59,1160.25,1160.25,1160.25,1160.25,0,0,14580.55
2021-03-19 11:30:59,NIFTY,25MAR21,13400,CE,2021-03-19,11:30:59,1160.25,1160.25,1160.25,1160.25,0,0,14582.7
2021-03-19 11:31:59,NIFTY,25MAR21,13400,CE,2021-03-19,11:31:59,1160.25,1160.25,1160.25,1160.25,0,0,14574.45
2021-03-19 11:32:59,NIFTY,25MAR21,13400,CE,2021-03-19,11:32:59,1160.25,1160.25,1160.25,1160.25,0,0,14570.45
2021-03-19 11:33:59,NIFTY,25MAR21,13400,CE,2021-03-19,11:33:59,1160.25,1160.25,1160.25,1160.25,0,0,14561.3
2021-03-19 11:34:59,NIFTY,25MAR21,13400,CE,2021-03-19,11:34:59,1160.25,1160.25,1160.25,1160.25,0,0,14559.05
2021-03-19 11:35:59,NIFTY,25MAR21,13400,CE,2021-03-19,11:35:59,1160.25,1160.25,1160.25,1160.25,0,0,14545.5
2021-03-19 11:36:59,NIFTY,25MAR21,13400,CE,2021-03-19,11:36:59,1160.25,1160.25,1160.25,1160.25,0,0,14543.25
2021-03-19 11:37:59,NIFTY,25MAR21,13400,CE,2021-03-19,11:37:59,1160.25,1160.25,1160.25,1160.25,0,0,14564.4
2021-03-19 11:38:59,NIFTY,25MAR21,13400,CE,2021-03-19,11:38:59,1160.25,1160.25,1160.25,1160.25,0,0,14552.4
2021-03-19 11:39:59,NIFTY,25MAR21,13400,CE,2021-03-19,11:39:59,1160.25,1160.25,1160.25,1160.25,0,0,14548.7
2021-03-19 11:40:59,NIFTY,25MAR21,13400,CE,2021-03-19,11:40:59,1160.25,1160.25,1160.25,1160.25,0,0,14540.0
2021-03-19 11:41:59,NIFTY,25MAR21,13400,CE,2021-03-19,11:41:59,1160.25,1160.25,1160.25,1160.25,0,0,14534.25
2021-03-19 11:42:59,NIFTY,25MAR21,13400,CE,2021-03-19,11:42:59,1160.25,1160.25,1160.25,1160.25,0,0,14523.5
2021-03-19 11:43:59,NIFTY,25MAR21,13400,CE,2021-03-19,11:43:59,1159.3,1159.3,1159.3,1159.3,0,0,14519.55
2021-03-19 11:44:59,NIFTY,25MAR21,13400,CE,2021-03-19,11:44:59,1145.95,1145.95,1145.95,1145.95,0,0,14521.0
2021-03-19 11:45:59,NIFTY,25MAR21,13400,CE,2021-03-19,11:45:59,1172.85,1172.85,1172.85,1172.85,0,0,14510.95
2021-03-19 11:46:59,NIFTY,25MAR21,13400,CE,2021-03-19,11:46:59,1172.85,1172.85,1172.85,1172.85,0,0,14507.0
2021-03-19 11:47:59,NIFTY,25MAR21,13400,CE,2021-03-19,11:47:59,1172.85,1172.85,1172.85,1172.85,0,0,14513.5
2021-03-19 11:48:59,NIFTY,25MAR21,13400,CE,2021-03-19,11:48:59,1172.85,1172.85,1172.85,1172.85,0,0,14515.2
2021-03-19 11:49:59,NIFTY,25MAR21,13400,CE,2021-03-19,11:49:59,1172.85,1172.85,1172.85,1172.85,0,0,14532.5
2021-03-19 11:50:59,NIFTY,25MAR21,13400,CE,2021-03-19,11:50:59,1172.85,1172.85,1172.85,1172.85,0,0,14538.25
2021-03-19 11:51:59,NIFTY,25MAR21,13400,CE,2021-03-19,11:51:59,1172.85,1172.85,1172.85,1172.85,0,0,14533.1
2021-03-19 11:52:59,NIFTY,25MAR21,13400,CE,2021-03-19,11:52:59,1172.85,1172.85,1172.85,1172.85,0,0,14539.35
2021-03-19 11:53:59,NIFTY,25MAR21,13400,CE,2021-03-19,11:53:59,1172.85,1172.85,1172.85,1172.85,0,0,14550.05
2021-03-19 11:54:59,NIFTY,25MAR21,13400,CE,2021-03-19,11:54:59,1172.85,1172.85,1172.85,1172.85,0,0,14562.75
2021-03-19 11:55:59,NIFTY,25MAR21,13400,CE,2021-03-19,11:55:59,1172.85,1172.85,1172.85,1172.85,0,0,14562.65
2021-03-19 11:56:59,NIFTY,25MAR21,13400,CE,2021-03-19,11:56:59,1172.85,1172.85,1172.85,1172.85,0,0,14545.2
2021-03-19 11:57:59,NIFTY,25MAR21,13400,CE,2021-03-19,11:57:59,1172.85,1172.85,1172.85,1172.85,0,0,14552.15
2021-03-19 11:58:59,NIFTY,25MAR21,13400,CE,2021-03-19,11:58:59,1172.85,1172.85,1172.85,1172.85,0,0,14554.15
2021-03-19 11:59:59,NIFTY,25MAR21,13400,CE,2021-03-19,11:59:59,1172.85,1172.85,1172.85,1172.85,0,0,14563.35
2021-03-19 12:00:59,NIFTY,25MAR21,13400,CE,2021-03-19,12:00:59,1172.85,1172.85,1172.85,1172.85,0,0,14558.35
2021-03-19 12:01:59,NIFTY,25MAR21,13400,CE,2021-03-19,12:01:59,1172.85,1172.85,1172.85,1172.85,0,0,14549.7
2021-03-19 12:02:59,NIFTY,25MAR21,13400,CE,2021-03-19,12:02:59,1172.85,1172.85,1172.85,1172.85,0,0,14547.55
2021-03-19 12:03:59,NIFTY,25MAR21,13400,CE,2021-03-19,12:03:59,1172.85,1172.85,1172.85,1172.85,0,0,14533.85
2021-03-19 12:04:59,NIFTY,25MAR21,13400,CE,2021-03-19,12:04:59,1172.85,1172.85,1172.85,1172.85,0,0,14540.8
2021-03-19 12:05:59,NIFTY,25MAR21,13400,CE,2021-03-19,12:05:59,1172.85,1172.85,1172.85,1172.85,0,0,14544.95
2021-03-19 12:06:59,NIFTY,25MAR21,13400,CE,2021-03-19,12:06:59,1172.85,1172.85,1172.85,1172.85,0,0,14553.05
2021-03-19 12:07:59,NIFTY,25MAR21,13400,CE,2021-03-19,12:07:59,1172.85,1172.85,1172.85,1172.85,0,0,14537.75
2021-03-19 12:08:59,NIFTY,25MAR21,13400,CE,2021-03-19,12:08:59,1172.85,1172.85,1172.85,1172.85,0,0,14522.85
2021-03-19 12:09:59,NIFTY,25MAR21,13400,CE,2021-03-19,12:09:59,1172.85,1172.85,1172.85,1172.85,0,0,14529.5
2021-03-19 12:10:59,NIFTY,25MAR21,13400,CE,2021-03-19,12:10:59,1172.85,1172.85,1172.85,1172.85,0,0,14519.7
2021-03-19 12:11:59,NIFTY,25MAR21,13400,CE,2021-03-19,12:11:59,1172.85,1172.85,1172.85,1172.85,0,0,14525.65
2021-03-19 12:12:59,NIFTY,25MAR21,13400,CE,2021-03-19,12:12:59,1172.85,1172.85,1172.85,1172.85,0,0,14511.55
2021-03-19 12:13:59,NIFTY,25MAR21,13400,CE,2021-03-19,12:13:59,1172.85,1172.85,1172.85,1172.85,0,0,14512.8
2021-03-19 12:14:59,NIFTY,25MAR21,13400,CE,2021-03-19,12:14:59,1172.85,1172.85,1172.85,1172.85,0,0,14518.7
2021-03-19 12:15:59,NIFTY,25MAR21,13400,CE,2021-03-19,12:15:59,1172.85,1172.85,1172.85,1172.85,0,0,14507.05
2021-03-19 12:16:59,NIFTY,25MAR21,13400,CE,2021-03-19,12:16:59,1172.85,1172.85,1172.85,1172.85,0,0,14500.2
2021-03-19 12:17:59,NIFTY,25MAR21,13400,CE,2021-03-19,12:17:59,1172.85,1172.85,1172.85,1172.85,0,0,14506.75
2021-03-19 12:18:59,NIFTY,25MAR21,13400,CE,2021-03-19,12:18:59,1172.85,1172.85,1172.85,1172.85,0,0,14531.5
2021-03-19 12:19:59,NIFTY,25MAR21,13400,CE,2021-03-19,12:19:59,1172.85,1172.85,1172.85,1172.85,0,0,14534.8
2021-03-19 12:20:59,NIFTY,25MAR21,13400,CE,2021-03-19,12:20:59,1172.85,1172.85,1172.85,1172.85,0,0,14546.7
2021-03-19 12:21:59,NIFTY,25MAR21,13400,CE,2021-03-19,12:21:59,1172.85,1172.85,1172.85,1172.85,0,0,14533.6
2021-03-19 12:22:59,NIFTY,25MAR21,13400,CE,2021-03-19,12:22:59,1172.85,1172.85,1172.85,1172.85,0,0,14530.75
2021-03-19 12:23:59,NIFTY,25MAR21,13400,CE,2021-03-19,12:23:59,1172.85,1172.85,1172.85,1172.85,0,0,14533.0
2021-03-19 12:24:59,NIFTY,25MAR21,13400,CE,2021-03-19,12:24:59,1172.85,1172.85,1172.85,1172.85,0,0,14532.25
2021-03-19 12:25:59,NIFTY,25MAR21,13400,CE,2021-03-19,12:25:59,1172.85,1172.85,1172.85,1172.85,0,0,14523.95
2021-03-19 12:26:59,NIFTY,25MAR21,13400,CE,2021-03-19,12:26:59,1172.85,1172.85,1172.85,1172.85,0,0,14529.35
2021-03-19 12:27:59,NIFTY,25MAR21,13400,CE,2021-03-19,12:27:59,1172.85,1172.85,1172.85,1172.85,0,0,14543.9
2021-03-19 12:28:59,NIFTY,25MAR21,13400,CE,2021-03-19,12:28:59,1172.85,1172.85,1172.85,1172.85,0,0,14553.45
2021-03-19 12:29:59,NIFTY,25MAR21,13400,CE,2021-03-19,12:29:59,1289.8,1289.8,1289.8,1289.8,0,0,14544.2
2021-03-19 12:30:59,NIFTY,25MAR21,13400,CE,2021-03-19,12:30:59,1289.8,1289.8,1289.8,1289.8,0,0,14538.95
2021-03-19 12:31:59,NIFTY,25MAR21,13400,CE,2021-03-19,12:31:59,1289.8,1289.8,1289.8,1289.8,0,0,14536.85
2021-03-19 12:32:59,NIFTY,25MAR21,13400,CE,2021-03-19,12:32:59,1289.8,1289.8,1289.8,1289.8,0,0,14538.5
2021-03-19 12:33:59,NIFTY,25MAR21,13400,CE,2021-03-19,12:33:59,1289.8,1289.8,1289.8,1289.8,0,0,14535.25
2021-03-19 12:34:59,NIFTY,25MAR21,13400,CE,2021-03-19,12:34:59,1289.8,1289.8,1289.8,1289.8,0,0,14544.3
2021-03-19 12:35:59,NIFTY,25MAR21,13400,CE,2021-03-19,12:35:59,1289.8,1289.8,1289.8,1289.8,0,0,14555.3
2021-03-19 12:36:59,NIFTY,25MAR21,13400,CE,2021-03-19,12:36:59,1289.8,1289.8,1289.8,1289.8,0,0,14587.2
2021-03-19 12:37:59,NIFTY,25MAR21,13400,CE,2021-03-19,12:37:59,1289.8,1289.8,1289.8,1289.8,0,0,14577.7
2021-03-19 12:38:59,NIFTY,25MAR21,13400,CE,2021-03-19,12:38:59,1289.8,1289.8,1289.8,1289.8,0,0,14572.2
2021-03-19 12:39:59,NIFTY,25MAR21,13400,CE,2021-03-19,12:39:59,1289.8,1289.8,1289.8,1289.8,0,0,14575.85
2021-03-19 12:40:59,NIFTY,25MAR21,13400,CE,2021-03-19,12:40:59,1289.8,1289.8,1289.8,1289.8,0,0,14574.15
2021-03-19 12:41:59,NIFTY,25MAR21,13400,CE,2021-03-19,12:41:59,1289.8,1289.8,1289.8,1289.8,0,0,14559.7
2021-03-19 12:42:59,NIFTY,25MAR21,13400,CE,2021-03-19,12:42:59,1289.8,1289.8,1289.8,1289.8,0,0,14544.1
2021-03-19 12:43:59,NIFTY,25MAR21,13400,CE,2021-03-19,12:43:59,1289.8,1289.8,1289.8,1289.8,0,0,14546.6
2021-03-19 12:44:59,NIFTY,25MAR21,13400,CE,2021-03-19,12:44:59,1289.8,1289.8,1289.8,1289.8,0,0,14542.85
2021-03-19 12:45:59,NIFTY,25MAR21,13400,CE,2021-03-19,12:45:59,1289.8,1289.8,1289.8,1289.8,0,0,14537.45
2021-03-19 12:46:59,NIFTY,25MAR21,13400,CE,2021-03-19,12:46:59,1289.8,1289.8,1289.8,1289.8,0,0,14556.5
2021-03-19 12:47:59,NIFTY,25MAR21,13400,CE,2021-03-19,12:47:59,1289.8,1289.8,1289.8,1289.8,0,0,14570.8
2021-03-19 12:48:59,NIFTY,25MAR21,13400,CE,2021-03-19,12:48:59,1289.8,1289.8,1289.8,1289.8,0,0,14571.65
2021-03-19 12:49:59,NIFTY,25MAR21,13400,CE,2021-03-19,12:49:59,1289.8,1289.8,1289.8,1289.8,0,0,14587.0
2021-03-19 12:50:59,NIFTY,25MAR21,13400,CE,2021-03-19,12:50:59,1289.8,1289.8,1289.8,1289.8,0,0,14578.35
2021-03-19 12:51:59,NIFTY,25MAR21,13400,CE,2021-03-19,12:51:59,1289.8,1289.8,1289.8,1289.8,0,0,14582.1
2021-03-19 12:52:59,NIFTY,25MAR21,13400,CE,2021-03-19,12:52:59,1289.8,1289.8,1289.8,1289.8,0,0,14583.85
2021-03-19 12:53:59,NIFTY,25MAR21,13400,CE,2021-03-19,12:53:59,1289.8,1289.8,1289.8,1289.8,0,0,14593.25
2021-03-19 12:54:59,NIFTY,25MAR21,13400,CE,2021-03-19,12:54:59,1289.8,1289.8,1289.8,1289.8,0,0,14591.9
2021-03-19 12:55:59,NIFTY,25MAR21,13400,CE,2021-03-19,12:55:59,1289.8,1289.8,1289.8,1289.8,0,0,14584.8
2021-03-19 12:56:59,NIFTY,25MAR21,13400,CE,2021-03-19,12:56:59,1289.8,1289.8,1289.8,1289.8,0,0,14575.35
2021-03-19 12:57:59,NIFTY,25MAR21,13400,CE,2021-03-19,12:57:59,1289.8,1289.8,1289.8,1289.8,0,0,14566.65
2021-03-19 12:58:59,NIFTY,25MAR21,13400,CE,2021-03-19,12:58:59,1289.8,1289.8,1289.8,1289.8,0,0,14563.2
2021-03-19 12:59:59,NIFTY,25MAR21,13400,CE,2021-03-19,12:59:59,1289.8,1289.8,1289.8,1289.8,0,0,14563.7
2021-03-19 13:00:59,NIFTY,25MAR21,13400,CE,2021-03-19,13:00:59,1289.8,1289.8,1289.8,1289.8,0,0,14558.55
2021-03-19 13:01:59,NIFTY,25MAR21,13400,CE,2021-03-19,13:01:59,1289.8,1289.8,1289.8,1289.8,0,0,14566.9
2021-03-19 13:02:59,NIFTY,25MAR21,13400,CE,2021-03-19,13:02:59,1289.8,1289.8,1289.8,1289.8,0,0,14573.7
2021-03-19 13:03:59,NIFTY,25MAR21,13400,CE,2021-03-19,13:03:59,1289.8,1289.8,1289.8,1289.8,0,0,14576.05
2021-03-19 13:04:59,NIFTY,25MAR21,13400,CE,2021-03-19,13:04:59,1289.8,1289.8,1289.8,1289.8,0,0,14571.5
2021-03-19 13:05:59,NIFTY,25MAR21,13400,CE,2021-03-19,13:05:59,1289.8,1289.8,1289.8,1289.8,0,0,14567.1
2021-03-19 13:06:59,NIFTY,25MAR21,13400,CE,2021-03-19,13:06:59,1289.8,1289.8,1289.8,1289.8,0,0,14569.55
2021-03-19 13:07:59,NIFTY,25MAR21,13400,CE,2021-03-19,13:07:59,1289.8,1289.8,1289.8,1289.8,0,0,14563.1
2021-03-19 13:08:59,NIFTY,25MAR21,13400,CE,2021-03-19,13:08:59,1289.8,1289.8,1289.8,1289.8,0,0,14552.6
2021-03-19 13:09:59,NIFTY,25MAR21,13400,CE,2021-03-19,13:09:59,1289.8,1289.8,1289.8,1289.8,0,0,14560.0
2021-03-19 13:10:59,NIFTY,25MAR21,13400,CE,2021-03-19,13:10:59,1289.8,1289.8,1289.8,1289.8,0,0,14563.25
2021-03-19 13:11:59,NIFTY,25MAR21,13400,CE,2021-03-19,13:11:59,1289.8,1289.8,1289.8,1289.8,0,0,14568.65
2021-03-19 13:12:59,NIFTY,25MAR21,13400,CE,2021-03-19,13:12:59,1289.8,1289.8,1289.8,1289.8,0,0,14579.9
2021-03-19 13:13:59,NIFTY,25MAR21,13400,CE,2021-03-19,13:13:59,1289.8,1289.8,1289.8,1289.8,0,0,14576.2
2021-03-19 13:14:59,NIFTY,25MAR21,13400,CE,2021-03-19,13:14:59,1289.8,1289.8,1289.8,1289.8,0,0,14579.05
2021-03-19 13:15:59,NIFTY,25MAR21,13400,CE,2021-03-19,13:15:59,1289.8,1289.8,1289.8,1289.8,0,0,14578.45
2021-03-19 13:16:59,NIFTY,25MAR21,13400,CE,2021-03-19,13:16:59,1289.8,1289.8,1289.8,1289.8,0,0,14578.8
2021-03-19 13:17:59,NIFTY,25MAR21,13400,CE,2021-03-19,13:17:59,1289.8,1289.8,1289.8,1289.8,0,0,14569.6
2021-03-19 13:18:59,NIFTY,25MAR21,13400,CE,2021-03-19,13:18:59,1289.8,1289.8,1289.8,1289.8,0,0,14590.1
2021-03-19 13:19:59,NIFTY,25MAR21,13400,CE,2021-03-19,13:19:59,1289.8,1289.8,1289.8,1289.8,0,0,14584.8
2021-03-19 13:20:59,NIFTY,25MAR21,13400,CE,2021-03-19,13:20:59,1289.8,1289.8,1289.8,1289.8,0,0,14603.4
2021-03-19 13:21:59,NIFTY,25MAR21,13400,CE,2021-03-19,13:21:59,1289.8,1289.8,1289.8,1289.8,0,0,14605.9
2021-03-19 13:22:59,NIFTY,25MAR21,13400,CE,2021-03-19,13:22:59,1289.8,1289.8,1289.8,1289.8,0,0,14621.1
2021-03-19 13:23:59,NIFTY,25MAR21,13400,CE,2021-03-19,13:23:59,1289.8,1289.8,1289.8,1289.8,0,0,14608.95
2021-03-19 13:24:59,NIFTY,25MAR21,13400,CE,2021-03-19,13:24:59,1289.8,1289.8,1289.8,1289.8,0,0,14603.25
2021-03-19 13:25:59,NIFTY,25MAR21,13400,CE,2021-03-19,13:25:59,1289.8,1289.8,1289.8,1289.8,0,0,14606.8
2021-03-19 13:26:59,NIFTY,25MAR21,13400,CE,2021-03-19,13:26:59,1289.8,1289.8,1289.8,1289.8,0,0,14608.0
2021-03-19 13:27:59,NIFTY,25MAR21,13400,CE,2021-03-19,13:27:59,1289.8,1289.8,1289.8,1289.8,0,0,14616.4
2021-03-19 13:28:59,NIFTY,25MAR21,13400,CE,2021-03-19,13:28:59,1289.8,1289.8,1289.8,1289.8,0,0,14605.9
2021-03-19 13:29:59,NIFTY,25MAR21,13400,CE,2021-03-19,13:29:59,1289.8,1289.8,1289.8,1289.8,0,0,14596.7
2021-03-19 13:30:59,NIFTY,25MAR21,13400,CE,2021-03-19,13:30:59,1289.8,1289.8,1289.8,1289.8,0,0,14578.4
2021-03-19 13:31:59,NIFTY,25MAR21,13400,CE,2021-03-19,13:31:59,1289.8,1289.8,1289.8,1289.8,0,0,14607.5
2021-03-19 13:32:59,NIFTY,25MAR21,13400,CE,2021-03-19,13:32:59,1289.8,1289.8,1289.8,1289.8,0,0,14617.6
2021-03-19 13:33:59,NIFTY,25MAR21,13400,CE,2021-03-19,13:33:59,1289.8,1289.8,1289.8,1289.8,0,0,14608.75
2021-03-19 13:34:59,NIFTY,25MAR21,13400,CE,2021-03-19,13:34:59,1289.8,1289.8,1289.8,1289.8,0,0,14618.1
2021-03-19 13:35:59,NIFTY,25MAR21,13400,CE,2021-03-19,13:35:59,1289.8,1289.8,1289.8,1289.8,0,0,14611.4
2021-03-19 13:36:59,NIFTY,25MAR21,13400,CE,2021-03-19,13:36:59,1289.8,1289.8,1289.8,1289.8,0,0,14621.2
2021-03-19 13:37:59,NIFTY,25MAR21,13400,CE,2021-03-19,13:37:59,1289.8,1289.8,1289.8,1289.8,0,0,14614.45
2021-03-19 13:38:59,NIFTY,25MAR21,13400,CE,2021-03-19,13:38:59,1289.8,1289.8,1289.8,1289.8,0,0,14620.0
2021-03-19 13:39:59,NIFTY,25MAR21,13400,CE,2021-03-19,13:39:59,1289.8,1289.8,1289.8,1289.8,0,0,14617.25
2021-03-19 13:40:59,NIFTY,25MAR21,13400,CE,2021-03-19,13:40:59,1289.8,1289.8,1289.8,1289.8,0,0,14626.4
2021-03-19 13:41:59,NIFTY,25MAR21,13400,CE,2021-03-19,13:41:59,1289.8,1289.8,1289.8,1289.8,0,0,14613.3
2021-03-19 13:42:59,NIFTY,25MAR21,13400,CE,2021-03-19,13:42:59,1289.8,1289.8,1289.8,1289.8,0,0,14600.4
2021-03-19 13:43:59,NIFTY,25MAR21,13400,CE,2021-03-19,13:43:59,1289.8,1289.8,1289.8,1289.8,0,0,14608.25
2021-03-19 13:44:59,NIFTY,25MAR21,13400,CE,2021-03-19,13:44:59,1289.8,1289.8,1289.8,1289.8,0,0,14602.75
2021-03-19 13:45:59,NIFTY,25MAR21,13400,CE,2021-03-19,13:45:59,1289.8,1289.8,1289.8,1289.8,0,0,14606.35
2021-03-19 13:46:59,NIFTY,25MAR21,13400,CE,2021-03-19,13:46:59,1289.8,1289.8,1289.8,1289.8,0,0,14615.25
2021-03-19 13:47:59,NIFTY,25MAR21,13400,CE,2021-03-19,13:47:59,1289.8,1289.8,1289.8,1289.8,0,0,14610.3
2021-03-19 13:48:59,NIFTY,25MAR21,13400,CE,2021-03-19,13:48:59,1289.8,1289.8,1289.8,1289.8,0,0,14610.75
2021-03-19 13:49:59,NIFTY,25MAR21,13400,CE,2021-03-19,13:49:59,1289.8,1289.8,1289.8,1289.8,0,0,14619.7
2021-03-19 13:50:59,NIFTY,25MAR21,13400,CE,2021-03-19,13:50:59,1289.8,1289.8,1289.8,1289.8,0,0,14620.9
2021-03-19 13:51:59,NIFTY,25MAR21,13400,CE,2021-03-19,13:51:59,1289.8,1289.8,1289.8,1289.8,0,0,14627.05
2021-03-19 13:52:59,NIFTY,25MAR21,13400,CE,2021-03-19,13:52:59,1289.8,1289.8,1289.8,1289.8,0,0,14634.25
2021-03-19 13:53:59,NIFTY,25MAR21,13400,CE,2021-03-19,13:53:59,1289.8,1289.8,1289.8,1289.8,0,0,14623.05
2021-03-19 13:54:59,NIFTY,25MAR21,13400,CE,2021-03-19,13:54:59,1289.8,1289.8,1289.8,1289.8,0,0,14612.65
2021-03-19 13:55:59,NIFTY,25MAR21,13400,CE,2021-03-19,13:55:59,1289.8,1289.8,1289.8,1289.8,0,0,14616.45
2021-03-19 13:56:59,NIFTY,25MAR21,13400,CE,2021-03-19,13:56:59,1289.8,1289.8,1289.8,1289.8,0,0,14628.3
2021-03-19 13:57:59,NIFTY,25MAR21,13400,CE,2021-03-19,13:57:59,1289.8,1289.8,1289.8,1289.8,0,0,14644.3
2021-03-19 13:58:59,NIFTY,25MAR21,13400,CE,2021-03-19,13:58:59,1289.8,1289.8,1289.8,1289.8,0,0,14650.2
2021-03-19 13:59:59,NIFTY,25MAR21,13400,CE,2021-03-19,13:59:59,1289.8,1289.8,1289.8,1289.8,0,0,14667.2
2021-03-19 14:00:59,NIFTY,25MAR21,13400,CE,2021-03-19,14:00:59,1289.8,1289.8,1289.8,1289.8,0,0,14683.9
2021-03-19 14:01:59,NIFTY,25MAR21,13400,CE,2021-03-19,14:01:59,1289.8,1289.8,1289.8,1289.8,0,0,14672.75
2021-03-19 14:02:59,NIFTY,25MAR21,13400,CE,2021-03-19,14:02:59,1289.8,1289.8,1289.8,1289.8,0,0,14650.3
2021-03-19 14:03:59,NIFTY,25MAR21,13400,CE,2021-03-19,14:03:59,1289.8,1289.8,1289.8,1289.8,0,0,14651.95
2021-03-19 14:04:59,NIFTY,25MAR21,13400,CE,2021-03-19,14:04:59,1289.8,1289.8,1289.8,1289.8,0,0,14648.7
2021-03-19 14:05:59,NIFTY,25MAR21,13400,CE,2021-03-19,14:05:59,1289.8,1289.8,1289.8,1289.8,0,0,14659.05
2021-03-19 14:06:59,NIFTY,25MAR21,13400,CE,2021-03-19,14:06:59,1289.8,1289.8,1289.8,1289.8,0,0,14667.4
2021-03-19 14:07:59,NIFTY,25MAR21,13400,CE,2021-03-19,14:07:59,1289.8,1289.8,1289.8,1289.8,0,0,14662.65
2021-03-19 14:08:59,NIFTY,25MAR21,13400,CE,2021-03-19,14:08:59,1289.8,1289.8,1289.8,1289.8,0,0,14661.7
2021-03-19 14:09:59,NIFTY,25MAR21,13400,CE,2021-03-19,14:09:59,1289.8,1289.8,1289.8,1289.8,0,0,14672.9
2021-03-19 14:10:59,NIFTY,25MAR21,13400,CE,2021-03-19,14:10:59,1266.4,1266.4,1266.4,1266.4,0,0,14673.3
2021-03-19 14:11:59,NIFTY,25MAR21,13400,CE,2021-03-19,14:11:59,1266.4,1266.4,1266.4,1266.4,0,0,14671.35
2021-03-19 14:12:59,NIFTY,25MAR21,13400,CE,2021-03-19,14:12:59,1266.4,1266.4,1266.4,1266.4,0,0,14687.2
2021-03-19 14:13:59,NIFTY,25MAR21,13400,CE,2021-03-19,14:13:59,1266.4,1266.4,1266.4,1266.4,0,0,14681.6
2021-03-19 14:14:59,NIFTY,25MAR21,13400,CE,2021-03-19,14:14:59,1266.4,1266.4,1266.4,1266.4,0,0,14673.85
2021-03-19 14:15:59,NIFTY,25MAR21,13400,CE,2021-03-19,14:15:59,1266.4,1266.4,1266.4,1266.4,0,0,14692.45
2021-03-19 14:16:59,NIFTY,25MAR21,13400,CE,2021-03-19,14:16:59,1266.4,1266.4,1266.4,1266.4,0,0,14684.4
2021-03-19 14:17:59,NIFTY,25MAR21,13400,CE,2021-03-19,14:17:59,1266.4,1266.4,1266.4,1266.4,0,0,14656.7
2021-03-19 14:18:59,NIFTY,25MAR21,13400,CE,2021-03-19,14:18:59,1266.4,1266.4,1266.4,1266.4,0,0,14657.15
2021-03-19 14:19:59,NIFTY,25MAR21,13400,CE,2021-03-19,14:19:59,1266.4,1266.4,1266.4,1266.4,0,0,14653.65
2021-03-19 14:20:59,NIFTY,25MAR21,13400,CE,2021-03-19,14:20:59,1266.4,1266.4,1266.4,1266.4,0,0,14672.9
2021-03-19 14:21:59,NIFTY,25MAR21,13400,CE,2021-03-19,14:21:59,1266.4,1266.4,1266.4,1266.4,0,0,14680.95
2021-03-19 14:22:59,NIFTY,25MAR21,13400,CE,2021-03-19,14:22:59,1266.4,1266.4,1266.4,1266.4,0,0,14671.15
2021-03-19 14:23:59,NIFTY,25MAR21,13400,CE,2021-03-19,14:23:59,1266.4,1266.4,1266.4,1266.4,0,0,14672.4
2021-03-19 14:24:59,NIFTY,25MAR21,13400,CE,2021-03-19,14:24:59,1266.4,1266.4,1266.4,1266.4,0,0,14676.35
2021-03-19 14:25:59,NIFTY,25MAR21,13400,CE,2021-03-19,14:25:59,1266.4,1266.4,1266.4,1266.4,0,0,14678.6
2021-03-19 14:26:59,NIFTY,25MAR21,13400,CE,2021-03-19,14:26:59,1266.4,1266.4,1266.4,1266.4,0,0,14667.8
2021-03-19 14:27:59,NIFTY,25MAR21,13400,CE,2021-03-19,14:27:59,1266.4,1266.4,1266.4,1266.4,0,0,14667.65
2021-03-19 14:28:59,NIFTY,25MAR21,13400,CE,2021-03-19,14:28:59,1266.4,1266.4,1266.4,1266.4,0,0,14675.05
2021-03-19 14:29:59,NIFTY,25MAR21,13400,CE,2021-03-19,14:29:59,1266.4,1266.4,1266.4,1266.4,0,0,14689.5
2021-03-19 14:30:59,NIFTY,25MAR21,13400,CE,2021-03-19,14:30:59,1266.4,1266.4,1266.4,1266.4,0,0,14712.75
2021-03-19 14:31:59,NIFTY,25MAR21,13400,CE,2021-03-19,14:31:59,1266.4,1266.4,1266.4,1266.4,0,0,14701.5
2021-03-19 14:32:59,NIFTY,25MAR21,13400,CE,2021-03-19,14:32:59,1266.4,1266.4,1266.4,1266.4,0,0,14711.8
2021-03-19 14:33:59,NIFTY,25MAR21,13400,CE,2021-03-19,14:33:59,1266.4,1266.4,1266.4,1266.4,0,0,14724.75
2021-03-19 14:34:59,NIFTY,25MAR21,13400,CE,2021-03-19,14:34:59,1266.4,1266.4,1266.4,1266.4,0,0,14733.5
2021-03-19 14:35:59,NIFTY,25MAR21,13400,CE,2021-03-19,14:35:59,1266.4,1266.4,1266.4,1266.4,0,0,14725.55
2021-03-19 14:36:59,NIFTY,25MAR21,13400,CE,2021-03-19,14:36:59,1266.4,1266.4,1266.4,1266.4,0,0,14729.65
2021-03-19 14:37:59,NIFTY,25MAR21,13400,CE,2021-03-19,14:37:59,1266.4,1266.4,1266.4,1266.4,0,0,14723.8
2021-03-19 14:38:59,NIFTY,25MAR21,13400,CE,2021-03-19,14:38:59,1266.4,1266.4,1266.4,1266.4,0,0,14722.2
2021-03-19 14:39:59,NIFTY,25MAR21,13400,CE,2021-03-19,14:39:59,1266.4,1266.4,1266.4,1266.4,0,0,14733.55
2021-03-19 14:40:59,NIFTY,25MAR21,13400,CE,2021-03-19,14:40:59,1266.4,1266.4,1266.4,1266.4,0,0,14731.1
2021-03-19 14:41:59,NIFTY,25MAR21,13400,CE,2021-03-19,14:41:59,1266.4,1266.4,1266.4,1266.4,0,0,14717.15
2021-03-19 14:42:59,NIFTY,25MAR21,13400,CE,2021-03-19,14:42:59,1266.4,1266.4,1266.4,1266.4,0,0,14732.55
2021-03-19 14:43:59,NIFTY,25MAR21,13400,CE,2021-03-19,14:43:59,1266.4,1266.4,1266.4,1266.4,0,0,14731.45
2021-03-19 14:44:59,NIFTY,25MAR21,13400,CE,2021-03-19,14:44:59,1266.4,1266.4,1266.4,1266.4,0,0,14737.85
2021-03-19 14:45:59,NIFTY,25MAR21,13400,CE,2021-03-19,14:45:59,1266.4,1266.4,1266.4,1266.4,0,0,14756.35
2021-03-19 14:46:59,NIFTY,25MAR21,13400,CE,2021-03-19,14:46:59,1266.4,1266.4,1266.4,1266.4,0,0,14747.05
2021-03-19 14:47:59,NIFTY,25MAR21,13400,CE,2021-03-19,14:47:59,1266.4,1266.4,1266.4,1266.4,0,0,14744.4
2021-03-19 14:48:59,NIFTY,25MAR21,13400,CE,2021-03-19,14:48:59,1266.4,1266.4,1266.4,1266.4,0,0,14742.0
2021-03-19 14:49:59,NIFTY,25MAR21,13400,CE,2021-03-19,14:49:59,1266.4,1266.4,1266.4,1266.4,0,0,14740.05
2021-03-19 14:50:59,NIFTY,25MAR21,13400,CE,2021-03-19,14:50:59,1266.4,1266.4,1266.4,1266.4,0,0,14748.1
2021-03-19 14:51:59,NIFTY,25MAR21,13400,CE,2021-03-19,14:51:59,1266.4,1266.4,1266.4,1266.4,0,0,14737.25
2021-03-19 14:52:59,NIFTY,25MAR21,13400,CE,2021-03-19,14:52:59,1266.4,1266.4,1266.4,1266.4,0,0,14730.85
2021-03-19 14:53:59,NIFTY,25MAR21,13400,CE,2021-03-19,14:53:59,1266.4,1266.4,1266.4,1266.4,0,0,14734.5
2021-03-19 14:54:59,NIFTY,25MAR21,13400,CE,2021-03-19,14:54:59,1266.4,1266.4,1266.4,1266.4,0,0,14738.0
2021-03-19 14:55:59,NIFTY,25MAR21,13400,CE,2021-03-19,14:55:59,1266.4,1266.4,1266.4,1266.4,0,0,14732.7
2021-03-19 14:56:59,NIFTY,25MAR21,13400,CE,2021-03-19,14:56:59,1266.4,1266.4,1266.4,1266.4,0,0,14746.65
2021-03-19 14:57:59,NIFTY,25MAR21,13400,CE,2021-03-19,14:57:59,1266.4,1266.4,1266.4,1266.4,0,0,14744.0
2021-03-19 14:58:59,NIFTY,25MAR21,13400,CE,2021-03-19,14:58:59,1266.4,1266.4,1266.4,1266.4,0,0,14741.9
2021-03-19 14:59:59,NIFTY,25MAR21,13400,CE,2021-03-19,14:59:59,1266.4,1266.4,1266.4,1266.4,0,0,14763.0
2021-03-19 15:00:59,NIFTY,25MAR21,13400,CE,2021-03-19,15:00:59,1266.4,1266.4,1266.4,1266.4,0,0,14775.75
2021-03-19 15:01:59,NIFTY,25MAR21,13400,CE,2021-03-19,15:01:59,1266.4,1266.4,1266.4,1266.4,0,0,14766.75
2021-03-19 15:02:59,NIFTY,25MAR21,13400,CE,2021-03-19,15:02:59,1266.4,1266.4,1266.4,1266.4,0,0,14762.35
2021-03-19 15:03:59,NIFTY,25MAR21,13400,CE,2021-03-19,15:03:59,1266.4,1266.4,1266.4,1266.4,0,0,14763.2
2021-03-19 15:04:59,NIFTY,25MAR21,13400,CE,2021-03-19,15:04:59,1266.4,1266.4,1266.4,1266.4,0,0,14773.25
2021-03-19 15:05:59,NIFTY,25MAR21,13400,CE,2021-03-19,15:05:59,1266.4,1266.4,1266.4,1266.4,0,0,14781.75
2021-03-19 15:06:59,NIFTY,25MAR21,13400,CE,2021-03-19,15:06:59,1266.4,1266.4,1266.4,1266.4,0,0,14782.85
2021-03-19 15:07:59,NIFTY,25MAR21,13400,CE,2021-03-19,15:07:59,1266.4,1266.4,1266.4,1266.4,0,0,14772.85
2021-03-19 15:08:59,NIFTY,25MAR21,13400,CE,2021-03-19,15:08:59,1266.4,1266.4,1266.4,1266.4,0,0,14767.7
2021-03-19 15:09:59,NIFTY,25MAR21,13400,CE,2021-03-19,15:09:59,1266.4,1266.4,1266.4,1266.4,0,0,14771.1
2021-03-19 15:10:59,NIFTY,25MAR21,13400,CE,2021-03-19,15:10:59,1266.4,1266.4,1266.4,1266.4,0,0,14742.3
2021-03-19 15:11:59,NIFTY,25MAR21,13400,CE,2021-03-19,15:11:59,1266.4,1266.4,1266.4,1266.4,0,0,14752.75
2021-03-19 15:12:59,NIFTY,25MAR21,13400,CE,2021-03-19,15:12:59,1266.4,1266.4,1266.4,1266.4,0,0,14735.25
2021-03-19 15:13:59,NIFTY,25MAR21,13400,CE,2021-03-19,15:13:59,1266.4,1266.4,1266.4,1266.4,0,0,14742.6
2021-03-19 15:14:59,NIFTY,25MAR21,13400,CE,2021-03-19,15:14:59,1266.4,1266.4,1266.4,1266.4,0,0,14747.8
2021-03-19 15:15:59,NIFTY,25MAR21,13400,CE,2021-03-19,15:15:59,1266.4,1266.4,1266.4,1266.4,0,0,14731.75
2021-03-19 15:16:59,NIFTY,25MAR21,13400,CE,2021-03-19,15:16:59,1266.4,1266.4,1266.4,1266.4,0,0,14715.15
2021-03-19 15:17:59,NIFTY,25MAR21,13400,CE,2021-03-19,15:17:59,1266.4,1266.4,1266.4,1266.4,0,0,14721.4
2021-03-19 15:18:59,NIFTY,25MAR21,13400,CE,2021-03-19,15:18:59,1266.4,1266.4,1266.4,1266.4,0,0,14740.4
2021-03-19 15:19:59,NIFTY,25MAR21,13400,CE,2021-03-19,15:19:59,1266.4,1266.4,1266.4,1266.4,0,0,14729.0
2021-03-19 15:20:59,NIFTY,25MAR21,13400,CE,2021-03-19,15:20:59,1266.4,1266.4,1266.4,1266.4,0,0,14712.9
2021-03-19 15:21:59,NIFTY,25MAR21,13400,CE,2021-03-19,15:21:59,1266.4,1266.4,1266.4,1266.4,0,0,14715.5
2021-03-19 15:22:59,NIFTY,25MAR21,13400,CE,2021-03-19,15:22:59,1266.4,1266.4,1266.4,1266.4,0,0,14720.9
2021-03-19 15:23:59,NIFTY,25MAR21,13400,CE,2021-03-19,15:23:59,1266.4,1266.4,1266.4,1266.4,0,0,14717.85
2021-03-19 15:24:59,NIFTY,25MAR21,13400,CE,2021-03-19,15:24:59,1266.4,1266.4,1266.4,1266.4,0,0,14727.8
2021-03-19 15:25:59,NIFTY,25MAR21,13400,CE,2021-03-19,15:25:59,1266.4,1266.4,1266.4,1266.4,0,0,14723.55
2021-03-19 15:26:59,NIFTY,25MAR21,13400,CE,2021-03-19,15:26:59,1266.4,1266.4,1266.4,1266.4,0,0,14717.75
2021-03-19 15:27:59,NIFTY,25MAR21,13400,CE,2021-03-19,15:27:59,1266.4,1266.4,1266.4,1266.4,0,0,14716.7
2021-03-19 15:28:59,NIFTY,25MAR21,13400,CE,2021-03-19,15:28:59,1266.4,1266.4,1266.4,1266.4,0,0,14732.85
2021-03-19 15:29:59,NIFTY,25MAR21,13400,CE,2021-03-19,15:29:59,1266.4,1266.4,1266.4,1266.4,0,0,14733.55
2021-03-22 09:15:59,NIFTY,25MAR21,13400,CE,2021-03-22,09:15:59,1330.25,1330.25,1330.25,1330.25,0,0,14671.65
2021-03-22 09:16:59,NIFTY,25MAR21,13400,CE,2021-03-22,09:16:59,1330.25,1330.25,1330.25,1330.25,0,0,14667.8
2021-03-22 09:17:59,NIFTY,25MAR21,13400,CE,2021-03-22,09:17:59,1330.25,1330.25,1330.25,1330.25,0,0,14683.1
2021-03-22 09:18:59,NIFTY,25MAR21,13400,CE,2021-03-22,09:18:59,1330.25,1330.25,1330.25,1330.25,0,0,14679.5
2021-03-22 09:19:59,NIFTY,25MAR21,13400,CE,2021-03-22,09:19:59,1330.25,1330.25,1330.25,1330.25,0,0,14671.7
2021-03-22 09:20:59,NIFTY,25MAR21,13400,CE,2021-03-22,09:20:59,1330.25,1330.25,1330.25,1330.25,0,0,14696.4
2021-03-22 09:21:59,NIFTY,25MAR21,13400,CE,2021-03-22,09:21:59,1330.25,1330.25,1330.25,1330.25,0,0,14705.4
2021-03-22 09:22:59,NIFTY,25MAR21,13400,CE,2021-03-22,09:22:59,1330.25,1330.25,1330.25,1330.25,0,0,14704.4
2021-03-22 09:23:59,NIFTY,25MAR21,13400,CE,2021-03-22,09:23:59,1330.25,1330.25,1330.25,1330.25,0,0,14680.15
2021-03-22 09:24:59,NIFTY,25MAR21,13400,CE,2021-03-22,09:24:59,1330.25,1330.25,1330.25,1330.25,0,0,14682.85
2021-03-22 09:25:59,NIFTY,25MAR21,13400,CE,2021-03-22,09:25:59,1330.25,1330.25,1330.25,1330.25,0,0,14659.35
2021-03-22 09:26:59,NIFTY,25MAR21,13400,CE,2021-03-22,09:26:59,1330.25,1330.25,1330.25,1330.25,0,0,14666.0
2021-03-22 09:27:59,NIFTY,25MAR21,13400,CE,2021-03-22,09:27:59,1330.25,1330.25,1330.25,1330.25,0,0,14679.2
2021-03-22 09:28:59,NIFTY,25MAR21,13400,CE,2021-03-22,09:28:59,1330.25,1330.25,1330.25,1330.25,0,0,14676.75
2021-03-22 09:29:59,NIFTY,25MAR21,13400,CE,2021-03-22,09:29:59,1330.25,1330.25,1330.25,1330.25,0,0,14679.55
2021-03-22 09:30:59,NIFTY,25MAR21,13400,CE,2021-03-22,09:30:59,1330.25,1330.25,1330.25,1330.25,0,0,14695.4
2021-03-22 09:31:59,NIFTY,25MAR21,13400,CE,2021-03-22,09:31:59,1330.25,1330.25,1330.25,1330.25,0,0,14711.1
2021-03-22 09:32:59,NIFTY,25MAR21,13400,CE,2021-03-22,09:32:59,1330.25,1330.25,1330.25,1330.25,0,0,14703.0
2021-03-22 09:33:59,NIFTY,25MAR21,13400,CE,2021-03-22,09:33:59,1330.25,1330.25,1330.25,1330.25,0,0,14715.1
2021-03-22 09:34:59,NIFTY,25MAR21,13400,CE,2021-03-22,09:34:59,1330.25,1330.25,1330.25,1330.25,0,0,14707.0
2021-03-22 09:35:59,NIFTY,25MAR21,13400,CE,2021-03-22,09:35:59,1330.25,1330.25,1330.25,1330.25,0,0,14699.15
2021-03-22 09:36:59,NIFTY,25MAR21,13400,CE,2021-03-22,09:36:59,1330.25,1330.25,1330.25,1330.25,0,0,14706.35
2021-03-22 09:37:59,NIFTY,25MAR21,13400,CE,2021-03-22,09:37:59,1330.25,1330.25,1330.25,1330.25,0,0,14716.25
2021-03-22 09:38:59,NIFTY,25MAR21,13400,CE,2021-03-22,09:38:59,1330.25,1330.25,1330.25,1330.25,0,0,14715.8
2021-03-22 09:39:59,NIFTY,25MAR21,13400,CE,2021-03-22,09:39:59,1330.25,1330.25,1330.25,1330.25,0,0,14713.4
2021-03-22 09:40:59,NIFTY,25MAR21,13400,CE,2021-03-22,09:40:59,1330.25,1330.25,1330.25,1330.25,0,0,14726.3
2021-03-22 09:41:59,NIFTY,25MAR21,13400,CE,2021-03-22,09:41:59,1330.25,1330.25,1330.25,1330.25,0,0,14713.2
2021-03-22 09:42:59,NIFTY,25MAR21,13400,CE,2021-03-22,09:42:59,1330.25,1330.25,1330.25,1330.25,0,0,14723.3
2021-03-22 09:43:59,NIFTY,25MAR21,13400,CE,2021-03-22,09:43:59,1330.25,1330.25,1330.25,1330.25,0,0,14714.75
2021-03-22 09:44:59,NIFTY,25MAR21,13400,CE,2021-03-22,09:44:59,1330.25,1330.25,1330.25,1330.25,0,0,14717.75
2021-03-22 09:45:59,NIFTY,25MAR21,13400,CE,2021-03-22,09:45:59,1330.25,1330.25,1330.25,1330.25,0,0,14736.7
2021-03-22 09:46:59,NIFTY,25MAR21,13400,CE,2021-03-22,09:46:59,1330.25,1330.25,1330.25,1330.25,0,0,14727.1
2021-03-22 09:47:59,NIFTY,25MAR21,13400,CE,2021-03-22,09:47:59,1330.25,1330.25,1330.25,1330.25,0,0,14738.75
2021-03-22 09:48:59,NIFTY,25MAR21,13400,CE,2021-03-22,09:48:59,1330.25,1330.25,1330.25,1330.25,0,0,14753.45
2021-03-22 09:49:59,NIFTY,25MAR21,13400,CE,2021-03-22,09:49:59,1330.25,1330.25,1330.25,1330.25,0,0,14740.6
2021-03-22 09:50:59,NIFTY,25MAR21,13400,CE,2021-03-22,09:50:59,1330.25,1330.25,1330.25,1330.25,0,0,14751.5
2021-03-22 09:51:59,NIFTY,25MAR21,13400,CE,2021-03-22,09:51:59,1330.25,1330.25,1330.25,1330.25,0,0,14757.25
2021-03-22 09:52:59,NIFTY,25MAR21,13400,CE,2021-03-22,09:52:59,1330.25,1330.25,1330.25,1330.25,0,0,14752.65
2021-03-22 09:53:59,NIFTY,25MAR21,13400,CE,2021-03-22,09:53:59,1330.25,1330.25,1330.25,1330.25,0,0,14756.65
2021-03-22 09:54:59,NIFTY,25MAR21,13400,CE,2021-03-22,09:54:59,1330.25,1330.25,1330.25,1330.25,0,0,14746.75
2021-03-22 09:55:59,NIFTY,25MAR21,13400,CE,2021-03-22,09:55:59,1330.25,1330.25,1330.25,1330.25,0,0,14736.3
2021-03-22 09:56:59,NIFTY,25MAR21,13400,CE,2021-03-22,09:56:59,1330.25,1330.25,1330.25,1330.25,0,0,14725.25
2021-03-22 09:57:59,NIFTY,25MAR21,13400,CE,2021-03-22,09:57:59,1330.25,1330.25,1330.25,1330.25,0,0,14728.8
2021-03-22 09:58:59,NIFTY,25MAR21,13400,CE,2021-03-22,09:58:59,1330.25,1330.25,1330.25,1330.25,0,0,14731.4
2021-03-22 09:59:59,NIFTY,25MAR21,13400,CE,2021-03-22,09:59:59,1330.25,1330.25,1330.25,1330.25,0,0,14723.15
2021-03-22 10:00:59,NIFTY,25MAR21,13400,CE,2021-03-22,10:00:59,1330.25,1330.25,1330.25,1330.25,0,0,14698.4
2021-03-22 10:01:59,NIFTY,25MAR21,13400,CE,2021-03-22,10:01:59,1330.25,1330.25,1330.25,1330.25,0,0,14703.35
2021-03-22 10:02:59,NIFTY,25MAR21,13400,CE,2021-03-22,10:02:59,1330.25,1330.25,1330.25,1330.25,0,0,14696.4
2021-03-22 10:03:59,NIFTY,25MAR21,13400,CE,2021-03-22,10:03:59,1330.25,1330.25,1330.25,1330.25,0,0,14714.5
2021-03-22 10:04:59,NIFTY,25MAR21,13400,CE,2021-03-22,10:04:59,1330.25,1330.25,1330.25,1330.25,0,0,14711.6
2021-03-22 10:05:59,NIFTY,25MAR21,13400,CE,2021-03-22,10:05:59,1330.25,1330.25,1330.25,1330.25,0,0,14708.85
2021-03-22 10:06:59,NIFTY,25MAR21,13400,CE,2021-03-22,10:06:59,1330.25,1330.25,1330.25,1330.25,0,0,14721.8
2021-03-22 10:07:59,NIFTY,25MAR21,13400,CE,2021-03-22,10:07:59,1330.25,1330.25,1330.25,1330.25,0,0,14725.65
2021-03-22 10:08:59,NIFTY,25MAR21,13400,CE,2021-03-22,10:08:59,1330.25,1330.25,1330.25,1330.25,0,0,14722.2
2021-03-22 10:09:59,NIFTY,25MAR21,13400,CE,2021-03-22,10:09:59,1330.25,1330.25,1330.25,1330.25,0,0,14730.6
2021-03-22 10:10:59,NIFTY,25MAR21,13400,CE,2021-03-22,10:10:59,1330.25,1330.25,1330.25,1330.25,0,0,14730.6
2021-03-22 10:11:59,NIFTY,25MAR21,13400,CE,2021-03-22,10:11:59,1330.25,1330.25,1330.25,1330.25,0,0,14732.65
2021-03-22 10:12:59,NIFTY,25MAR21,13400,CE,2021-03-22,10:12:59,1330.25,1330.25,1330.25,1330.25,0,0,14736.9
2021-03-22 10:13:59,NIFTY,25MAR21,13400,CE,2021-03-22,10:13:59,1330.25,1330.25,1330.25,1330.25,0,0,14731.85
2021-03-22 10:14:59,NIFTY,25MAR21,13400,CE,2021-03-22,10:14:59,1330.25,1330.25,1330.25,1330.25,0,0,14732.5
2021-03-22 10:15:59,NIFTY,25MAR21,13400,CE,2021-03-22,10:15:59,1330.25,1330.25,1330.25,1330.25,0,0,14724.6
2021-03-22 10:16:59,NIFTY,25MAR21,13400,CE,2021-03-22,10:16:59,1330.25,1330.25,1330.25,1330.25,0,0,14725.0
2021-03-22 10:17:59,NIFTY,25MAR21,13400,CE,2021-03-22,10:17:59,1330.25,1330.25,1330.25,1330.25,0,0,14722.25
2021-03-22 10:18:59,NIFTY,25MAR21,13400,CE,2021-03-22,10:18:59,1330.25,1330.25,1330.25,1330.25,0,0,14718.65
2021-03-22 10:19:59,NIFTY,25MAR21,13400,CE,2021-03-22,10:19:59,1330.25,1330.25,1330.25,1330.25,0,0,14723.2
2021-03-22 10:20:59,NIFTY,25MAR21,13400,CE,2021-03-22,10:20:59,1330.25,1330.25,1330.25,1330.25,0,0,14709.7
2021-03-22 10:21:59,NIFTY,25MAR21,13400,CE,2021-03-22,10:21:59,1330.25,1330.25,1330.25,1330.25,0,0,14706.15
2021-03-22 10:22:59,NIFTY,25MAR21,13400,CE,2021-03-22,10:22:59,1330.25,1330.25,1330.25,1330.25,0,0,14702.7
2021-03-22 10:23:59,NIFTY,25MAR21,13400,CE,2021-03-22,10:23:59,1330.25,1330.25,1330.25,1330.25,0,0,14710.85
2021-03-22 10:24:59,NIFTY,25MAR21,13400,CE,2021-03-22,10:24:59,1330.25,1330.25,1330.25,1330.25,0,0,14704.8
2021-03-22 10:25:59,NIFTY,25MAR21,13400,CE,2021-03-22,10:25:59,1330.25,1330.25,1330.25,1330.25,0,0,14692.2
2021-03-22 10:26:59,NIFTY,25MAR21,13400,CE,2021-03-22,10:26:59,1330.25,1330.25,1330.25,1330.25,0,0,14702.85
2021-03-22 10:27:59,NIFTY,25MAR21,13400,CE,2021-03-22,10:27:59,1330.25,1330.25,1330.25,1330.25,0,0,14695.0
2021-03-22 10:28:59,NIFTY,25MAR21,13400,CE,2021-03-22,10:28:59,1330.25,1330.25,1330.25,1330.25,0,0,14699.0
2021-03-22 10:29:59,NIFTY,25MAR21,13400,CE,2021-03-22,10:29:59,1330.25,1330.25,1330.25,1330.25,0,0,14694.25
2021-03-22 10:30:59,NIFTY,25MAR21,13400,CE,2021-03-22,10:30:59,1330.25,1330.25,1330.25,1330.25,0,0,14690.5
2021-03-22 10:31:59,NIFTY,25MAR21,13400,CE,2021-03-22,10:31:59,1330.25,1330.25,1330.25,1330.25,0,0,14682.85
2021-03-22 10:32:59,NIFTY,25MAR21,13400,CE,2021-03-22,10:32:59,1330.25,1330.25,1330.25,1330.25,0,0,14689.9
2021-03-22 10:33:59,NIFTY,25MAR21,13400,CE,2021-03-22,10:33:59,1330.25,1330.25,1330.25,1330.25,0,0,14696.4
2021-03-22 10:34:59,NIFTY,25MAR21,13400,CE,2021-03-22,10:34:59,1330.25,1330.25,1330.25,1330.25,0,0,14691.7
2021-03-22 10:35:59,NIFTY,25MAR21,13400,CE,2021-03-22,10:35:59,1330.25,1330.25,1330.25,1330.25,0,0,14686.05
2021-03-22 10:36:59,NIFTY,25MAR21,13400,CE,2021-03-22,10:36:59,1330.25,1330.25,1330.25,1330.25,0,0,14694.15
2021-03-22 10:37:59,NIFTY,25MAR21,13400,CE,2021-03-22,10:37:59,1330.25,1330.25,1330.25,1330.25,0,0,14696.9
2021-03-22 10:38:59,NIFTY,25MAR21,13400,CE,2021-03-22,10:38:59,1330.25,1330.25,1330.25,1330.25,0,0,14706.0
2021-03-22 10:39:59,NIFTY,25MAR21,13400,CE,2021-03-22,10:39:59,1330.25,1330.25,1330.25,1330.25,0,0,14708.25
2021-03-22 10:40:59,NIFTY,25MAR21,13400,CE,2021-03-22,10:40:59,1330.25,1330.25,1330.25,1330.25,0,0,14694.4
2021-03-22 10:41:59,NIFTY,25MAR21,13400,CE,2021-03-22,10:41:59,1330.25,1330.25,1330.25,1330.25,0,0,14696.9
2021-03-22 10:42:59,NIFTY,25MAR21,13400,CE,2021-03-22,10:42:59,1330.25,1330.25,1330.25,1330.25,0,0,14693.75
2021-03-22 10:43:59,NIFTY,25MAR21,13400,CE,2021-03-22,10:43:59,1330.25,1330.25,1330.25,1330.25,0,0,14683.85
2021-03-22 10:44:59,NIFTY,25MAR21,13400,CE,2021-03-22,10:44:59,1330.25,1330.25,1330.25,1330.25,0,0,14686.25
2021-03-22 10:45:59,NIFTY,25MAR21,13400,CE,2021-03-22,10:45:59,1330.25,1330.25,1330.25,1330.25,0,0,14686.4
2021-03-22 10:46:59,NIFTY,25MAR21,13400,CE,2021-03-22,10:46:59,1330.25,1330.25,1330.25,1330.25,0,0,14671.0
2021-03-22 10:47:59,NIFTY,25MAR21,13400,CE,2021-03-22,10:47:59,1330.25,1330.25,1330.25,1330.25,0,0,14664.8
2021-03-22 10:48:59,NIFTY,25MAR21,13400,CE,2021-03-22,10:48:59,1330.25,1330.25,1330.25,1330.25,0,0,14667.85
2021-03-22 10:49:59,NIFTY,25MAR21,13400,CE,2021-03-22,10:49:59,1330.25,1330.25,1330.25,1330.25,0,0,14666.95
2021-03-22 10:50:59,NIFTY,25MAR21,13400,CE,2021-03-22,10:50:59,1330.25,1330.25,1330.25,1330.25,0,0,14670.5
2021-03-22 10:51:59,NIFTY,25MAR21,13400,CE,2021-03-22,10:51:59,1330.25,1330.25,1330.25,1330.25,0,0,14666.1
2021-03-22 10:52:59,NIFTY,25MAR21,13400,CE,2021-03-22,10:52:59,1330.25,1330.25,1330.25,1330.25,0,0,14662.5
2021-03-22 10:53:59,NIFTY,25MAR21,13400,CE,2021-03-22,10:53:59,1330.25,1330.25,1330.25,1330.25,0,0,14668.75
2021-03-22 10:54:59,NIFTY,25MAR21,13400,CE,2021-03-22,10:54:59,1330.25,1330.25,1330.25,1330.25,0,0,14667.3
2021-03-22 10:55:59,NIFTY,25MAR21,13400,CE,2021-03-22,10:55:59,1330.25,1330.25,1330.25,1330.25,0,0,14669.75
2021-03-22 10:56:59,NIFTY,25MAR21,13400,CE,2021-03-22,10:56:59,1330.25,1330.25,1330.25,1330.25,0,0,14665.9
2021-03-22 10:57:59,NIFTY,25MAR21,13400,CE,2021-03-22,10:57:59,1330.25,1330.25,1330.25,1330.25,0,0,14664.0
2021-03-22 10:58:59,NIFTY,25MAR21,13400,CE,2021-03-22,10:58:59,1330.25,1330.25,1330.25,1330.25,0,0,14668.55
2021-03-22 10:59:59,NIFTY,25MAR21,13400,CE,2021-03-22,10:59:59,1330.25,1330.25,1330.25,1330.25,0,0,14666.75
2021-03-22 11:00:59,NIFTY,25MAR21,13400,CE,2021-03-22,11:00:59,1330.25,1330.25,1330.25,1330.25,0,0,14652.25
2021-03-22 11:01:59,NIFTY,25MAR21,13400,CE,2021-03-22,11:01:59,1330.25,1330.25,1330.25,1330.25,0,0,14652.1
2021-03-22 11:02:59,NIFTY,25MAR21,13400,CE,2021-03-22,11:02:59,1330.25,1330.25,1330.25,1330.25,0,0,14653.95
2021-03-22 11:03:59,NIFTY,25MAR21,13400,CE,2021-03-22,11:03:59,1330.25,1330.25,1330.25,1330.25,0,0,14655.2
2021-03-22 11:04:59,NIFTY,25MAR21,13400,CE,2021-03-22,11:04:59,1330.25,1330.25,1330.25,1330.25,0,0,14656.9
2021-03-22 11:05:59,NIFTY,25MAR21,13400,CE,2021-03-22,11:05:59,1330.25,1330.25,1330.25,1330.25,0,0,14663.9
2021-03-22 11:06:59,NIFTY,25MAR21,13400,CE,2021-03-22,11:06:59,1330.25,1330.25,1330.25,1330.25,0,0,14678.8
2021-03-22 11:07:59,NIFTY,25MAR21,13400,CE,2021-03-22,11:07:59,1330.25,1330.25,1330.25,1330.25,0,0,14673.05
2021-03-22 11:08:59,NIFTY,25MAR21,13400,CE,2021-03-22,11:08:59,1330.25,1330.25,1330.25,1330.25,0,0,14677.35
2021-03-22 11:09:59,NIFTY,25MAR21,13400,CE,2021-03-22,11:09:59,1330.25,1330.25,1330.25,1330.25,0,0,14678.7
2021-03-22 11:10:59,NIFTY,25MAR21,13400,CE,2021-03-22,11:10:59,1330.25,1330.25,1330.25,1330.25,0,0,14676.85
2021-03-22 11:11:59,NIFTY,25MAR21,13400,CE,2021-03-22,11:11:59,1330.25,1330.25,1330.25,1330.25,0,0,14674.85
2021-03-22 11:12:59,NIFTY,25MAR21,13400,CE,2021-03-22,11:12:59,1330.25,1330.25,1330.25,1330.25,0,0,14676.8
2021-03-22 11:13:59,NIFTY,25MAR21,13400,CE,2021-03-22,11:13:59,1330.25,1330.25,1330.25,1330.25,0,0,14679.7
2021-03-22 11:14:59,NIFTY,25MAR21,13400,CE,2021-03-22,11:14:59,1330.25,1330.25,1330.25,1330.25,0,0,14684.2
2021-03-22 11:15:59,NIFTY,25MAR21,13400,CE,2021-03-22,11:15:59,1330.25,1330.25,1330.25,1330.25,0,0,14692.3
2021-03-22 11:16:59,NIFTY,25MAR21,13400,CE,2021-03-22,11:16:59,1330.25,1330.25,1330.25,1330.25,0,0,14693.25
2021-03-22 11:17:59,NIFTY,25MAR21,13400,CE,2021-03-22,11:17:59,1330.25,1330.25,1330.25,1330.25,0,0,14682.8
2021-03-22 11:18:59,NIFTY,25MAR21,13400,CE,2021-03-22,11:18:59,1330.25,1330.25,1330.25,1330.25,0,0,14691.3
2021-03-22 11:19:59,NIFTY,25MAR21,13400,CE,2021-03-22,11:19:59,1330.25,1330.25,1330.25,1330.25,0,0,14689.55
2021-03-22 11:20:59,NIFTY,25MAR21,13400,CE,2021-03-22,11:20:59,1330.25,1330.25,1330.25,1330.25,0,0,14690.5
2021-03-22 11:21:59,NIFTY,25MAR21,13400,CE,2021-03-22,11:21:59,1330.25,1330.25,1330.25,1330.25,0,0,14682.5
2021-03-22 11:22:59,NIFTY,25MAR21,13400,CE,2021-03-22,11:22:59,1330.25,1330.25,1330.25,1330.25,0,0,14680.85
2021-03-22 11:23:59,NIFTY,25MAR21,13400,CE,2021-03-22,11:23:59,1330.25,1330.25,1330.25,1330.25,0,0,14684.2
2021-03-22 11:24:59,NIFTY,25MAR21,13400,CE,2021-03-22,11:24:59,1330.25,1330.25,1330.25,1330.25,0,0,14680.3
2021-03-22 11:25:59,NIFTY,25MAR21,13400,CE,2021-03-22,11:25:59,1330.25,1330.25,1330.25,1330.25,0,0,14673.65
2021-03-22 11:26:59,NIFTY,25MAR21,13400,CE,2021-03-22,11:26:59,1330.25,1330.25,1330.25,1330.25,0,0,14669.75
2021-03-22 11:27:59,NIFTY,25MAR21,13400,CE,2021-03-22,11:27:59,1330.25,1330.25,1330.25,1330.25,0,0,14672.7
2021-03-22 11:28:59,NIFTY,25MAR21,13400,CE,2021-03-22,11:28:59,1330.25,1330.25,1330.25,1330.25,0,0,14665.35
2021-03-22 11:29:59,NIFTY,25MAR21,13400,CE,2021-03-22,11:29:59,1330.25,1330.25,1330.25,1330.25,0,0,14670.15
2021-03-22 11:30:59,NIFTY,25MAR21,13400,CE,2021-03-22,11:30:59,1330.25,1330.25,1330.25,1330.25,0,0,14659.15
2021-03-22 11:31:59,NIFTY,25MAR21,13400,CE,2021-03-22,11:31:59,1330.25,1330.25,1330.25,1330.25,0,0,14675.75
2021-03-22 11:32:59,NIFTY,25MAR21,13400,CE,2021-03-22,11:32:59,1330.25,1330.25,1330.25,1330.25,0,0,14670.9
2021-03-22 11:33:59,NIFTY,25MAR21,13400,CE,2021-03-22,11:33:59,1330.25,1330.25,1330.25,1330.25,0,0,14671.05
2021-03-22 11:34:59,NIFTY,25MAR21,13400,CE,2021-03-22,11:34:59,1330.25,1330.25,1330.25,1330.25,0,0,14675.9
2021-03-22 11:35:59,NIFTY,25MAR21,13400,CE,2021-03-22,11:35:59,1330.25,1330.25,1330.25,1330.25,0,0,14679.35
2021-03-22 11:36:59,NIFTY,25MAR21,13400,CE,2021-03-22,11:36:59,1330.25,1330.25,1330.25,1330.25,0,0,14688.2
2021-03-22 11:37:59,NIFTY,25MAR21,13400,CE,2021-03-22,11:37:59,1330.25,1330.25,1330.25,1330.25,0,0,14684.3
2021-03-22 11:38:59,NIFTY,25MAR21,13400,CE,2021-03-22,11:38:59,1330.25,1330.25,1330.25,1330.25,0,0,14686.7
2021-03-22 11:39:59,NIFTY,25MAR21,13400,CE,2021-03-22,11:39:59,1330.25,1330.25,1330.25,1330.25,0,0,14683.4
2021-03-22 11:40:59,NIFTY,25MAR21,13400,CE,2021-03-22,11:40:59,1330.25,1330.25,1330.25,1330.25,0,0,14680.4
2021-03-22 11:41:59,NIFTY,25MAR21,13400,CE,2021-03-22,11:41:59,1330.25,1330.25,1330.25,1330.25,0,0,14683.95
2021-03-22 11:42:59,NIFTY,25MAR21,13400,CE,2021-03-22,11:42:59,1330.25,1330.25,1330.25,1330.25,0,0,14681.55
2021-03-22 11:43:59,NIFTY,25MAR21,13400,CE,2021-03-22,11:43:59,1330.25,1330.25,1330.25,1330.25,0,0,14678.7
2021-03-22 11:44:59,NIFTY,25MAR21,13400,CE,2021-03-22,11:44:59,1330.25,1330.25,1330.25,1330.25,0,0,14686.05
2021-03-22 11:45:59,NIFTY,25MAR21,13400,CE,2021-03-22,11:45:59,1330.25,1330.25,1330.25,1330.25,0,0,14689.75
2021-03-22 11:46:59,NIFTY,25MAR21,13400,CE,2021-03-22,11:46:59,1330.25,1330.25,1330.25,1330.25,0,0,14684.45
2021-03-22 11:47:59,NIFTY,25MAR21,13400,CE,2021-03-22,11:47:59,1330.25,1330.25,1330.25,1330.25,0,0,14688.3
2021-03-22 11:48:59,NIFTY,25MAR21,13400,CE,2021-03-22,11:48:59,1330.25,1330.25,1330.25,1330.25,0,0,14693.05
2021-03-22 11:49:59,NIFTY,25MAR21,13400,CE,2021-03-22,11:49:59,1330.25,1330.25,1330.25,1330.25,0,0,14696.3
2021-03-22 11:50:59,NIFTY,25MAR21,13400,CE,2021-03-22,11:50:59,1330.25,1330.25,1330.25,1330.25,0,0,14697.4
2021-03-22 11:51:59,NIFTY,25MAR21,13400,CE,2021-03-22,11:51:59,1330.25,1330.25,1330.25,1330.25,0,0,14695.8
2021-03-22 11:52:59,NIFTY,25MAR21,13400,CE,2021-03-22,11:52:59,1330.25,1330.25,1330.25,1330.25,0,0,14698.55
2021-03-22 11:53:59,NIFTY,25MAR21,13400,CE,2021-03-22,11:53:59,1330.25,1330.25,1330.25,1330.25,0,0,14698.7
2021-03-22 11:54:59,NIFTY,25MAR21,13400,CE,2021-03-22,11:54:59,1330.25,1330.25,1330.25,1330.25,0,0,14710.85
2021-03-22 11:55:59,NIFTY,25MAR21,13400,CE,2021-03-22,11:55:59,1330.25,1330.25,1330.25,1330.25,0,0,14712.1
2021-03-22 11:56:59,NIFTY,25MAR21,13400,CE,2021-03-22,11:56:59,1330.25,1330.25,1330.25,1330.25,0,0,14702.0
2021-03-22 11:57:59,NIFTY,25MAR21,13400,CE,2021-03-22,11:57:59,1330.25,1330.25,1330.25,1330.25,0,0,14704.9
2021-03-22 11:58:59,NIFTY,25MAR21,13400,CE,2021-03-22,11:58:59,1330.25,1330.25,1330.25,1330.25,0,0,14709.45
2021-03-22 11:59:59,NIFTY,25MAR21,13400,CE,2021-03-22,11:59:59,1330.25,1330.25,1330.25,1330.25,0,0,14706.9
2021-03-22 12:00:59,NIFTY,25MAR21,13400,CE,2021-03-22,12:00:59,1330.25,1330.25,1330.25,1330.25,0,0,14705.3
2021-03-22 12:01:59,NIFTY,25MAR21,13400,CE,2021-03-22,12:01:59,1330.25,1330.25,1330.25,1330.25,0,0,14695.05
2021-03-22 12:02:59,NIFTY,25MAR21,13400,CE,2021-03-22,12:02:59,1330.25,1330.25,1330.25,1330.25,0,0,14695.8
2021-03-22 12:03:59,NIFTY,25MAR21,13400,CE,2021-03-22,12:03:59,1330.25,1330.25,1330.25,1330.25,0,0,14688.85
2021-03-22 12:04:59,NIFTY,25MAR21,13400,CE,2021-03-22,12:04:59,1330.25,1330.25,1330.25,1330.25,0,0,14687.55
2021-03-22 12:05:59,NIFTY,25MAR21,13400,CE,2021-03-22,12:05:59,1330.25,1330.25,1330.25,1330.25,0,0,14682.15
2021-03-22 12:06:59,NIFTY,25MAR21,13400,CE,2021-03-22,12:06:59,1330.25,1330.25,1330.25,1330.25,0,0,14688.15
2021-03-22 12:07:59,NIFTY,25MAR21,13400,CE,2021-03-22,12:07:59,1330.25,1330.25,1330.25,1330.25,0,0,14688.0
2021-03-22 12:08:59,NIFTY,25MAR21,13400,CE,2021-03-22,12:08:59,1330.25,1330.25,1330.25,1330.25,0,0,14694.8
2021-03-22 12:09:59,NIFTY,25MAR21,13400,CE,2021-03-22,12:09:59,1330.25,1330.25,1330.25,1330.25,0,0,14696.9
2021-03-22 12:10:59,NIFTY,25MAR21,13400,CE,2021-03-22,12:10:59,1330.25,1330.25,1330.25,1330.25,0,0,14696.3
2021-03-22 12:11:59,NIFTY,25MAR21,13400,CE,2021-03-22,12:11:59,1330.25,1330.25,1330.25,1330.25,0,0,14695.2
2021-03-22 12:12:59,NIFTY,25MAR21,13400,CE,2021-03-22,12:12:59,1330.25,1330.25,1330.25,1330.25,0,0,14686.85
2021-03-22 12:13:59,NIFTY,25MAR21,13400,CE,2021-03-22,12:13:59,1330.25,1330.25,1330.25,1330.25,0,0,14684.7
2021-03-22 12:14:59,NIFTY,25MAR21,13400,CE,2021-03-22,12:14:59,1330.25,1330.25,1330.25,1330.25,0,0,14681.8
2021-03-22 12:15:59,NIFTY,25MAR21,13400,CE,2021-03-22,12:15:59,1330.25,1330.25,1330.25,1330.25,0,0,14667.7
2021-03-22 12:16:59,NIFTY,25MAR21,13400,CE,2021-03-22,12:16:59,1330.25,1330.25,1330.25,1330.25,0,0,14670.6
2021-03-22 12:17:59,NIFTY,25MAR21,13400,CE,2021-03-22,12:17:59,1330.25,1330.25,1330.25,1330.25,0,0,14660.15
2021-03-22 12:18:59,NIFTY,25MAR21,13400,CE,2021-03-22,12:18:59,1330.25,1330.25,1330.25,1330.25,0,0,14658.1
2021-03-22 12:19:59,NIFTY,25MAR21,13400,CE,2021-03-22,12:19:59,1330.25,1330.25,1330.25,1330.25,0,0,14652.65
2021-03-22 12:20:59,NIFTY,25MAR21,13400,CE,2021-03-22,12:20:59,1330.25,1330.25,1330.25,1330.25,0,0,14643.65
2021-03-22 12:21:59,NIFTY,25MAR21,13400,CE,2021-03-22,12:21:59,1330.25,1330.25,1330.25,1330.25,0,0,14647.05
2021-03-22 12:22:59,NIFTY,25MAR21,13400,CE,2021-03-22,12:22:59,1330.25,1330.25,1330.25,1330.25,0,0,14641.15
2021-03-22 12:23:59,NIFTY,25MAR21,13400,CE,2021-03-22,12:23:59,1330.25,1330.25,1330.25,1330.25,0,0,14640.45
2021-03-22 12:24:59,NIFTY,25MAR21,13400,CE,2021-03-22,12:24:59,1330.25,1330.25,1330.25,1330.25,0,0,14647.85
2021-03-22 12:25:59,NIFTY,25MAR21,13400,CE,2021-03-22,12:25:59,1330.25,1330.25,1330.25,1330.25,0,0,14638.55
2021-03-22 12:26:59,NIFTY,25MAR21,13400,CE,2021-03-22,12:26:59,1330.25,1330.25,1330.25,1330.25,0,0,14633.7
2021-03-22 12:27:59,NIFTY,25MAR21,13400,CE,2021-03-22,12:27:59,1330.25,1330.25,1330.25,1330.25,0,0,14629.0
2021-03-22 12:28:59,NIFTY,25MAR21,13400,CE,2021-03-22,12:28:59,1330.25,1330.25,1330.25,1330.25,0,0,14632.25
2021-03-22 12:29:59,NIFTY,25MAR21,13400,CE,2021-03-22,12:29:59,1330.25,1330.25,1330.25,1330.25,0,0,14634.75
2021-03-22 12:30:59,NIFTY,25MAR21,13400,CE,2021-03-22,12:30:59,1330.25,1330.25,1330.25,1330.25,0,0,14620.65
2021-03-22 12:31:59,NIFTY,25MAR21,13400,CE,2021-03-22,12:31:59,1330.25,1330.25,1330.25,1330.25,0,0,14617.15
2021-03-22 12:32:59,NIFTY,25MAR21,13400,CE,2021-03-22,12:32:59,1330.25,1330.25,1330.25,1330.25,0,0,14624.55
2021-03-22 12:33:59,NIFTY,25MAR21,13400,CE,2021-03-22,12:33:59,1330.25,1330.25,1330.25,1330.25,0,0,14632.9
2021-03-22 12:34:59,NIFTY,25MAR21,13400,CE,2021-03-22,12:34:59,1330.25,1330.25,1330.25,1330.25,0,0,14633.45
2021-03-22 12:35:59,NIFTY,25MAR21,13400,CE,2021-03-22,12:35:59,1330.25,1330.25,1330.25,1330.25,0,0,14625.65
2021-03-22 12:36:59,NIFTY,25MAR21,13400,CE,2021-03-22,12:36:59,1330.25,1330.25,1330.25,1330.25,0,0,14627.5
2021-03-22 12:37:59,NIFTY,25MAR21,13400,CE,2021-03-22,12:37:59,1330.25,1330.25,1330.25,1330.25,0,0,14626.45
2021-03-22 12:38:59,NIFTY,25MAR21,13400,CE,2021-03-22,12:38:59,1330.25,1330.25,1330.25,1330.25,0,0,14627.45
2021-03-22 12:39:59,NIFTY,25MAR21,13400,CE,2021-03-22,12:39:59,1330.25,1330.25,1330.25,1330.25,0,0,14628.8
2021-03-22 12:40:59,NIFTY,25MAR21,13400,CE,2021-03-22,12:40:59,1330.25,1330.25,1330.25,1330.25,0,0,14622.45
2021-03-22 12:41:59,NIFTY,25MAR21,13400,CE,2021-03-22,12:41:59,1330.25,1330.25,1330.25,1330.25,0,0,14613.75
2021-03-22 12:42:59,NIFTY,25MAR21,13400,CE,2021-03-22,12:42:59,1330.25,1330.25,1330.25,1330.25,0,0,14617.9
2021-03-22 12:43:59,NIFTY,25MAR21,13400,CE,2021-03-22,12:43:59,1330.25,1330.25,1330.25,1330.25,0,0,14616.05
2021-03-22 12:44:59,NIFTY,25MAR21,13400,CE,2021-03-22,12:44:59,1330.25,1330.25,1330.25,1330.25,0,0,14617.05
2021-03-22 12:45:59,NIFTY,25MAR21,13400,CE,2021-03-22,12:45:59,1330.25,1330.25,1330.25,1330.25,0,0,14610.9
2021-03-22 12:46:59,NIFTY,25MAR21,13400,CE,2021-03-22,12:46:59,1330.25,1330.25,1330.25,1330.25,0,0,14616.3
2021-03-22 12:47:59,NIFTY,25MAR21,13400,CE,2021-03-22,12:47:59,1330.25,1330.25,1330.25,1330.25,0,0,14625.15
2021-03-22 12:48:59,NIFTY,25MAR21,13400,CE,2021-03-22,12:48:59,1330.25,1330.25,1330.25,1330.25,0,0,14639.55
2021-03-22 12:49:59,NIFTY,25MAR21,13400,CE,2021-03-22,12:49:59,1330.25,1330.25,1330.25,1330.25,0,0,14637.5
2021-03-22 12:50:59,NIFTY,25MAR21,13400,CE,2021-03-22,12:50:59,1330.25,1330.25,1330.25,1330.25,0,0,14627.0
2021-03-22 12:51:59,NIFTY,25MAR21,13400,CE,2021-03-22,12:51:59,1330.25,1330.25,1330.25,1330.25,0,0,14627.3
2021-03-22 12:52:59,NIFTY,25MAR21,13400,CE,2021-03-22,12:52:59,1330.25,1330.25,1330.25,1330.25,0,0,14625.1
2021-03-22 12:53:59,NIFTY,25MAR21,13400,CE,2021-03-22,12:53:59,1330.25,1330.25,1330.25,1330.25,0,0,14628.15
2021-03-22 12:54:59,NIFTY,25MAR21,13400,CE,2021-03-22,12:54:59,1330.25,1330.25,1330.25,1330.25,0,0,14625.4
2021-03-22 12:55:59,NIFTY,25MAR21,13400,CE,2021-03-22,12:55:59,1330.25,1330.25,1330.25,1330.25,0,0,14619.95
2021-03-22 12:56:59,NIFTY,25MAR21,13400,CE,2021-03-22,12:56:59,1330.25,1330.25,1330.25,1330.25,0,0,14621.55
2021-03-22 12:57:59,NIFTY,25MAR21,13400,CE,2021-03-22,12:57:59,1330.25,1330.25,1330.25,1330.25,0,0,14622.85
2021-03-22 12:58:59,NIFTY,25MAR21,13400,CE,2021-03-22,12:58:59,1330.25,1330.25,1330.25,1330.25,0,0,14623.05
2021-03-22 12:59:59,NIFTY,25MAR21,13400,CE,2021-03-22,12:59:59,1330.25,1330.25,1330.25,1330.25,0,0,14618.6
2021-03-22 13:00:59,NIFTY,25MAR21,13400,CE,2021-03-22,13:00:59,1330.25,1330.25,1330.25,1330.25,0,0,14612.3
2021-03-22 13:01:59,NIFTY,25MAR21,13400,CE,2021-03-22,13:01:59,1330.25,1330.25,1330.25,1330.25,0,0,14612.6
2021-03-22 13:02:59,NIFTY,25MAR21,13400,CE,2021-03-22,13:02:59,1330.25,1330.25,1330.25,1330.25,0,0,14604.35
2021-03-22 13:03:59,NIFTY,25MAR21,13400,CE,2021-03-22,13:03:59,1330.25,1330.25,1330.25,1330.25,0,0,14602.55
2021-03-22 13:04:59,NIFTY,25MAR21,13400,CE,2021-03-22,13:04:59,1330.25,1330.25,1330.25,1330.25,0,0,14607.65
2021-03-22 13:05:59,NIFTY,25MAR21,13400,CE,2021-03-22,13:05:59,1330.25,1330.25,1330.25,1330.25,0,0,14620.35
2021-03-22 13:06:59,NIFTY,25MAR21,13400,CE,2021-03-22,13:06:59,1330.25,1330.25,1330.25,1330.25,0,0,14615.55
2021-03-22 13:07:59,NIFTY,25MAR21,13400,CE,2021-03-22,13:07:59,1330.25,1330.25,1330.25,1330.25,0,0,14616.55
2021-03-22 13:08:59,NIFTY,25MAR21,13400,CE,2021-03-22,13:08:59,1330.25,1330.25,1330.25,1330.25,0,0,14619.15
2021-03-22 13:09:59,NIFTY,25MAR21,13400,CE,2021-03-22,13:09:59,1330.25,1330.25,1330.25,1330.25,0,0,14614.6
2021-03-22 13:10:59,NIFTY,25MAR21,13400,CE,2021-03-22,13:10:59,1330.25,1330.25,1330.25,1330.25,0,0,14619.85
2021-03-22 13:11:59,NIFTY,25MAR21,13400,CE,2021-03-22,13:11:59,1330.25,1330.25,1330.25,1330.25,0,0,14616.95
2021-03-22 13:12:59,NIFTY,25MAR21,13400,CE,2021-03-22,13:12:59,1330.25,1330.25,1330.25,1330.25,0,0,14621.1
2021-03-22 13:13:59,NIFTY,25MAR21,13400,CE,2021-03-22,13:13:59,1330.25,1330.25,1330.25,1330.25,0,0,14626.55
2021-03-22 13:14:59,NIFTY,25MAR21,13400,CE,2021-03-22,13:14:59,1330.25,1330.25,1330.25,1330.25,0,0,14625.95
2021-03-22 13:15:59,NIFTY,25MAR21,13400,CE,2021-03-22,13:15:59,1330.25,1330.25,1330.25,1330.25,0,0,14631.45
2021-03-22 13:16:59,NIFTY,25MAR21,13400,CE,2021-03-22,13:16:59,1330.25,1330.25,1330.25,1330.25,0,0,14620.7
2021-03-22 13:17:59,NIFTY,25MAR21,13400,CE,2021-03-22,13:17:59,1330.25,1330.25,1330.25,1330.25,0,0,14616.9
2021-03-22 13:18:59,NIFTY,25MAR21,13400,CE,2021-03-22,13:18:59,1330.25,1330.25,1330.25,1330.25,0,0,14608.35
2021-03-22 13:19:59,NIFTY,25MAR21,13400,CE,2021-03-22,13:19:59,1330.25,1330.25,1330.25,1330.25,0,0,14605.9
2021-03-22 13:20:59,NIFTY,25MAR21,13400,CE,2021-03-22,13:20:59,1330.25,1330.25,1330.25,1330.25,0,0,14599.55
2021-03-22 13:21:59,NIFTY,25MAR21,13400,CE,2021-03-22,13:21:59,1330.25,1330.25,1330.25,1330.25,0,0,14610.55
2021-03-22 13:22:59,NIFTY,25MAR21,13400,CE,2021-03-22,13:22:59,1330.25,1330.25,1330.25,1330.25,0,0,14609.7
2021-03-22 13:23:59,NIFTY,25MAR21,13400,CE,2021-03-22,13:23:59,1330.25,1330.25,1330.25,1330.25,0,0,14607.8
2021-03-22 13:24:59,NIFTY,25MAR21,13400,CE,2021-03-22,13:24:59,1330.25,1330.25,1330.25,1330.25,0,0,14611.4
2021-03-22 13:25:59,NIFTY,25MAR21,13400,CE,2021-03-22,13:25:59,1330.25,1330.25,1330.25,1330.25,0,0,14620.65
2021-03-22 13:26:59,NIFTY,25MAR21,13400,CE,2021-03-22,13:26:59,1330.25,1330.25,1330.25,1330.25,0,0,14627.65
2021-03-22 13:27:59,NIFTY,25MAR21,13400,CE,2021-03-22,13:27:59,1330.25,1330.25,1330.25,1330.25,0,0,14627.6
2021-03-22 13:28:59,NIFTY,25MAR21,13400,CE,2021-03-22,13:28:59,1330.25,1330.25,1330.25,1330.25,0,0,14633.65
2021-03-22 13:29:59,NIFTY,25MAR21,13400,CE,2021-03-22,13:29:59,1330.25,1330.25,1330.25,1330.25,0,0,14628.6
2021-03-22 13:30:59,NIFTY,25MAR21,13400,CE,2021-03-22,13:30:59,1330.25,1330.25,1330.25,1330.25,0,0,14626.7
2021-03-22 13:31:59,NIFTY,25MAR21,13400,CE,2021-03-22,13:31:59,1330.25,1330.25,1330.25,1330.25,0,0,14623.35
2021-03-22 13:32:59,NIFTY,25MAR21,13400,CE,2021-03-22,13:32:59,1330.25,1330.25,1330.25,1330.25,0,0,14621.45
2021-03-22 13:33:59,NIFTY,25MAR21,13400,CE,2021-03-22,13:33:59,1330.25,1330.25,1330.25,1330.25,0,0,14619.3
2021-03-22 13:34:59,NIFTY,25MAR21,13400,CE,2021-03-22,13:34:59,1330.25,1330.25,1330.25,1330.25,0,0,14624.7
2021-03-22 13:35:59,NIFTY,25MAR21,13400,CE,2021-03-22,13:35:59,1330.25,1330.25,1330.25,1330.25,0,0,14639.1
2021-03-22 13:36:59,NIFTY,25MAR21,13400,CE,2021-03-22,13:36:59,1330.25,1330.25,1330.25,1330.25,0,0,14642.1
2021-03-22 13:37:59,NIFTY,25MAR21,13400,CE,2021-03-22,13:37:59,1330.25,1330.25,1330.25,1330.25,0,0,14653.95
2021-03-22 13:38:59,NIFTY,25MAR21,13400,CE,2021-03-22,13:38:59,1330.25,1330.25,1330.25,1330.25,0,0,14656.35
2021-03-22 13:39:59,NIFTY,25MAR21,13400,CE,2021-03-22,13:39:59,1330.25,1330.25,1330.25,1330.25,0,0,14662.85
2021-03-22 13:40:59,NIFTY,25MAR21,13400,CE,2021-03-22,13:40:59,1330.25,1330.25,1330.25,1330.25,0,0,14656.65
2021-03-22 13:41:59,NIFTY,25MAR21,13400,CE,2021-03-22,13:41:59,1330.25,1330.25,1330.25,1330.25,0,0,14674.3
2021-03-22 13:42:59,NIFTY,25MAR21,13400,CE,2021-03-22,13:42:59,1330.25,1330.25,1330.25,1330.25,0,0,14666.55
2021-03-22 13:43:59,NIFTY,25MAR21,13400,CE,2021-03-22,13:43:59,1330.25,1330.25,1330.25,1330.25,0,0,14674.25
2021-03-22 13:44:59,NIFTY,25MAR21,13400,CE,2021-03-22,13:44:59,1330.25,1330.25,1330.25,1330.25,0,0,14672.45
2021-03-22 13:45:59,NIFTY,25MAR21,13400,CE,2021-03-22,13:45:59,1330.25,1330.25,1330.25,1330.25,0,0,14658.7
2021-03-22 13:46:59,NIFTY,25MAR21,13400,CE,2021-03-22,13:46:59,1330.25,1330.25,1330.25,1330.25,0,0,14685.3
2021-03-22 13:47:59,NIFTY,25MAR21,13400,CE,2021-03-22,13:47:59,1330.25,1330.25,1330.25,1330.25,0,0,14677.55
2021-03-22 13:48:59,NIFTY,25MAR21,13400,CE,2021-03-22,13:48:59,1330.25,1330.25,1330.25,1330.25,0,0,14670.0
2021-03-22 13:49:59,NIFTY,25MAR21,13400,CE,2021-03-22,13:49:59,1330.25,1330.25,1330.25,1330.25,0,0,14676.8
2021-03-22 13:50:59,NIFTY,25MAR21,13400,CE,2021-03-22,13:50:59,1330.25,1330.25,1330.25,1330.25,0,0,14679.7
2021-03-22 13:51:59,NIFTY,25MAR21,13400,CE,2021-03-22,13:51:59,1330.25,1330.25,1330.25,1330.25,0,0,14678.7
2021-03-22 13:52:59,NIFTY,25MAR21,13400,CE,2021-03-22,13:52:59,1330.25,1330.25,1330.25,1330.25,0,0,14677.55
2021-03-22 13:53:59,NIFTY,25MAR21,13400,CE,2021-03-22,13:53:59,1330.25,1330.25,1330.25,1330.25,0,0,14678.75
2021-03-22 13:54:59,NIFTY,25MAR21,13400,CE,2021-03-22,13:54:59,1330.25,1330.25,1330.25,1330.25,0,0,14682.1
2021-03-22 13:55:59,NIFTY,25MAR21,13400,CE,2021-03-22,13:55:59,1330.25,1330.25,1330.25,1330.25,0,0,14662.85
2021-03-22 13:56:59,NIFTY,25MAR21,13400,CE,2021-03-22,13:56:59,1330.25,1330.25,1330.25,1330.25,0,0,14655.0
2021-03-22 13:57:59,NIFTY,25MAR21,13400,CE,2021-03-22,13:57:59,1330.25,1330.25,1330.25,1330.25,0,0,14664.6
2021-03-22 13:58:59,NIFTY,25MAR21,13400,CE,2021-03-22,13:58:59,1330.25,1330.25,1330.25,1330.25,0,0,14656.2
2021-03-22 13:59:59,NIFTY,25MAR21,13400,CE,2021-03-22,13:59:59,1330.25,1330.25,1330.25,1330.25,0,0,14661.9
2021-03-22 14:00:59,NIFTY,25MAR21,13400,CE,2021-03-22,14:00:59,1330.25,1330.25,1330.25,1330.25,0,0,14662.15
2021-03-22 14:01:59,NIFTY,25MAR21,13400,CE,2021-03-22,14:01:59,1330.25,1330.25,1330.25,1330.25,0,0,14656.6
2021-03-22 14:02:59,NIFTY,25MAR21,13400,CE,2021-03-22,14:02:59,1330.25,1330.25,1330.25,1330.25,0,0,14661.45
2021-03-22 14:03:59,NIFTY,25MAR21,13400,CE,2021-03-22,14:03:59,1330.25,1330.25,1330.25,1330.25,0,0,14662.8
2021-03-22 14:04:59,NIFTY,25MAR21,13400,CE,2021-03-22,14:04:59,1330.25,1330.25,1330.25,1330.25,0,0,14675.1
2021-03-22 14:05:59,NIFTY,25MAR21,13400,CE,2021-03-22,14:05:59,1330.25,1330.25,1330.25,1330.25,0,0,14699.9
2021-03-22 14:06:59,NIFTY,25MAR21,13400,CE,2021-03-22,14:06:59,1330.25,1330.25,1330.25,1330.25,0,0,14707.15
2021-03-22 14:07:59,NIFTY,25MAR21,13400,CE,2021-03-22,14:07:59,1330.25,1330.25,1330.25,1330.25,0,0,14698.05
2021-03-22 14:08:59,NIFTY,25MAR21,13400,CE,2021-03-22,14:08:59,1330.25,1330.25,1330.25,1330.25,0,0,14704.2
2021-03-22 14:09:59,NIFTY,25MAR21,13400,CE,2021-03-22,14:09:59,1330.25,1330.25,1330.25,1330.25,0,0,14700.95
2021-03-22 14:10:59,NIFTY,25MAR21,13400,CE,2021-03-22,14:10:59,1330.25,1330.25,1330.25,1330.25,0,0,14694.05
2021-03-22 14:11:59,NIFTY,25MAR21,13400,CE,2021-03-22,14:11:59,1330.25,1330.25,1330.25,1330.25,0,0,14696.9
2021-03-22 14:12:59,NIFTY,25MAR21,13400,CE,2021-03-22,14:12:59,1330.25,1330.25,1330.25,1330.25,0,0,14700.3
2021-03-22 14:13:59,NIFTY,25MAR21,13400,CE,2021-03-22,14:13:59,1330.25,1330.25,1330.25,1330.25,0,0,14696.1
2021-03-22 14:14:59,NIFTY,25MAR21,13400,CE,2021-03-22,14:14:59,1330.25,1330.25,1330.25,1330.25,0,0,14694.15
2021-03-22 14:15:59,NIFTY,25MAR21,13400,CE,2021-03-22,14:15:59,1330.25,1330.25,1330.25,1330.25,0,0,14706.3
2021-03-22 14:16:59,NIFTY,25MAR21,13400,CE,2021-03-22,14:16:59,1330.25,1330.25,1330.25,1330.25,0,0,14706.0
2021-03-22 14:17:59,NIFTY,25MAR21,13400,CE,2021-03-22,14:17:59,1330.25,1330.25,1330.25,1330.25,0,0,14704.0
2021-03-22 14:18:59,NIFTY,25MAR21,13400,CE,2021-03-22,14:18:59,1330.25,1330.25,1330.25,1330.25,0,0,14693.55
2021-03-22 14:19:59,NIFTY,25MAR21,13400,CE,2021-03-22,14:19:59,1330.25,1330.25,1330.25,1330.25,0,0,14669.4
2021-03-22 14:20:59,NIFTY,25MAR21,13400,CE,2021-03-22,14:20:59,1330.25,1330.25,1330.25,1330.25,0,0,14657.85
2021-03-22 14:21:59,NIFTY,25MAR21,13400,CE,2021-03-22,14:21:59,1330.25,1330.25,1330.25,1330.25,0,0,14662.65
2021-03-22 14:22:59,NIFTY,25MAR21,13400,CE,2021-03-22,14:22:59,1330.25,1330.25,1330.25,1330.25,0,0,14662.7
2021-03-22 14:23:59,NIFTY,25MAR21,13400,CE,2021-03-22,14:23:59,1330.25,1330.25,1330.25,1330.25,0,0,14674.2
2021-03-22 14:24:59,NIFTY,25MAR21,13400,CE,2021-03-22,14:24:59,1330.25,1330.25,1330.25,1330.25,0,0,14679.4
2021-03-22 14:25:59,NIFTY,25MAR21,13400,CE,2021-03-22,14:25:59,1330.25,1330.25,1330.25,1330.25,0,0,14680.05
2021-03-22 14:26:59,NIFTY,25MAR21,13400,CE,2021-03-22,14:26:59,1330.25,1330.25,1330.25,1330.25,0,0,14687.5
2021-03-22 14:27:59,NIFTY,25MAR21,13400,CE,2021-03-22,14:27:59,1330.25,1330.25,1330.25,1330.25,0,0,14688.95
2021-03-22 14:28:59,NIFTY,25MAR21,13400,CE,2021-03-22,14:28:59,1330.25,1330.25,1330.25,1330.25,0,0,14692.4
2021-03-22 14:29:59,NIFTY,25MAR21,13400,CE,2021-03-22,14:29:59,1330.25,1330.25,1330.25,1330.25,0,0,14702.25
2021-03-22 14:30:59,NIFTY,25MAR21,13400,CE,2021-03-22,14:30:59,1330.25,1330.25,1330.25,1330.25,0,0,14688.9
2021-03-22 14:31:59,NIFTY,25MAR21,13400,CE,2021-03-22,14:31:59,1330.25,1330.25,1330.25,1330.25,0,0,14702.85
2021-03-22 14:32:59,NIFTY,25MAR21,13400,CE,2021-03-22,14:32:59,1330.25,1330.25,1330.25,1330.25,0,0,14694.8
2021-03-22 14:33:59,NIFTY,25MAR21,13400,CE,2021-03-22,14:33:59,1330.25,1330.25,1330.25,1330.25,0,0,14689.05
2021-03-22 14:34:59,NIFTY,25MAR21,13400,CE,2021-03-22,14:34:59,1330.25,1330.25,1330.25,1330.25,0,0,14693.75
2021-03-22 14:35:59,NIFTY,25MAR21,13400,CE,2021-03-22,14:35:59,1330.25,1330.25,1330.25,1330.25,0,0,14677.7
2021-03-22 14:36:59,NIFTY,25MAR21,13400,CE,2021-03-22,14:36:59,1330.25,1330.25,1330.25,1330.25,0,0,14679.05
2021-03-22 14:37:59,NIFTY,25MAR21,13400,CE,2021-03-22,14:37:59,1330.25,1330.25,1330.25,1330.25,0,0,14681.55
2021-03-22 14:38:59,NIFTY,25MAR21,13400,CE,2021-03-22,14:38:59,1330.25,1330.25,1330.25,1330.25,0,0,14679.2
2021-03-22 14:39:59,NIFTY,25MAR21,13400,CE,2021-03-22,14:39:59,1330.25,1330.25,1330.25,1330.25,0,0,14676.8
2021-03-22 14:40:59,NIFTY,25MAR21,13400,CE,2021-03-22,14:40:59,1330.25,1330.25,1330.25,1330.25,0,0,14676.4
2021-03-22 14:41:59,NIFTY,25MAR21,13400,CE,2021-03-22,14:41:59,1330.25,1330.25,1330.25,1330.25,0,0,14673.45
2021-03-22 14:42:59,NIFTY,25MAR21,13400,CE,2021-03-22,14:42:59,1330.25,1330.25,1330.25,1330.25,0,0,14669.6
2021-03-22 14:43:59,NIFTY,25MAR21,13400,CE,2021-03-22,14:43:59,1330.25,1330.25,1330.25,1330.25,0,0,14664.8
2021-03-22 14:44:59,NIFTY,25MAR21,13400,CE,2021-03-22,14:44:59,1330.25,1330.25,1330.25,1330.25,0,0,14670.3
2021-03-22 14:45:59,NIFTY,25MAR21,13400,CE,2021-03-22,14:45:59,1330.25,1330.25,1330.25,1330.25,0,0,14675.2
2021-03-22 14:46:59,NIFTY,25MAR21,13400,CE,2021-03-22,14:46:59,1330.25,1330.25,1330.25,1330.25,0,0,14660.1
2021-03-22 14:47:59,NIFTY,25MAR21,13400,CE,2021-03-22,14:47:59,1330.25,1330.25,1330.25,1330.25,0,0,14656.15
2021-03-22 14:48:59,NIFTY,25MAR21,13400,CE,2021-03-22,14:48:59,1330.25,1330.25,1330.25,1330.25,0,0,14656.5
2021-03-22 14:49:59,NIFTY,25MAR21,13400,CE,2021-03-22,14:49:59,1330.25,1330.25,1330.25,1330.25,0,0,14652.55
2021-03-22 14:50:59,NIFTY,25MAR21,13400,CE,2021-03-22,14:50:59,1330.25,1330.25,1330.25,1330.25,0,0,14650.05
2021-03-22 14:51:59,NIFTY,25MAR21,13400,CE,2021-03-22,14:51:59,1330.25,1330.25,1330.25,1330.25,0,0,14662.3
2021-03-22 14:52:59,NIFTY,25MAR21,13400,CE,2021-03-22,14:52:59,1330.25,1330.25,1330.25,1330.25,0,0,14665.25
2021-03-22 14:53:59,NIFTY,25MAR21,13400,CE,2021-03-22,14:53:59,1330.25,1330.25,1330.25,1330.25,0,0,14666.3
2021-03-22 14:54:59,NIFTY,25MAR21,13400,CE,2021-03-22,14:54:59,1330.25,1330.25,1330.25,1330.25,0,0,14670.65
2021-03-22 14:55:59,NIFTY,25MAR21,13400,CE,2021-03-22,14:55:59,1330.25,1330.25,1330.25,1330.25,0,0,14675.75
2021-03-22 14:56:59,NIFTY,25MAR21,13400,CE,2021-03-22,14:56:59,1330.25,1330.25,1330.25,1330.25,0,0,14685.15
2021-03-22 14:57:59,NIFTY,25MAR21,13400,CE,2021-03-22,14:57:59,1330.25,1330.25,1330.25,1330.25,0,0,14684.15
2021-03-22 14:58:59,NIFTY,25MAR21,13400,CE,2021-03-22,14:58:59,1330.25,1330.25,1330.25,1330.25,0,0,14688.85
2021-03-22 14:59:59,NIFTY,25MAR21,13400,CE,2021-03-22,14:59:59,1330.25,1330.25,1330.25,1330.25,0,0,14693.35
2021-03-22 15:00:59,NIFTY,25MAR21,13400,CE,2021-03-22,15:00:59,1330.25,1330.25,1330.25,1330.25,0,0,14683.65
2021-03-22 15:01:59,NIFTY,25MAR21,13400,CE,2021-03-22,15:01:59,1330.25,1330.25,1330.25,1330.25,0,0,14678.55
2021-03-22 15:02:59,NIFTY,25MAR21,13400,CE,2021-03-22,15:02:59,1330.25,1330.25,1330.25,1330.25,0,0,14688.1
2021-03-22 15:03:59,NIFTY,25MAR21,13400,CE,2021-03-22,15:03:59,1330.25,1330.25,1330.25,1330.25,0,0,14693.7
2021-03-22 15:04:59,NIFTY,25MAR21,13400,CE,2021-03-22,15:04:59,1330.25,1330.25,1330.25,1330.25,0,0,14716.65
2021-03-22 15:05:59,NIFTY,25MAR21,13400,CE,2021-03-22,15:05:59,1330.25,1330.25,1330.25,1330.25,0,0,14705.0
2021-03-22 15:06:59,NIFTY,25MAR21,13400,CE,2021-03-22,15:06:59,1330.25,1330.25,1330.25,1330.25,0,0,14715.25
2021-03-22 15:07:59,NIFTY,25MAR21,13400,CE,2021-03-22,15:07:59,1330.25,1330.25,1330.25,1330.25,0,0,14719.55
2021-03-22 15:08:59,NIFTY,25MAR21,13400,CE,2021-03-22,15:08:59,1395.7,1395.7,1395.7,1395.7,0,0,14726.8
2021-03-22 15:09:59,NIFTY,25MAR21,13400,CE,2021-03-22,15:09:59,1395.7,1395.7,1395.7,1395.7,0,0,14738.9
2021-03-22 15:10:59,NIFTY,25MAR21,13400,CE,2021-03-22,15:10:59,1395.7,1395.7,1395.7,1395.7,0,0,14744.7
2021-03-22 15:11:59,NIFTY,25MAR21,13400,CE,2021-03-22,15:11:59,1395.7,1395.7,1395.7,1395.7,0,0,14753.75
2021-03-22 15:12:59,NIFTY,25MAR21,13400,CE,2021-03-22,15:12:59,1395.7,1395.7,1395.7,1395.7,0,0,14757.8
2021-03-22 15:13:59,NIFTY,25MAR21,13400,CE,2021-03-22,15:13:59,1395.7,1395.7,1395.7,1395.7,0,0,14746.6
2021-03-22 15:14:59,NIFTY,25MAR21,13400,CE,2021-03-22,15:14:59,1395.7,1395.7,1395.7,1395.7,0,0,14756.05
2021-03-22 15:15:59,NIFTY,25MAR21,13400,CE,2021-03-22,15:15:59,1395.7,1395.7,1395.7,1395.7,0,0,14748.0
2021-03-22 15:16:59,NIFTY,25MAR21,13400,CE,2021-03-22,15:16:59,1395.7,1395.7,1395.7,1395.7,0,0,14744.1
2021-03-22 15:17:59,NIFTY,25MAR21,13400,CE,2021-03-22,15:17:59,1395.7,1395.7,1395.7,1395.7,0,0,14743.6
2021-03-22 15:18:59,NIFTY,25MAR21,13400,CE,2021-03-22,15:18:59,1395.7,1395.7,1395.7,1395.7,0,0,14741.4
2021-03-22 15:19:59,NIFTY,25MAR21,13400,CE,2021-03-22,15:19:59,1395.7,1395.7,1395.7,1395.7,0,0,14737.95
2021-03-22 15:20:59,NIFTY,25MAR21,13400,CE,2021-03-22,15:20:59,1395.7,1395.7,1395.7,1395.7,0,0,14738.95
2021-03-22 15:21:59,NIFTY,25MAR21,13400,CE,2021-03-22,15:21:59,1395.7,1395.7,1395.7,1395.7,0,0,14738.75
2021-03-22 15:22:59,NIFTY,25MAR21,13400,CE,2021-03-22,15:22:59,1395.7,1395.7,1395.7,1395.7,0,0,14746.75
2021-03-22 15:23:59,NIFTY,25MAR21,13400,CE,2021-03-22,15:23:59,1395.7,1395.7,1395.7,1395.7,0,0,14748.6
2021-03-22 15:24:59,NIFTY,25MAR21,13400,CE,2021-03-22,15:24:59,1395.7,1395.7,1395.7,1395.7,0,0,14747.6
2021-03-22 15:25:59,NIFTY,25MAR21,13400,CE,2021-03-22,15:25:59,1395.7,1395.7,1395.7,1395.7,0,0,14752.55
2021-03-22 15:26:59,NIFTY,25MAR21,13400,CE,2021-03-22,15:26:59,1395.7,1395.7,1395.7,1395.7,0,0,14749.75
2021-03-22 15:27:59,NIFTY,25MAR21,13400,CE,2021-03-22,15:27:59,1395.7,1395.7,1395.7,1395.7,0,0,14749.55
2021-03-22 15:28:59,NIFTY,25MAR21,13400,CE,2021-03-22,15:28:59,1395.7,1395.7,1395.7,1395.7,0,0,14745.15
2021-03-22 15:29:59,NIFTY,25MAR21,13400,CE,2021-03-22,15:29:59,1395.7,1395.7,1395.7,1395.7,0,0,14747.15
2021-03-23 09:15:59,NIFTY,25MAR21,13400,CE,2021-03-23,09:15:59,1451.3,1451.3,1451.3,1451.3,0,0,14779.2
2021-03-23 09:16:59,NIFTY,25MAR21,13400,CE,2021-03-23,09:16:59,1451.3,1451.3,1451.3,1451.3,0,0,14786.75
2021-03-23 09:17:59,NIFTY,25MAR21,13400,CE,2021-03-23,09:17:59,1451.3,1451.3,1451.3,1451.3,0,0,14797.35
2021-03-23 09:18:59,NIFTY,25MAR21,13400,CE,2021-03-23,09:18:59,1451.3,1451.3,1451.3,1451.3,0,0,14786.85
2021-03-23 09:19:59,NIFTY,25MAR21,13400,CE,2021-03-23,09:19:59,1451.3,1451.3,1451.3,1451.3,0,0,14795.95
2021-03-23 09:20:59,NIFTY,25MAR21,13400,CE,2021-03-23,09:20:59,1451.3,1451.3,1451.3,1451.3,0,0,14816.0
2021-03-23 09:21:59,NIFTY,25MAR21,13400,CE,2021-03-23,09:21:59,1451.3,1451.3,1451.3,1451.3,0,0,14818.1
2021-03-23 09:22:59,NIFTY,25MAR21,13400,CE,2021-03-23,09:22:59,1451.3,1451.3,1451.3,1451.3,0,0,14810.1
2021-03-23 09:23:59,NIFTY,25MAR21,13400,CE,2021-03-23,09:23:59,1451.3,1451.3,1451.3,1451.3,0,0,14816.35
2021-03-23 09:24:59,NIFTY,25MAR21,13400,CE,2021-03-23,09:24:59,1451.3,1451.3,1451.3,1451.3,0,0,14818.35
2021-03-23 09:25:59,NIFTY,25MAR21,13400,CE,2021-03-23,09:25:59,1451.3,1451.3,1451.3,1451.3,0,0,14825.0
2021-03-23 09:26:59,NIFTY,25MAR21,13400,CE,2021-03-23,09:26:59,1451.3,1451.3,1451.3,1451.3,0,0,14830.6
2021-03-23 09:27:59,NIFTY,25MAR21,13400,CE,2021-03-23,09:27:59,1451.3,1451.3,1451.3,1451.3,0,0,14839.05
2021-03-23 09:28:59,NIFTY,25MAR21,13400,CE,2021-03-23,09:28:59,1451.3,1451.3,1451.3,1451.3,0,0,14829.2
2021-03-23 09:29:59,NIFTY,25MAR21,13400,CE,2021-03-23,09:29:59,1451.3,1451.3,1451.3,1451.3,0,0,14833.85
2021-03-23 09:30:59,NIFTY,25MAR21,13400,CE,2021-03-23,09:30:59,1451.3,1451.3,1451.3,1451.3,0,0,14823.0
2021-03-23 09:31:59,NIFTY,25MAR21,13400,CE,2021-03-23,09:31:59,1451.3,1451.3,1451.3,1451.3,0,0,14818.6
2021-03-23 09:32:59,NIFTY,25MAR21,13400,CE,2021-03-23,09:32:59,1451.3,1451.3,1451.3,1451.3,0,0,14821.55
2021-03-23 09:33:59,NIFTY,25MAR21,13400,CE,2021-03-23,09:33:59,1451.3,1451.3,1451.3,1451.3,0,0,14819.3
2021-03-23 09:34:59,NIFTY,25MAR21,13400,CE,2021-03-23,09:34:59,1451.3,1451.3,1451.3,1451.3,0,0,14822.7
2021-03-23 09:35:59,NIFTY,25MAR21,13400,CE,2021-03-23,09:35:59,1451.3,1451.3,1451.3,1451.3,0,0,14820.15
2021-03-23 09:36:59,NIFTY,25MAR21,13400,CE,2021-03-23,09:36:59,1451.3,1451.3,1451.3,1451.3,0,0,14813.4
2021-03-23 09:37:59,NIFTY,25MAR21,13400,CE,2021-03-23,09:37:59,1451.3,1451.3,1451.3,1451.3,0,0,14809.3
2021-03-23 09:38:59,NIFTY,25MAR21,13400,CE,2021-03-23,09:38:59,1451.3,1451.3,1451.3,1451.3,0,0,14804.35
2021-03-23 09:39:59,NIFTY,25MAR21,13400,CE,2021-03-23,09:39:59,1451.3,1451.3,1451.3,1451.3,0,0,14808.7
2021-03-23 09:40:59,NIFTY,25MAR21,13400,CE,2021-03-23,09:40:59,1451.3,1451.3,1451.3,1451.3,0,0,14809.9
2021-03-23 09:41:59,NIFTY,25MAR21,13400,CE,2021-03-23,09:41:59,1451.3,1451.3,1451.3,1451.3,0,0,14803.55
2021-03-23 09:42:59,NIFTY,25MAR21,13400,CE,2021-03-23,09:42:59,1451.3,1451.3,1451.3,1451.3,0,0,14809.05
2021-03-23 09:43:59,NIFTY,25MAR21,13400,CE,2021-03-23,09:43:59,1451.3,1451.3,1451.3,1451.3,0,0,14804.2
2021-03-23 09:44:59,NIFTY,25MAR21,13400,CE,2021-03-23,09:44:59,1451.3,1451.3,1451.3,1451.3,0,0,14799.3
2021-03-23 09:45:59,NIFTY,25MAR21,13400,CE,2021-03-23,09:45:59,1451.3,1451.3,1451.3,1451.3,0,0,14790.6
2021-03-23 09:46:59,NIFTY,25MAR21,13400,CE,2021-03-23,09:46:59,1451.3,1451.3,1451.3,1451.3,0,0,14788.35
2021-03-23 09:47:59,NIFTY,25MAR21,13400,CE,2021-03-23,09:47:59,1451.3,1451.3,1451.3,1451.3,0,0,14789.9
2021-03-23 09:48:59,NIFTY,25MAR21,13400,CE,2021-03-23,09:48:59,1451.3,1451.3,1451.3,1451.3,0,0,14791.85
2021-03-23 09:49:59,NIFTY,25MAR21,13400,CE,2021-03-23,09:49:59,1451.3,1451.3,1451.3,1451.3,0,0,14794.7
2021-03-23 09:50:59,NIFTY,25MAR21,13400,CE,2021-03-23,09:50:59,1451.3,1451.3,1451.3,1451.3,0,0,14803.65
2021-03-23 09:51:59,NIFTY,25MAR21,13400,CE,2021-03-23,09:51:59,1451.3,1451.3,1451.3,1451.3,0,0,14810.75
2021-03-23 09:52:59,NIFTY,25MAR21,13400,CE,2021-03-23,09:52:59,1451.3,1451.3,1451.3,1451.3,0,0,14810.15
2021-03-23 09:53:59,NIFTY,25MAR21,13400,CE,2021-03-23,09:53:59,1451.3,1451.3,1451.3,1451.3,0,0,14807.1
2021-03-23 09:54:59,NIFTY,25MAR21,13400,CE,2021-03-23,09:54:59,1451.3,1451.3,1451.3,1451.3,0,0,14807.35
2021-03-23 09:55:59,NIFTY,25MAR21,13400,CE,2021-03-23,09:55:59,1451.3,1451.3,1451.3,1451.3,0,0,14815.75
2021-03-23 09:56:59,NIFTY,25MAR21,13400,CE,2021-03-23,09:56:59,1451.3,1451.3,1451.3,1451.3,0,0,14810.25
2021-03-23 09:57:59,NIFTY,25MAR21,13400,CE,2021-03-23,09:57:59,1451.3,1451.3,1451.3,1451.3,0,0,14818.85
2021-03-23 09:58:59,NIFTY,25MAR21,13400,CE,2021-03-23,09:58:59,1451.3,1451.3,1451.3,1451.3,0,0,14817.85
2021-03-23 09:59:59,NIFTY,25MAR21,13400,CE,2021-03-23,09:59:59,1451.3,1451.3,1451.3,1451.3,0,0,14815.7
2021-03-23 10:00:59,NIFTY,25MAR21,13400,CE,2021-03-23,10:00:59,1451.3,1451.3,1451.3,1451.3,0,0,14807.05
2021-03-23 10:01:59,NIFTY,25MAR21,13400,CE,2021-03-23,10:01:59,1451.3,1451.3,1451.3,1451.3,0,0,14803.35
2021-03-23 10:02:59,NIFTY,25MAR21,13400,CE,2021-03-23,10:02:59,1451.3,1451.3,1451.3,1451.3,0,0,14807.55
2021-03-23 10:03:59,NIFTY,25MAR21,13400,CE,2021-03-23,10:03:59,1451.3,1451.3,1451.3,1451.3,0,0,14803.05
2021-03-23 10:04:59,NIFTY,25MAR21,13400,CE,2021-03-23,10:04:59,1451.3,1451.3,1451.3,1451.3,0,0,14799.15
2021-03-23 10:05:59,NIFTY,25MAR21,13400,CE,2021-03-23,10:05:59,1451.3,1451.3,1451.3,1451.3,0,0,14795.0
2021-03-23 10:06:59,NIFTY,25MAR21,13400,CE,2021-03-23,10:06:59,1451.3,1451.3,1451.3,1451.3,0,0,14789.5
2021-03-23 10:07:59,NIFTY,25MAR21,13400,CE,2021-03-23,10:07:59,1451.3,1451.3,1451.3,1451.3,0,0,14792.25
2021-03-23 10:08:59,NIFTY,25MAR21,13400,CE,2021-03-23,10:08:59,1451.3,1451.3,1451.3,1451.3,0,0,14788.5
2021-03-23 10:09:59,NIFTY,25MAR21,13400,CE,2021-03-23,10:09:59,1451.3,1451.3,1451.3,1451.3,0,0,14788.65
2021-03-23 10:10:59,NIFTY,25MAR21,13400,CE,2021-03-23,10:10:59,1451.3,1451.3,1451.3,1451.3,0,0,14778.7
2021-03-23 10:11:59,NIFTY,25MAR21,13400,CE,2021-03-23,10:11:59,1451.3,1451.3,1451.3,1451.3,0,0,14778.5
2021-03-23 10:12:59,NIFTY,25MAR21,13400,CE,2021-03-23,10:12:59,1451.3,1451.3,1451.3,1451.3,0,0,14775.3
2021-03-23 10:13:59,NIFTY,25MAR21,13400,CE,2021-03-23,10:13:59,1451.3,1451.3,1451.3,1451.3,0,0,14769.5
2021-03-23 10:14:59,NIFTY,25MAR21,13400,CE,2021-03-23,10:14:59,1451.3,1451.3,1451.3,1451.3,0,0,14772.85
2021-03-23 10:15:59,NIFTY,25MAR21,13400,CE,2021-03-23,10:15:59,1451.3,1451.3,1451.3,1451.3,0,0,14772.45
2021-03-23 10:16:59,NIFTY,25MAR21,13400,CE,2021-03-23,10:16:59,1451.3,1451.3,1451.3,1451.3,0,0,14763.35
2021-03-23 10:17:59,NIFTY,25MAR21,13400,CE,2021-03-23,10:17:59,1451.3,1451.3,1451.3,1451.3,0,0,14767.45
2021-03-23 10:18:59,NIFTY,25MAR21,13400,CE,2021-03-23,10:18:59,1451.3,1451.3,1451.3,1451.3,0,0,14759.45
2021-03-23 10:19:59,NIFTY,25MAR21,13400,CE,2021-03-23,10:19:59,1451.3,1451.3,1451.3,1451.3,0,0,14762.2
2021-03-23 10:20:59,NIFTY,25MAR21,13400,CE,2021-03-23,10:20:59,1451.3,1451.3,1451.3,1451.3,0,0,14776.0
2021-03-23 10:21:59,NIFTY,25MAR21,13400,CE,2021-03-23,10:21:59,1451.3,1451.3,1451.3,1451.3,0,0,14784.3
2021-03-23 10:22:59,NIFTY,25MAR21,13400,CE,2021-03-23,10:22:59,1451.3,1451.3,1451.3,1451.3,0,0,14781.65
2021-03-23 10:23:59,NIFTY,25MAR21,13400,CE,2021-03-23,10:23:59,1451.3,1451.3,1451.3,1451.3,0,0,14776.25
2021-03-23 10:24:59,NIFTY,25MAR21,13400,CE,2021-03-23,10:24:59,1451.3,1451.3,1451.3,1451.3,0,0,14770.1
2021-03-23 10:25:59,NIFTY,25MAR21,13400,CE,2021-03-23,10:25:59,1451.3,1451.3,1451.3,1451.3,0,0,14761.8
2021-03-23 10:26:59,NIFTY,25MAR21,13400,CE,2021-03-23,10:26:59,1451.3,1451.3,1451.3,1451.3,0,0,14767.85
2021-03-23 10:27:59,NIFTY,25MAR21,13400,CE,2021-03-23,10:27:59,1451.3,1451.3,1451.3,1451.3,0,0,14766.65
2021-03-23 10:28:59,NIFTY,25MAR21,13400,CE,2021-03-23,10:28:59,1451.3,1451.3,1451.3,1451.3,0,0,14762.25
2021-03-23 10:29:59,NIFTY,25MAR21,13400,CE,2021-03-23,10:29:59,1451.3,1451.3,1451.3,1451.3,0,0,14763.35
2021-03-23 10:30:59,NIFTY,25MAR21,13400,CE,2021-03-23,10:30:59,1451.3,1451.3,1451.3,1451.3,0,0,14750.0
2021-03-23 10:31:59,NIFTY,25MAR21,13400,CE,2021-03-23,10:31:59,1451.3,1451.3,1451.3,1451.3,0,0,14748.35
2021-03-23 10:32:59,NIFTY,25MAR21,13400,CE,2021-03-23,10:32:59,1451.3,1451.3,1451.3,1451.3,0,0,14755.1
2021-03-23 10:33:59,NIFTY,25MAR21,13400,CE,2021-03-23,10:33:59,1451.3,1451.3,1451.3,1451.3,0,0,14763.45
2021-03-23 10:34:59,NIFTY,25MAR21,13400,CE,2021-03-23,10:34:59,1451.3,1451.3,1451.3,1451.3,0,0,14771.6
2021-03-23 10:35:59,NIFTY,25MAR21,13400,CE,2021-03-23,10:35:59,1451.3,1451.3,1451.3,1451.3,0,0,14781.35
2021-03-23 10:36:59,NIFTY,25MAR21,13400,CE,2021-03-23,10:36:59,1451.3,1451.3,1451.3,1451.3,0,0,14781.0
2021-03-23 10:37:59,NIFTY,25MAR21,13400,CE,2021-03-23,10:37:59,1451.3,1451.3,1451.3,1451.3,0,0,14786.7
2021-03-23 10:38:59,NIFTY,25MAR21,13400,CE,2021-03-23,10:38:59,1451.3,1451.3,1451.3,1451.3,0,0,14791.6
2021-03-23 10:39:59,NIFTY,25MAR21,13400,CE,2021-03-23,10:39:59,1451.3,1451.3,1451.3,1451.3,0,0,14791.4
2021-03-23 10:40:59,NIFTY,25MAR21,13400,CE,2021-03-23,10:40:59,1451.3,1451.3,1451.3,1451.3,0,0,14791.05
2021-03-23 10:41:59,NIFTY,25MAR21,13400,CE,2021-03-23,10:41:59,1451.3,1451.3,1451.3,1451.3,0,0,14793.4
2021-03-23 10:42:59,NIFTY,25MAR21,13400,CE,2021-03-23,10:42:59,1451.3,1451.3,1451.3,1451.3,0,0,14784.0
2021-03-23 10:43:59,NIFTY,25MAR21,13400,CE,2021-03-23,10:43:59,1451.3,1451.3,1451.3,1451.3,0,0,14781.7
2021-03-23 10:44:59,NIFTY,25MAR21,13400,CE,2021-03-23,10:44:59,1451.3,1451.3,1451.3,1451.3,0,0,14783.45
2021-03-23 10:45:59,NIFTY,25MAR21,13400,CE,2021-03-23,10:45:59,1451.3,1451.3,1451.3,1451.3,0,0,14791.25
2021-03-23 10:46:59,NIFTY,25MAR21,13400,CE,2021-03-23,10:46:59,1451.3,1451.3,1451.3,1451.3,0,0,14791.9
2021-03-23 10:47:59,NIFTY,25MAR21,13400,CE,2021-03-23,10:47:59,1451.3,1451.3,1451.3,1451.3,0,0,14780.45
2021-03-23 10:48:59,NIFTY,25MAR21,13400,CE,2021-03-23,10:48:59,1451.3,1451.3,1451.3,1451.3,0,0,14778.7
2021-03-23 10:49:59,NIFTY,25MAR21,13400,CE,2021-03-23,10:49:59,1451.3,1451.3,1451.3,1451.3,0,0,14774.4
2021-03-23 10:50:59,NIFTY,25MAR21,13400,CE,2021-03-23,10:50:59,1451.3,1451.3,1451.3,1451.3,0,0,14781.0
2021-03-23 10:51:59,NIFTY,25MAR21,13400,CE,2021-03-23,10:51:59,1451.3,1451.3,1451.3,1451.3,0,0,14789.6
2021-03-23 10:52:59,NIFTY,25MAR21,13400,CE,2021-03-23,10:52:59,1451.3,1451.3,1451.3,1451.3,0,0,14802.5
2021-03-23 10:53:59,NIFTY,25MAR21,13400,CE,2021-03-23,10:53:59,1451.3,1451.3,1451.3,1451.3,0,0,14823.2
2021-03-23 10:54:59,NIFTY,25MAR21,13400,CE,2021-03-23,10:54:59,1451.3,1451.3,1451.3,1451.3,0,0,14848.45
2021-03-23 10:55:59,NIFTY,25MAR21,13400,CE,2021-03-23,10:55:59,1410.0,1410.0,1410.0,1410.0,0,0,14841.35
2021-03-23 10:56:59,NIFTY,25MAR21,13400,CE,2021-03-23,10:56:59,1410.0,1410.0,1410.0,1410.0,0,0,14846.5
2021-03-23 10:57:59,NIFTY,25MAR21,13400,CE,2021-03-23,10:57:59,1410.0,1410.0,1410.0,1410.0,0,0,14831.05
2021-03-23 10:58:59,NIFTY,25MAR21,13400,CE,2021-03-23,10:58:59,1410.0,1410.0,1410.0,1410.0,0,0,14842.15
2021-03-23 10:59:59,NIFTY,25MAR21,13400,CE,2021-03-23,10:59:59,1410.0,1410.0,1410.0,1410.0,0,0,14834.8
2021-03-23 11:00:59,NIFTY,25MAR21,13400,CE,2021-03-23,11:00:59,1410.0,1410.0,1410.0,1410.0,0,0,14840.6
2021-03-23 11:01:59,NIFTY,25MAR21,13400,CE,2021-03-23,11:01:59,1410.0,1410.0,1410.0,1410.0,0,0,14847.75
2021-03-23 11:02:59,NIFTY,25MAR21,13400,CE,2021-03-23,11:02:59,1410.0,1410.0,1410.0,1410.0,0,0,14842.9
2021-03-23 11:03:59,NIFTY,25MAR21,13400,CE,2021-03-23,11:03:59,1410.0,1410.0,1410.0,1410.0,0,0,14847.25
2021-03-23 11:04:59,NIFTY,25MAR21,13400,CE,2021-03-23,11:04:59,1410.0,1410.0,1410.0,1410.0,0,0,14845.0
2021-03-23 11:05:59,NIFTY,25MAR21,13400,CE,2021-03-23,11:05:59,1410.0,1410.0,1410.0,1410.0,0,0,14818.15
2021-03-23 11:06:59,NIFTY,25MAR21,13400,CE,2021-03-23,11:06:59,1410.0,1410.0,1410.0,1410.0,0,0,14819.05
2021-03-23 11:07:59,NIFTY,25MAR21,13400,CE,2021-03-23,11:07:59,1410.0,1410.0,1410.0,1410.0,0,0,14820.0
2021-03-23 11:08:59,NIFTY,25MAR21,13400,CE,2021-03-23,11:08:59,1410.0,1410.0,1410.0,1410.0,0,0,14812.9
2021-03-23 11:09:59,NIFTY,25MAR21,13400,CE,2021-03-23,11:09:59,1410.0,1410.0,1410.0,1410.0,0,0,14811.6
2021-03-23 11:10:59,NIFTY,25MAR21,13400,CE,2021-03-23,11:10:59,1410.0,1410.0,1410.0,1410.0,0,0,14811.25
2021-03-23 11:11:59,NIFTY,25MAR21,13400,CE,2021-03-23,11:11:59,1410.0,1410.0,1410.0,1410.0,0,0,14813.8
2021-03-23 11:12:59,NIFTY,25MAR21,13400,CE,2021-03-23,11:12:59,1410.0,1410.0,1410.0,1410.0,0,0,14809.55
2021-03-23 11:13:59,NIFTY,25MAR21,13400,CE,2021-03-23,11:13:59,1410.0,1410.0,1410.0,1410.0,0,0,14807.35
2021-03-23 11:14:59,NIFTY,25MAR21,13400,CE,2021-03-23,11:14:59,1410.0,1410.0,1410.0,1410.0,0,0,14801.95
2021-03-23 11:15:59,NIFTY,25MAR21,13400,CE,2021-03-23,11:15:59,1368.2,1368.2,1368.2,1368.2,0,0,14803.0
2021-03-23 11:16:59,NIFTY,25MAR21,13400,CE,2021-03-23,11:16:59,1368.2,1368.2,1368.2,1368.2,0,0,14790.65
2021-03-23 11:17:59,NIFTY,25MAR21,13400,CE,2021-03-23,11:17:59,1368.2,1368.2,1368.2,1368.2,0,0,14791.25
2021-03-23 11:18:59,NIFTY,25MAR21,13400,CE,2021-03-23,11:18:59,1368.2,1368.2,1368.2,1368.2,0,0,14796.3
2021-03-23 11:19:59,NIFTY,25MAR21,13400,CE,2021-03-23,11:19:59,1368.2,1368.2,1368.2,1368.2,0,0,14804.8
2021-03-23 11:20:59,NIFTY,25MAR21,13400,CE,2021-03-23,11:20:59,1368.2,1368.2,1368.2,1368.2,0,0,14807.15
2021-03-23 11:21:59,NIFTY,25MAR21,13400,CE,2021-03-23,11:21:59,1368.2,1368.2,1368.2,1368.2,0,0,14793.8
2021-03-23 11:22:59,NIFTY,25MAR21,13400,CE,2021-03-23,11:22:59,1368.2,1368.2,1368.2,1368.2,0,0,14796.95
2021-03-23 11:23:59,NIFTY,25MAR21,13400,CE,2021-03-23,11:23:59,1368.2,1368.2,1368.2,1368.2,0,0,14793.35
2021-03-23 11:24:59,NIFTY,25MAR21,13400,CE,2021-03-23,11:24:59,1368.2,1368.2,1368.2,1368.2,0,0,14794.0
2021-03-23 11:25:59,NIFTY,25MAR21,13400,CE,2021-03-23,11:25:59,1368.2,1368.2,1368.2,1368.2,0,0,14793.5
2021-03-23 11:26:59,NIFTY,25MAR21,13400,CE,2021-03-23,11:26:59,1368.2,1368.2,1368.2,1368.2,0,0,14790.9
2021-03-23 11:27:59,NIFTY,25MAR21,13400,CE,2021-03-23,11:27:59,1368.2,1368.2,1368.2,1368.2,0,0,14791.05
2021-03-23 11:28:59,NIFTY,25MAR21,13400,CE,2021-03-23,11:28:59,1368.2,1368.2,1368.2,1368.2,0,0,14789.65
2021-03-23 11:29:59,NIFTY,25MAR21,13400,CE,2021-03-23,11:29:59,1368.2,1368.2,1368.2,1368.2,0,0,14781.4
2021-03-23 11:30:59,NIFTY,25MAR21,13400,CE,2021-03-23,11:30:59,1368.2,1368.2,1368.2,1368.2,0,0,14778.85
2021-03-23 11:31:59,NIFTY,25MAR21,13400,CE,2021-03-23,11:31:59,1368.2,1368.2,1368.2,1368.2,0,0,14765.1
2021-03-23 11:32:59,NIFTY,25MAR21,13400,CE,2021-03-23,11:32:59,1368.2,1368.2,1368.2,1368.2,0,0,14754.45
2021-03-23 11:33:59,NIFTY,25MAR21,13400,CE,2021-03-23,11:33:59,1351.35,1351.35,1351.35,1351.35,0,0,14731.1
2021-03-23 11:34:59,NIFTY,25MAR21,13400,CE,2021-03-23,11:34:59,1340.7,1340.7,1340.7,1340.7,0,0,14723.0
2021-03-23 11:35:59,NIFTY,25MAR21,13400,CE,2021-03-23,11:35:59,1340.7,1340.7,1340.7,1340.7,0,0,14736.9
2021-03-23 11:36:59,NIFTY,25MAR21,13400,CE,2021-03-23,11:36:59,1340.7,1340.7,1340.7,1340.7,0,0,14722.45
2021-03-23 11:37:59,NIFTY,25MAR21,13400,CE,2021-03-23,11:37:59,1340.7,1340.7,1340.7,1340.7,0,0,14735.45
2021-03-23 11:38:59,NIFTY,25MAR21,13400,CE,2021-03-23,11:38:59,1340.7,1340.7,1340.7,1340.7,0,0,14744.5
2021-03-23 11:39:59,NIFTY,25MAR21,13400,CE,2021-03-23,11:39:59,1340.7,1340.7,1340.7,1340.7,0,0,14757.3
2021-03-23 11:40:59,NIFTY,25MAR21,13400,CE,2021-03-23,11:40:59,1340.7,1340.7,1340.7,1340.7,0,0,14743.75
2021-03-23 11:41:59,NIFTY,25MAR21,13400,CE,2021-03-23,11:41:59,1340.7,1340.7,1340.7,1340.7,0,0,14741.25
2021-03-23 11:42:59,NIFTY,25MAR21,13400,CE,2021-03-23,11:42:59,1340.7,1340.7,1340.7,1340.7,0,0,14748.8
2021-03-23 11:43:59,NIFTY,25MAR21,13400,CE,2021-03-23,11:43:59,1340.7,1340.7,1340.7,1340.7,0,0,14746.15
2021-03-23 11:44:59,NIFTY,25MAR21,13400,CE,2021-03-23,11:44:59,1340.7,1340.7,1340.7,1340.7,0,0,14743.25
2021-03-23 11:45:59,NIFTY,25MAR21,13400,CE,2021-03-23,11:45:59,1340.7,1340.7,1340.7,1340.7,0,0,14735.15
2021-03-23 11:46:59,NIFTY,25MAR21,13400,CE,2021-03-23,11:46:59,1340.7,1340.7,1340.7,1340.7,0,0,14739.25
2021-03-23 11:47:59,NIFTY,25MAR21,13400,CE,2021-03-23,11:47:59,1340.7,1340.7,1340.7,1340.7,0,0,14734.15
2021-03-23 11:48:59,NIFTY,25MAR21,13400,CE,2021-03-23,11:48:59,1340.7,1340.7,1340.7,1340.7,0,0,14729.6
2021-03-23 11:49:59,NIFTY,25MAR21,13400,CE,2021-03-23,11:49:59,1340.7,1340.7,1340.7,1340.7,0,0,14719.1
2021-03-23 11:50:59,NIFTY,25MAR21,13400,CE,2021-03-23,11:50:59,1340.7,1340.7,1340.7,1340.7,0,0,14725.05
2021-03-23 11:51:59,NIFTY,25MAR21,13400,CE,2021-03-23,11:51:59,1340.7,1340.7,1340.7,1340.7,0,0,14733.25
2021-03-23 11:52:59,NIFTY,25MAR21,13400,CE,2021-03-23,11:52:59,1340.7,1340.7,1340.7,1340.7,0,0,14728.1
2021-03-23 11:53:59,NIFTY,25MAR21,13400,CE,2021-03-23,11:53:59,1340.7,1340.7,1340.7,1340.7,0,0,14731.85
2021-03-23 11:54:59,NIFTY,25MAR21,13400,CE,2021-03-23,11:54:59,1340.7,1340.7,1340.7,1340.7,0,0,14727.95
2021-03-23 11:55:59,NIFTY,25MAR21,13400,CE,2021-03-23,11:55:59,1340.7,1340.7,1340.7,1340.7,0,0,14731.25
2021-03-23 11:56:59,NIFTY,25MAR21,13400,CE,2021-03-23,11:56:59,1340.7,1340.7,1340.7,1340.7,0,0,14739.4
2021-03-23 11:57:59,NIFTY,25MAR21,13400,CE,2021-03-23,11:57:59,1340.7,1340.7,1340.7,1340.7,0,0,14755.45
2021-03-23 11:58:59,NIFTY,25MAR21,13400,CE,2021-03-23,11:58:59,1340.7,1340.7,1340.7,1340.7,0,0,14750.8
2021-03-23 11:59:59,NIFTY,25MAR21,13400,CE,2021-03-23,11:59:59,1340.7,1340.7,1340.7,1340.7,0,0,14750.65
2021-03-23 12:00:59,NIFTY,25MAR21,13400,CE,2021-03-23,12:00:59,1340.7,1340.7,1340.7,1340.7,0,0,14742.4
2021-03-23 12:01:59,NIFTY,25MAR21,13400,CE,2021-03-23,12:01:59,1340.7,1340.7,1340.7,1340.7,0,0,14746.9
2021-03-23 12:02:59,NIFTY,25MAR21,13400,CE,2021-03-23,12:02:59,1340.7,1340.7,1340.7,1340.7,0,0,14757.25
2021-03-23 12:03:59,NIFTY,25MAR21,13400,CE,2021-03-23,12:03:59,1340.7,1340.7,1340.7,1340.7,0,0,14769.8
2021-03-23 12:04:59,NIFTY,25MAR21,13400,CE,2021-03-23,12:04:59,1340.7,1340.7,1340.7,1340.7,0,0,14771.05
2021-03-23 12:05:59,NIFTY,25MAR21,13400,CE,2021-03-23,12:05:59,1340.7,1340.7,1340.7,1340.7,0,0,14765.0
2021-03-23 12:06:59,NIFTY,25MAR21,13400,CE,2021-03-23,12:06:59,1340.7,1340.7,1340.7,1340.7,0,0,14774.6
2021-03-23 12:07:59,NIFTY,25MAR21,13400,CE,2021-03-23,12:07:59,1340.7,1340.7,1340.7,1340.7,0,0,14768.55
2021-03-23 12:08:59,NIFTY,25MAR21,13400,CE,2021-03-23,12:08:59,1340.7,1340.7,1340.7,1340.7,0,0,14770.95
2021-03-23 12:09:59,NIFTY,25MAR21,13400,CE,2021-03-23,12:09:59,1340.7,1340.7,1340.7,1340.7,0,0,14769.8
2021-03-23 12:10:59,NIFTY,25MAR21,13400,CE,2021-03-23,12:10:59,1340.7,1340.7,1340.7,1340.7,0,0,14761.25
2021-03-23 12:11:59,NIFTY,25MAR21,13400,CE,2021-03-23,12:11:59,1340.7,1340.7,1340.7,1340.7,0,0,14751.95
2021-03-23 12:12:59,NIFTY,25MAR21,13400,CE,2021-03-23,12:12:59,1340.7,1340.7,1340.7,1340.7,0,0,14759.3
2021-03-23 12:13:59,NIFTY,25MAR21,13400,CE,2021-03-23,12:13:59,1340.7,1340.7,1340.7,1340.7,0,0,14757.05
2021-03-23 12:14:59,NIFTY,25MAR21,13400,CE,2021-03-23,12:14:59,1340.7,1340.7,1340.7,1340.7,0,0,14763.25
2021-03-23 12:15:59,NIFTY,25MAR21,13400,CE,2021-03-23,12:15:59,1340.7,1340.7,1340.7,1340.7,0,0,14756.5
2021-03-23 12:16:59,NIFTY,25MAR21,13400,CE,2021-03-23,12:16:59,1340.7,1340.7,1340.7,1340.7,0,0,14747.0
2021-03-23 12:17:59,NIFTY,25MAR21,13400,CE,2021-03-23,12:17:59,1340.7,1340.7,1340.7,1340.7,0,0,14738.85
2021-03-23 12:18:59,NIFTY,25MAR21,13400,CE,2021-03-23,12:18:59,1400.0,1400.0,1400.0,1400.0,0,0,14749.7
2021-03-23 12:19:59,NIFTY,25MAR21,13400,CE,2021-03-23,12:19:59,1400.0,1400.0,1400.0,1400.0,0,0,14750.45
2021-03-23 12:20:59,NIFTY,25MAR21,13400,CE,2021-03-23,12:20:59,1400.0,1400.0,1400.0,1400.0,0,0,14737.4
2021-03-23 12:21:59,NIFTY,25MAR21,13400,CE,2021-03-23,12:21:59,1400.0,1400.0,1400.0,1400.0,0,0,14735.45
2021-03-23 12:22:59,NIFTY,25MAR21,13400,CE,2021-03-23,12:22:59,1400.0,1400.0,1400.0,1400.0,0,0,14739.65
2021-03-23 12:23:59,NIFTY,25MAR21,13400,CE,2021-03-23,12:23:59,1400.0,1400.0,1400.0,1400.0,0,0,14742.55
2021-03-23 12:24:59,NIFTY,25MAR21,13400,CE,2021-03-23,12:24:59,1400.0,1400.0,1400.0,1400.0,0,0,14734.55
2021-03-23 12:25:59,NIFTY,25MAR21,13400,CE,2021-03-23,12:25:59,1400.0,1400.0,1400.0,1400.0,0,0,14740.5
2021-03-23 12:26:59,NIFTY,25MAR21,13400,CE,2021-03-23,12:26:59,1400.0,1400.0,1400.0,1400.0,0,0,14743.55
2021-03-23 12:27:59,NIFTY,25MAR21,13400,CE,2021-03-23,12:27:59,1400.0,1400.0,1400.0,1400.0,0,0,14746.1
2021-03-23 12:28:59,NIFTY,25MAR21,13400,CE,2021-03-23,12:28:59,1400.0,1400.0,1400.0,1400.0,0,0,14740.0
2021-03-23 12:29:59,NIFTY,25MAR21,13400,CE,2021-03-23,12:29:59,1400.0,1400.0,1400.0,1400.0,0,0,14740.25
2021-03-23 12:30:59,NIFTY,25MAR21,13400,CE,2021-03-23,12:30:59,1400.0,1400.0,1400.0,1400.0,0,0,14744.05
2021-03-23 12:31:59,NIFTY,25MAR21,13400,CE,2021-03-23,12:31:59,1400.0,1400.0,1400.0,1400.0,0,0,14742.0
2021-03-23 12:32:59,NIFTY,25MAR21,13400,CE,2021-03-23,12:32:59,1400.0,1400.0,1400.0,1400.0,0,0,14748.75
2021-03-23 12:33:59,NIFTY,25MAR21,13400,CE,2021-03-23,12:33:59,1400.0,1400.0,1400.0,1400.0,0,0,14758.55
2021-03-23 12:34:59,NIFTY,25MAR21,13400,CE,2021-03-23,12:34:59,1400.0,1400.0,1400.0,1400.0,0,0,14758.45
2021-03-23 12:35:59,NIFTY,25MAR21,13400,CE,2021-03-23,12:35:59,1400.0,1400.0,1400.0,1400.0,0,0,14766.6
2021-03-23 12:36:59,NIFTY,25MAR21,13400,CE,2021-03-23,12:36:59,1400.0,1400.0,1400.0,1400.0,0,0,14766.45
2021-03-23 12:37:59,NIFTY,25MAR21,13400,CE,2021-03-23,12:37:59,1400.0,1400.0,1400.0,1400.0,0,0,14763.85
2021-03-23 12:38:59,NIFTY,25MAR21,13400,CE,2021-03-23,12:38:59,1400.0,1400.0,1400.0,1400.0,0,0,14763.4
2021-03-23 12:39:59,NIFTY,25MAR21,13400,CE,2021-03-23,12:39:59,1400.0,1400.0,1400.0,1400.0,0,0,14759.0
2021-03-23 12:40:59,NIFTY,25MAR21,13400,CE,2021-03-23,12:40:59,1400.0,1400.0,1400.0,1400.0,0,0,14757.85
2021-03-23 12:41:59,NIFTY,25MAR21,13400,CE,2021-03-23,12:41:59,1400.0,1400.0,1400.0,1400.0,0,0,14764.75
2021-03-23 12:42:59,NIFTY,25MAR21,13400,CE,2021-03-23,12:42:59,1400.0,1400.0,1400.0,1400.0,0,0,14764.6
2021-03-23 12:43:59,NIFTY,25MAR21,13400,CE,2021-03-23,12:43:59,1400.0,1400.0,1400.0,1400.0,0,0,14768.15
2021-03-23 12:44:59,NIFTY,25MAR21,13400,CE,2021-03-23,12:44:59,1400.0,1400.0,1400.0,1400.0,0,0,14770.0
2021-03-23 12:45:59,NIFTY,25MAR21,13400,CE,2021-03-23,12:45:59,1400.0,1400.0,1400.0,1400.0,0,0,14785.55
2021-03-23 12:46:59,NIFTY,25MAR21,13400,CE,2021-03-23,12:46:59,1400.0,1400.0,1400.0,1400.0,0,0,14782.8
2021-03-23 12:47:59,NIFTY,25MAR21,13400,CE,2021-03-23,12:47:59,1400.0,1400.0,1400.0,1400.0,0,0,14786.95
2021-03-23 12:48:59,NIFTY,25MAR21,13400,CE,2021-03-23,12:48:59,1400.0,1400.0,1400.0,1400.0,0,0,14782.65
2021-03-23 12:49:59,NIFTY,25MAR21,13400,CE,2021-03-23,12:49:59,1400.0,1400.0,1400.0,1400.0,0,0,14780.85
2021-03-23 12:50:59,NIFTY,25MAR21,13400,CE,2021-03-23,12:50:59,1400.0,1400.0,1400.0,1400.0,0,0,14785.7
2021-03-23 12:51:59,NIFTY,25MAR21,13400,CE,2021-03-23,12:51:59,1400.0,1400.0,1400.0,1400.0,0,0,14779.95
2021-03-23 12:52:59,NIFTY,25MAR21,13400,CE,2021-03-23,12:52:59,1400.0,1400.0,1400.0,1400.0,0,0,14786.5
2021-03-23 12:53:59,NIFTY,25MAR21,13400,CE,2021-03-23,12:53:59,1400.0,1400.0,1400.0,1400.0,0,0,14790.2
2021-03-23 12:54:59,NIFTY,25MAR21,13400,CE,2021-03-23,12:54:59,1400.0,1400.0,1400.0,1400.0,0,0,14799.65
2021-03-23 12:55:59,NIFTY,25MAR21,13400,CE,2021-03-23,12:55:59,1400.0,1400.0,1400.0,1400.0,0,0,14795.9
2021-03-23 12:56:59,NIFTY,25MAR21,13400,CE,2021-03-23,12:56:59,1400.0,1400.0,1400.0,1400.0,0,0,14792.2
2021-03-23 12:57:59,NIFTY,25MAR21,13400,CE,2021-03-23,12:57:59,1400.0,1400.0,1400.0,1400.0,0,0,14785.35
2021-03-23 12:58:59,NIFTY,25MAR21,13400,CE,2021-03-23,12:58:59,1400.0,1400.0,1400.0,1400.0,0,0,14787.0
2021-03-23 12:59:59,NIFTY,25MAR21,13400,CE,2021-03-23,12:59:59,1400.0,1400.0,1400.0,1400.0,0,0,14779.05
2021-03-23 13:00:59,NIFTY,25MAR21,13400,CE,2021-03-23,13:00:59,1400.0,1400.0,1400.0,1400.0,0,0,14776.7
2021-03-23 13:01:59,NIFTY,25MAR21,13400,CE,2021-03-23,13:01:59,1400.0,1400.0,1400.0,1400.0,0,0,14778.15
2021-03-23 13:02:59,NIFTY,25MAR21,13400,CE,2021-03-23,13:02:59,1400.0,1400.0,1400.0,1400.0,0,0,14785.4
2021-03-23 13:03:59,NIFTY,25MAR21,13400,CE,2021-03-23,13:03:59,1400.0,1400.0,1400.0,1400.0,0,0,14781.05
2021-03-23 13:04:59,NIFTY,25MAR21,13400,CE,2021-03-23,13:04:59,1400.0,1400.0,1400.0,1400.0,0,0,14779.45
2021-03-23 13:05:59,NIFTY,25MAR21,13400,CE,2021-03-23,13:05:59,1400.0,1400.0,1400.0,1400.0,0,0,14775.85
2021-03-23 13:06:59,NIFTY,25MAR21,13400,CE,2021-03-23,13:06:59,1400.0,1400.0,1400.0,1400.0,0,0,14773.5
2021-03-23 13:07:59,NIFTY,25MAR21,13400,CE,2021-03-23,13:07:59,1400.0,1400.0,1400.0,1400.0,0,0,14766.75
2021-03-23 13:08:59,NIFTY,25MAR21,13400,CE,2021-03-23,13:08:59,1400.0,1400.0,1400.0,1400.0,0,0,14768.2
2021-03-23 13:09:59,NIFTY,25MAR21,13400,CE,2021-03-23,13:09:59,1400.0,1400.0,1400.0,1400.0,0,0,14779.45
2021-03-23 13:10:59,NIFTY,25MAR21,13400,CE,2021-03-23,13:10:59,1400.0,1400.0,1400.0,1400.0,0,0,14773.45
2021-03-23 13:11:59,NIFTY,25MAR21,13400,CE,2021-03-23,13:11:59,1390.85,1390.85,1390.85,1390.85,0,0,14779.1
2021-03-23 13:12:59,NIFTY,25MAR21,13400,CE,2021-03-23,13:12:59,1390.85,1390.85,1390.85,1390.85,0,0,14784.65
2021-03-23 13:13:59,NIFTY,25MAR21,13400,CE,2021-03-23,13:13:59,1390.85,1390.85,1390.85,1390.85,0,0,14782.5
2021-03-23 13:14:59,NIFTY,25MAR21,13400,CE,2021-03-23,13:14:59,1390.85,1390.85,1390.85,1390.85,0,0,14787.7
2021-03-23 13:15:59,NIFTY,25MAR21,13400,CE,2021-03-23,13:15:59,1390.85,1390.85,1390.85,1390.85,0,0,14785.55
2021-03-23 13:16:59,NIFTY,25MAR21,13400,CE,2021-03-23,13:16:59,1390.85,1390.85,1390.85,1390.85,0,0,14780.9
2021-03-23 13:17:59,NIFTY,25MAR21,13400,CE,2021-03-23,13:17:59,1383.0,1383.0,1383.0,1383.0,0,0,14768.4
2021-03-23 13:18:59,NIFTY,25MAR21,13400,CE,2021-03-23,13:18:59,1383.0,1383.0,1383.0,1383.0,0,0,14773.55
2021-03-23 13:19:59,NIFTY,25MAR21,13400,CE,2021-03-23,13:19:59,1383.0,1383.0,1383.0,1383.0,0,0,14776.65
2021-03-23 13:20:59,NIFTY,25MAR21,13400,CE,2021-03-23,13:20:59,1383.0,1383.0,1383.0,1383.0,0,0,14769.9
2021-03-23 13:21:59,NIFTY,25MAR21,13400,CE,2021-03-23,13:21:59,1236.0,1236.0,1236.0,1236.0,0,0,14772.3
2021-03-23 13:22:59,NIFTY,25MAR21,13400,CE,2021-03-23,13:22:59,1236.0,1236.0,1236.0,1236.0,0,0,14778.4
2021-03-23 13:23:59,NIFTY,25MAR21,13400,CE,2021-03-23,13:23:59,1236.0,1236.0,1236.0,1236.0,0,0,14782.6
2021-03-23 13:24:59,NIFTY,25MAR21,13400,CE,2021-03-23,13:24:59,1236.0,1236.0,1236.0,1236.0,0,0,14783.7
2021-03-23 13:25:59,NIFTY,25MAR21,13400,CE,2021-03-23,13:25:59,1236.0,1236.0,1236.0,1236.0,0,0,14796.25
2021-03-23 13:26:59,NIFTY,25MAR21,13400,CE,2021-03-23,13:26:59,1236.0,1236.0,1236.0,1236.0,0,0,14797.9
2021-03-23 13:27:59,NIFTY,25MAR21,13400,CE,2021-03-23,13:27:59,1236.0,1236.0,1236.0,1236.0,0,0,14811.7
2021-03-23 13:28:59,NIFTY,25MAR21,13400,CE,2021-03-23,13:28:59,1236.0,1236.0,1236.0,1236.0,0,0,14799.85
2021-03-23 13:29:59,NIFTY,25MAR21,13400,CE,2021-03-23,13:29:59,1236.0,1236.0,1236.0,1236.0,0,0,14798.15
2021-03-23 13:30:59,NIFTY,25MAR21,13400,CE,2021-03-23,13:30:59,1236.0,1236.0,1236.0,1236.0,0,0,14792.55
2021-03-23 13:31:59,NIFTY,25MAR21,13400,CE,2021-03-23,13:31:59,1236.0,1236.0,1236.0,1236.0,0,0,14791.7
2021-03-23 13:32:59,NIFTY,25MAR21,13400,CE,2021-03-23,13:32:59,1236.0,1236.0,1236.0,1236.0,0,0,14791.15
2021-03-23 13:33:59,NIFTY,25MAR21,13400,CE,2021-03-23,13:33:59,1236.0,1236.0,1236.0,1236.0,0,0,14791.55
2021-03-23 13:34:59,NIFTY,25MAR21,13400,CE,2021-03-23,13:34:59,1236.0,1236.0,1236.0,1236.0,0,0,14794.0
2021-03-23 13:35:59,NIFTY,25MAR21,13400,CE,2021-03-23,13:35:59,1236.0,1236.0,1236.0,1236.0,0,0,14782.85
2021-03-23 13:36:59,NIFTY,25MAR21,13400,CE,2021-03-23,13:36:59,1236.0,1236.0,1236.0,1236.0,0,0,14759.3
2021-03-23 13:37:59,NIFTY,25MAR21,13400,CE,2021-03-23,13:37:59,1236.0,1236.0,1236.0,1236.0,0,0,14762.75
2021-03-23 13:38:59,NIFTY,25MAR21,13400,CE,2021-03-23,13:38:59,1236.0,1236.0,1236.0,1236.0,0,0,14760.9
2021-03-23 13:39:59,NIFTY,25MAR21,13400,CE,2021-03-23,13:39:59,1236.0,1236.0,1236.0,1236.0,0,0,14765.8
2021-03-23 13:40:59,NIFTY,25MAR21,13400,CE,2021-03-23,13:40:59,1236.0,1236.0,1236.0,1236.0,0,0,14774.6
2021-03-23 13:41:59,NIFTY,25MAR21,13400,CE,2021-03-23,13:41:59,1236.0,1236.0,1236.0,1236.0,0,0,14776.9
2021-03-23 13:42:59,NIFTY,25MAR21,13400,CE,2021-03-23,13:42:59,1236.0,1236.0,1236.0,1236.0,0,0,14776.25
2021-03-23 13:43:59,NIFTY,25MAR21,13400,CE,2021-03-23,13:43:59,1236.0,1236.0,1236.0,1236.0,0,0,14781.75
2021-03-23 13:44:59,NIFTY,25MAR21,13400,CE,2021-03-23,13:44:59,1236.0,1236.0,1236.0,1236.0,0,0,14788.75
2021-03-23 13:45:59,NIFTY,25MAR21,13400,CE,2021-03-23,13:45:59,1236.0,1236.0,1236.0,1236.0,0,0,14789.65
2021-03-23 13:46:59,NIFTY,25MAR21,13400,CE,2021-03-23,13:46:59,1236.0,1236.0,1236.0,1236.0,0,0,14787.1
2021-03-23 13:47:59,NIFTY,25MAR21,13400,CE,2021-03-23,13:47:59,1236.0,1236.0,1236.0,1236.0,0,0,14790.45
2021-03-23 13:48:59,NIFTY,25MAR21,13400,CE,2021-03-23,13:48:59,1236.0,1236.0,1236.0,1236.0,0,0,14795.05
2021-03-23 13:49:59,NIFTY,25MAR21,13400,CE,2021-03-23,13:49:59,1236.0,1236.0,1236.0,1236.0,0,0,14799.4
2021-03-23 13:50:59,NIFTY,25MAR21,13400,CE,2021-03-23,13:50:59,1236.0,1236.0,1236.0,1236.0,0,0,14811.95
2021-03-23 13:51:59,NIFTY,25MAR21,13400,CE,2021-03-23,13:51:59,1236.0,1236.0,1236.0,1236.0,0,0,14802.7
2021-03-23 13:52:59,NIFTY,25MAR21,13400,CE,2021-03-23,13:52:59,1236.0,1236.0,1236.0,1236.0,0,0,14807.6
2021-03-23 13:53:59,NIFTY,25MAR21,13400,CE,2021-03-23,13:53:59,1236.0,1236.0,1236.0,1236.0,0,0,14821.6
2021-03-23 13:54:59,NIFTY,25MAR21,13400,CE,2021-03-23,13:54:59,1236.0,1236.0,1236.0,1236.0,0,0,14816.6
2021-03-23 13:55:59,NIFTY,25MAR21,13400,CE,2021-03-23,13:55:59,1236.0,1236.0,1236.0,1236.0,0,0,14804.65
2021-03-23 13:56:59,NIFTY,25MAR21,13400,CE,2021-03-23,13:56:59,1236.0,1236.0,1236.0,1236.0,0,0,14807.75
2021-03-23 13:57:59,NIFTY,25MAR21,13400,CE,2021-03-23,13:57:59,1236.0,1236.0,1236.0,1236.0,0,0,14808.4
2021-03-23 13:58:59,NIFTY,25MAR21,13400,CE,2021-03-23,13:58:59,1236.0,1236.0,1236.0,1236.0,0,0,14807.3
2021-03-23 13:59:59,NIFTY,25MAR21,13400,CE,2021-03-23,13:59:59,1236.0,1236.0,1236.0,1236.0,0,0,14804.9
2021-03-23 14:00:59,NIFTY,25MAR21,13400,CE,2021-03-23,14:00:59,1236.0,1236.0,1236.0,1236.0,0,0,14798.8
2021-03-23 14:01:59,NIFTY,25MAR21,13400,CE,2021-03-23,14:01:59,1236.0,1236.0,1236.0,1236.0,0,0,14789.2
2021-03-23 14:02:59,NIFTY,25MAR21,13400,CE,2021-03-23,14:02:59,1236.0,1236.0,1236.0,1236.0,0,0,14791.65
2021-03-23 14:03:59,NIFTY,25MAR21,13400,CE,2021-03-23,14:03:59,1236.0,1236.0,1236.0,1236.0,0,0,14791.95
2021-03-23 14:04:59,NIFTY,25MAR21,13400,CE,2021-03-23,14:04:59,1236.0,1236.0,1236.0,1236.0,0,0,14798.05
2021-03-23 14:05:59,NIFTY,25MAR21,13400,CE,2021-03-23,14:05:59,1236.0,1236.0,1236.0,1236.0,0,0,14794.9
2021-03-23 14:06:59,NIFTY,25MAR21,13400,CE,2021-03-23,14:06:59,1236.0,1236.0,1236.0,1236.0,0,0,14801.15
2021-03-23 14:07:59,NIFTY,25MAR21,13400,CE,2021-03-23,14:07:59,1236.0,1236.0,1236.0,1236.0,0,0,14802.55
2021-03-23 14:08:59,NIFTY,25MAR21,13400,CE,2021-03-23,14:08:59,1236.0,1236.0,1236.0,1236.0,0,0,14811.1
2021-03-23 14:09:59,NIFTY,25MAR21,13400,CE,2021-03-23,14:09:59,1236.0,1236.0,1236.0,1236.0,0,0,14810.5
2021-03-23 14:10:59,NIFTY,25MAR21,13400,CE,2021-03-23,14:10:59,1236.0,1236.0,1236.0,1236.0,0,0,14814.5
2021-03-23 14:11:59,NIFTY,25MAR21,13400,CE,2021-03-23,14:11:59,1236.0,1236.0,1236.0,1236.0,0,0,14816.1
2021-03-23 14:12:59,NIFTY,25MAR21,13400,CE,2021-03-23,14:12:59,1236.0,1236.0,1236.0,1236.0,0,0,14812.5
2021-03-23 14:13:59,NIFTY,25MAR21,13400,CE,2021-03-23,14:13:59,1236.0,1236.0,1236.0,1236.0,0,0,14813.45
2021-03-23 14:14:59,NIFTY,25MAR21,13400,CE,2021-03-23,14:14:59,1236.0,1236.0,1236.0,1236.0,0,0,14815.45
2021-03-23 14:15:59,NIFTY,25MAR21,13400,CE,2021-03-23,14:15:59,1236.0,1236.0,1236.0,1236.0,0,0,14818.8
2021-03-23 14:16:59,NIFTY,25MAR21,13400,CE,2021-03-23,14:16:59,1236.0,1236.0,1236.0,1236.0,0,0,14808.5
2021-03-23 14:17:59,NIFTY,25MAR21,13400,CE,2021-03-23,14:17:59,1236.0,1236.0,1236.0,1236.0,0,0,14834.75
2021-03-23 14:18:59,NIFTY,25MAR21,13400,CE,2021-03-23,14:18:59,1236.0,1236.0,1236.0,1236.0,0,0,14833.25
2021-03-23 14:19:59,NIFTY,25MAR21,13400,CE,2021-03-23,14:19:59,1236.0,1236.0,1236.0,1236.0,0,0,14836.45
2021-03-23 14:20:59,NIFTY,25MAR21,13400,CE,2021-03-23,14:20:59,1236.0,1236.0,1236.0,1236.0,0,0,14855.75
2021-03-23 14:21:59,NIFTY,25MAR21,13400,CE,2021-03-23,14:21:59,1236.0,1236.0,1236.0,1236.0,0,0,14842.95
2021-03-23 14:22:59,NIFTY,25MAR21,13400,CE,2021-03-23,14:22:59,1236.0,1236.0,1236.0,1236.0,0,0,14843.2
2021-03-23 14:23:59,NIFTY,25MAR21,13400,CE,2021-03-23,14:23:59,1236.0,1236.0,1236.0,1236.0,0,0,14852.5
2021-03-23 14:24:59,NIFTY,25MAR21,13400,CE,2021-03-23,14:24:59,1236.0,1236.0,1236.0,1236.0,0,0,14861.2
2021-03-23 14:25:59,NIFTY,25MAR21,13400,CE,2021-03-23,14:25:59,1236.0,1236.0,1236.0,1236.0,0,0,14867.15
2021-03-23 14:26:59,NIFTY,25MAR21,13400,CE,2021-03-23,14:26:59,1236.0,1236.0,1236.0,1236.0,0,0,14872.8
2021-03-23 14:27:59,NIFTY,25MAR21,13400,CE,2021-03-23,14:27:59,1236.0,1236.0,1236.0,1236.0,0,0,14861.3
2021-03-23 14:28:59,NIFTY,25MAR21,13400,CE,2021-03-23,14:28:59,1236.0,1236.0,1236.0,1236.0,0,0,14853.15
2021-03-23 14:29:59,NIFTY,25MAR21,13400,CE,2021-03-23,14:29:59,1236.0,1236.0,1236.0,1236.0,0,0,14853.65
2021-03-23 14:30:59,NIFTY,25MAR21,13400,CE,2021-03-23,14:30:59,1236.0,1236.0,1236.0,1236.0,0,0,14843.1
2021-03-23 14:31:59,NIFTY,25MAR21,13400,CE,2021-03-23,14:31:59,1236.0,1236.0,1236.0,1236.0,0,0,14846.5
2021-03-23 14:32:59,NIFTY,25MAR21,13400,CE,2021-03-23,14:32:59,1236.0,1236.0,1236.0,1236.0,0,0,14855.35
2021-03-23 14:33:59,NIFTY,25MAR21,13400,CE,2021-03-23,14:33:59,1236.0,1236.0,1236.0,1236.0,0,0,14856.35
2021-03-23 14:34:59,NIFTY,25MAR21,13400,CE,2021-03-23,14:34:59,1236.0,1236.0,1236.0,1236.0,0,0,14857.4
2021-03-23 14:35:59,NIFTY,25MAR21,13400,CE,2021-03-23,14:35:59,1236.0,1236.0,1236.0,1236.0,0,0,14847.8
2021-03-23 14:36:59,NIFTY,25MAR21,13400,CE,2021-03-23,14:36:59,1236.0,1236.0,1236.0,1236.0,0,0,14856.05
2021-03-23 14:37:59,NIFTY,25MAR21,13400,CE,2021-03-23,14:37:59,1236.0,1236.0,1236.0,1236.0,0,0,14849.65
2021-03-23 14:38:59,NIFTY,25MAR21,13400,CE,2021-03-23,14:38:59,1236.0,1236.0,1236.0,1236.0,0,0,14848.9
2021-03-23 14:39:59,NIFTY,25MAR21,13400,CE,2021-03-23,14:39:59,1236.0,1236.0,1236.0,1236.0,0,0,14847.5
2021-03-23 14:40:59,NIFTY,25MAR21,13400,CE,2021-03-23,14:40:59,1236.0,1236.0,1236.0,1236.0,0,0,14858.0
2021-03-23 14:41:59,NIFTY,25MAR21,13400,CE,2021-03-23,14:41:59,1236.0,1236.0,1236.0,1236.0,0,0,14861.25
2021-03-23 14:42:59,NIFTY,25MAR21,13400,CE,2021-03-23,14:42:59,1236.0,1236.0,1236.0,1236.0,0,0,14871.0
2021-03-23 14:43:59,NIFTY,25MAR21,13400,CE,2021-03-23,14:43:59,1236.0,1236.0,1236.0,1236.0,0,0,14869.15
2021-03-23 14:44:59,NIFTY,25MAR21,13400,CE,2021-03-23,14:44:59,1236.0,1236.0,1236.0,1236.0,0,0,14877.85
2021-03-23 14:45:59,NIFTY,25MAR21,13400,CE,2021-03-23,14:45:59,1236.0,1236.0,1236.0,1236.0,0,0,14867.85
2021-03-23 14:46:59,NIFTY,25MAR21,13400,CE,2021-03-23,14:46:59,1236.0,1236.0,1236.0,1236.0,0,0,14860.65
2021-03-23 14:47:59,NIFTY,25MAR21,13400,CE,2021-03-23,14:47:59,1236.0,1236.0,1236.0,1236.0,0,0,14859.5
2021-03-23 14:48:59,NIFTY,25MAR21,13400,CE,2021-03-23,14:48:59,1236.0,1236.0,1236.0,1236.0,0,0,14852.9
2021-03-23 14:49:59,NIFTY,25MAR21,13400,CE,2021-03-23,14:49:59,1236.0,1236.0,1236.0,1236.0,0,0,14855.3
2021-03-23 14:50:59,NIFTY,25MAR21,13400,CE,2021-03-23,14:50:59,1236.0,1236.0,1236.0,1236.0,0,0,14870.65
2021-03-23 14:51:59,NIFTY,25MAR21,13400,CE,2021-03-23,14:51:59,1236.0,1236.0,1236.0,1236.0,0,0,14870.25
2021-03-23 14:52:59,NIFTY,25MAR21,13400,CE,2021-03-23,14:52:59,1236.0,1236.0,1236.0,1236.0,0,0,14868.9
2021-03-23 14:53:59,NIFTY,25MAR21,13400,CE,2021-03-23,14:53:59,1236.0,1236.0,1236.0,1236.0,0,0,14868.8
2021-03-23 14:54:59,NIFTY,25MAR21,13400,CE,2021-03-23,14:54:59,1236.0,1236.0,1236.0,1236.0,0,0,14866.5
2021-03-23 14:55:59,NIFTY,25MAR21,13400,CE,2021-03-23,14:55:59,1236.0,1236.0,1236.0,1236.0,0,0,14861.55
2021-03-23 14:56:59,NIFTY,25MAR21,13400,CE,2021-03-23,14:56:59,1236.0,1236.0,1236.0,1236.0,0,0,14866.55
2021-03-23 14:57:59,NIFTY,25MAR21,13400,CE,2021-03-23,14:57:59,1236.0,1236.0,1236.0,1236.0,0,0,14855.35
2021-03-23 14:58:59,NIFTY,25MAR21,13400,CE,2021-03-23,14:58:59,1236.0,1236.0,1236.0,1236.0,0,0,14857.6
2021-03-23 14:59:59,NIFTY,25MAR21,13400,CE,2021-03-23,14:59:59,1236.0,1236.0,1236.0,1236.0,0,0,14851.05
2021-03-23 15:00:59,NIFTY,25MAR21,13400,CE,2021-03-23,15:00:59,1236.0,1236.0,1236.0,1236.0,0,0,14851.55
2021-03-23 15:01:59,NIFTY,25MAR21,13400,CE,2021-03-23,15:01:59,1236.0,1236.0,1236.0,1236.0,0,0,14844.65
2021-03-23 15:02:59,NIFTY,25MAR21,13400,CE,2021-03-23,15:02:59,1236.0,1236.0,1236.0,1236.0,0,0,14850.35
2021-03-23 15:03:59,NIFTY,25MAR21,13400,CE,2021-03-23,15:03:59,1236.0,1236.0,1236.0,1236.0,0,0,14836.4
2021-03-23 15:04:59,NIFTY,25MAR21,13400,CE,2021-03-23,15:04:59,1236.0,1236.0,1236.0,1236.0,0,0,14834.55
2021-03-23 15:05:59,NIFTY,25MAR21,13400,CE,2021-03-23,15:05:59,1236.0,1236.0,1236.0,1236.0,0,0,14824.75
2021-03-23 15:06:59,NIFTY,25MAR21,13400,CE,2021-03-23,15:06:59,1236.0,1236.0,1236.0,1236.0,0,0,14830.1
2021-03-23 15:07:59,NIFTY,25MAR21,13400,CE,2021-03-23,15:07:59,1236.0,1236.0,1236.0,1236.0,0,0,14841.0
2021-03-23 15:08:59,NIFTY,25MAR21,13400,CE,2021-03-23,15:08:59,1236.0,1236.0,1236.0,1236.0,0,0,14831.85
2021-03-23 15:09:59,NIFTY,25MAR21,13400,CE,2021-03-23,15:09:59,1236.0,1236.0,1236.0,1236.0,0,0,14822.8
2021-03-23 15:10:59,NIFTY,25MAR21,13400,CE,2021-03-23,15:10:59,1236.0,1236.0,1236.0,1236.0,0,0,14821.3
2021-03-23 15:11:59,NIFTY,25MAR21,13400,CE,2021-03-23,15:11:59,1236.0,1236.0,1236.0,1236.0,0,0,14822.8
2021-03-23 15:12:59,NIFTY,25MAR21,13400,CE,2021-03-23,15:12:59,1236.0,1236.0,1236.0,1236.0,0,0,14822.95
2021-03-23 15:13:59,NIFTY,25MAR21,13400,CE,2021-03-23,15:13:59,1236.0,1236.0,1236.0,1236.0,0,0,14821.55
2021-03-23 15:14:59,NIFTY,25MAR21,13400,CE,2021-03-23,15:14:59,1236.0,1236.0,1236.0,1236.0,0,0,14817.2
2021-03-23 15:15:59,NIFTY,25MAR21,13400,CE,2021-03-23,15:15:59,1236.0,1236.0,1236.0,1236.0,0,0,14815.35
2021-03-23 15:16:59,NIFTY,25MAR21,13400,CE,2021-03-23,15:16:59,1236.0,1236.0,1236.0,1236.0,0,0,14819.5
2021-03-23 15:17:59,NIFTY,25MAR21,13400,CE,2021-03-23,15:17:59,1236.0,1236.0,1236.0,1236.0,0,0,14815.45
2021-03-23 15:18:59,NIFTY,25MAR21,13400,CE,2021-03-23,15:18:59,1236.0,1236.0,1236.0,1236.0,0,0,14809.85
2021-03-23 15:19:59,NIFTY,25MAR21,13400,CE,2021-03-23,15:19:59,1236.0,1236.0,1236.0,1236.0,0,0,14794.35
2021-03-23 15:20:59,NIFTY,25MAR21,13400,CE,2021-03-23,15:20:59,1236.0,1236.0,1236.0,1236.0,0,0,14797.75
2021-03-23 15:21:59,NIFTY,25MAR21,13400,CE,2021-03-23,15:21:59,1236.0,1236.0,1236.0,1236.0,0,0,14790.9
2021-03-23 15:22:59,NIFTY,25MAR21,13400,CE,2021-03-23,15:22:59,1236.0,1236.0,1236.0,1236.0,0,0,14787.1
2021-03-23 15:23:59,NIFTY,25MAR21,13400,CE,2021-03-23,15:23:59,1236.0,1236.0,1236.0,1236.0,0,0,14783.85
2021-03-23 15:24:59,NIFTY,25MAR21,13400,CE,2021-03-23,15:24:59,1236.0,1236.0,1236.0,1236.0,0,0,14785.4
2021-03-23 15:25:59,NIFTY,25MAR21,13400,CE,2021-03-23,15:25:59,1236.0,1236.0,1236.0,1236.0,0,0,14792.2
2021-03-23 15:26:59,NIFTY,25MAR21,13400,CE,2021-03-23,15:26:59,1236.0,1236.0,1236.0,1236.0,0,0,14798.5
2021-03-23 15:27:59,NIFTY,25MAR21,13400,CE,2021-03-23,15:27:59,1236.0,1236.0,1236.0,1236.0,0,0,14801.3
2021-03-23 15:28:59,NIFTY,25MAR21,13400,CE,2021-03-23,15:28:59,1236.0,1236.0,1236.0,1236.0,0,0,14801.5
2021-03-23 15:29:59,NIFTY,25MAR21,13400,CE,2021-03-23,15:29:59,1236.0,1236.0,1236.0,1236.0,0,0,14807.3
2021-03-24 09:15:59,NIFTY,25MAR21,13400,CE,2021-03-24,09:15:59,1236.0,1236.0,1236.0,1236.0,0,0,14740.45
2021-03-24 09:16:59,NIFTY,25MAR21,13400,CE,2021-03-24,09:16:59,1236.0,1236.0,1236.0,1236.0,0,0,14725.4
2021-03-24 09:17:59,NIFTY,25MAR21,13400,CE,2021-03-24,09:17:59,1236.0,1236.0,1236.0,1236.0,0,0,14728.4
2021-03-24 09:18:59,NIFTY,25MAR21,13400,CE,2021-03-24,09:18:59,1236.0,1236.0,1236.0,1236.0,0,0,14733.6
2021-03-24 09:19:59,NIFTY,25MAR21,13400,CE,2021-03-24,09:19:59,1236.0,1236.0,1236.0,1236.0,0,0,14724.75
2021-03-24 09:20:59,NIFTY,25MAR21,13400,CE,2021-03-24,09:20:59,1236.0,1236.0,1236.0,1236.0,0,0,14741.6
2021-03-24 09:21:59,NIFTY,25MAR21,13400,CE,2021-03-24,09:21:59,1236.0,1236.0,1236.0,1236.0,0,0,14736.75
2021-03-24 09:22:59,NIFTY,25MAR21,13400,CE,2021-03-24,09:22:59,1236.0,1236.0,1236.0,1236.0,0,0,14739.75
2021-03-24 09:23:59,NIFTY,25MAR21,13400,CE,2021-03-24,09:23:59,1236.0,1236.0,1236.0,1236.0,0,0,14744.6
2021-03-24 09:24:59,NIFTY,25MAR21,13400,CE,2021-03-24,09:24:59,1236.0,1236.0,1236.0,1236.0,0,0,14732.65
2021-03-24 09:25:59,NIFTY,25MAR21,13400,CE,2021-03-24,09:25:59,1236.0,1236.0,1236.0,1236.0,0,0,14713.9
2021-03-24 09:26:59,NIFTY,25MAR21,13400,CE,2021-03-24,09:26:59,1236.0,1236.0,1236.0,1236.0,0,0,14726.15
2021-03-24 09:27:59,NIFTY,25MAR21,13400,CE,2021-03-24,09:27:59,1236.0,1236.0,1236.0,1236.0,0,0,14731.8
2021-03-24 09:28:59,NIFTY,25MAR21,13400,CE,2021-03-24,09:28:59,1236.0,1236.0,1236.0,1236.0,0,0,14724.8
2021-03-24 09:29:59,NIFTY,25MAR21,13400,CE,2021-03-24,09:29:59,1236.0,1236.0,1236.0,1236.0,0,0,14721.75
2021-03-24 09:30:59,NIFTY,25MAR21,13400,CE,2021-03-24,09:30:59,1236.0,1236.0,1236.0,1236.0,0,0,14715.5
2021-03-24 09:31:59,NIFTY,25MAR21,13400,CE,2021-03-24,09:31:59,1236.0,1236.0,1236.0,1236.0,0,0,14728.95
2021-03-24 09:32:59,NIFTY,25MAR21,13400,CE,2021-03-24,09:32:59,1236.0,1236.0,1236.0,1236.0,0,0,14734.45
2021-03-24 09:33:59,NIFTY,25MAR21,13400,CE,2021-03-24,09:33:59,1236.0,1236.0,1236.0,1236.0,0,0,14731.25
2021-03-24 09:34:59,NIFTY,25MAR21,13400,CE,2021-03-24,09:34:59,1236.0,1236.0,1236.0,1236.0,0,0,14726.2
2021-03-24 09:35:59,NIFTY,25MAR21,13400,CE,2021-03-24,09:35:59,1236.0,1236.0,1236.0,1236.0,0,0,14726.9
2021-03-24 09:36:59,NIFTY,25MAR21,13400,CE,2021-03-24,09:36:59,1236.0,1236.0,1236.0,1236.0,0,0,14726.55
2021-03-24 09:37:59,NIFTY,25MAR21,13400,CE,2021-03-24,09:37:59,1236.0,1236.0,1236.0,1236.0,0,0,14742.95
2021-03-24 09:38:59,NIFTY,25MAR21,13400,CE,2021-03-24,09:38:59,1236.0,1236.0,1236.0,1236.0,0,0,14738.35
2021-03-24 09:39:59,NIFTY,25MAR21,13400,CE,2021-03-24,09:39:59,1236.0,1236.0,1236.0,1236.0,0,0,14741.4
2021-03-24 09:40:59,NIFTY,25MAR21,13400,CE,2021-03-24,09:40:59,1236.0,1236.0,1236.0,1236.0,0,0,14743.15
2021-03-24 09:41:59,NIFTY,25MAR21,13400,CE,2021-03-24,09:41:59,1236.0,1236.0,1236.0,1236.0,0,0,14750.2
2021-03-24 09:42:59,NIFTY,25MAR21,13400,CE,2021-03-24,09:42:59,1236.0,1236.0,1236.0,1236.0,0,0,14745.5
2021-03-24 09:43:59,NIFTY,25MAR21,13400,CE,2021-03-24,09:43:59,1236.0,1236.0,1236.0,1236.0,0,0,14738.7
2021-03-24 09:44:59,NIFTY,25MAR21,13400,CE,2021-03-24,09:44:59,1236.0,1236.0,1236.0,1236.0,0,0,14736.05
2021-03-24 09:45:59,NIFTY,25MAR21,13400,CE,2021-03-24,09:45:59,1236.0,1236.0,1236.0,1236.0,0,0,14741.5
2021-03-24 09:46:59,NIFTY,25MAR21,13400,CE,2021-03-24,09:46:59,1236.0,1236.0,1236.0,1236.0,0,0,14731.05
2021-03-24 09:47:59,NIFTY,25MAR21,13400,CE,2021-03-24,09:47:59,1236.0,1236.0,1236.0,1236.0,0,0,14732.45
2021-03-24 09:48:59,NIFTY,25MAR21,13400,CE,2021-03-24,09:48:59,1236.0,1236.0,1236.0,1236.0,0,0,14735.45
2021-03-24 09:49:59,NIFTY,25MAR21,13400,CE,2021-03-24,09:49:59,1236.0,1236.0,1236.0,1236.0,0,0,14732.9
2021-03-24 09:50:59,NIFTY,25MAR21,13400,CE,2021-03-24,09:50:59,1236.0,1236.0,1236.0,1236.0,0,0,14730.65
2021-03-24 09:51:59,NIFTY,25MAR21,13400,CE,2021-03-24,09:51:59,1236.0,1236.0,1236.0,1236.0,0,0,14734.05
2021-03-24 09:52:59,NIFTY,25MAR21,13400,CE,2021-03-24,09:52:59,1236.0,1236.0,1236.0,1236.0,0,0,14737.7
2021-03-24 09:53:59,NIFTY,25MAR21,13400,CE,2021-03-24,09:53:59,1236.0,1236.0,1236.0,1236.0,0,0,14732.9
2021-03-24 09:54:59,NIFTY,25MAR21,13400,CE,2021-03-24,09:54:59,1236.0,1236.0,1236.0,1236.0,0,0,14722.6
2021-03-24 09:55:59,NIFTY,25MAR21,13400,CE,2021-03-24,09:55:59,1236.0,1236.0,1236.0,1236.0,0,0,14715.95
2021-03-24 09:56:59,NIFTY,25MAR21,13400,CE,2021-03-24,09:56:59,1236.0,1236.0,1236.0,1236.0,0,0,14717.6
2021-03-24 09:57:59,NIFTY,25MAR21,13400,CE,2021-03-24,09:57:59,1236.0,1236.0,1236.0,1236.0,0,0,14723.1
2021-03-24 09:58:59,NIFTY,25MAR21,13400,CE,2021-03-24,09:58:59,1236.0,1236.0,1236.0,1236.0,0,0,14722.0
2021-03-24 09:59:59,NIFTY,25MAR21,13400,CE,2021-03-24,09:59:59,1236.0,1236.0,1236.0,1236.0,0,0,14716.55
2021-03-24 10:00:59,NIFTY,25MAR21,13400,CE,2021-03-24,10:00:59,1236.0,1236.0,1236.0,1236.0,0,0,14705.4
2021-03-24 10:01:59,NIFTY,25MAR21,13400,CE,2021-03-24,10:01:59,1236.0,1236.0,1236.0,1236.0,0,0,14701.15
2021-03-24 10:02:59,NIFTY,25MAR21,13400,CE,2021-03-24,10:02:59,1236.0,1236.0,1236.0,1236.0,0,0,14694.6
2021-03-24 10:03:59,NIFTY,25MAR21,13400,CE,2021-03-24,10:03:59,1236.0,1236.0,1236.0,1236.0,0,0,14697.65
2021-03-24 10:04:59,NIFTY,25MAR21,13400,CE,2021-03-24,10:04:59,1236.0,1236.0,1236.0,1236.0,0,0,14695.95
2021-03-24 10:05:59,NIFTY,25MAR21,13400,CE,2021-03-24,10:05:59,1236.0,1236.0,1236.0,1236.0,0,0,14688.55
2021-03-24 10:06:59,NIFTY,25MAR21,13400,CE,2021-03-24,10:06:59,1236.0,1236.0,1236.0,1236.0,0,0,14684.55
2021-03-24 10:07:59,NIFTY,25MAR21,13400,CE,2021-03-24,10:07:59,1236.0,1236.0,1236.0,1236.0,0,0,14684.85
2021-03-24 10:08:59,NIFTY,25MAR21,13400,CE,2021-03-24,10:08:59,1236.0,1236.0,1236.0,1236.0,0,0,14685.7
2021-03-24 10:09:59,NIFTY,25MAR21,13400,CE,2021-03-24,10:09:59,1236.0,1236.0,1236.0,1236.0,0,0,14673.05
2021-03-24 10:10:59,NIFTY,25MAR21,13400,CE,2021-03-24,10:10:59,1236.0,1236.0,1236.0,1236.0,0,0,14673.8
2021-03-24 10:11:59,NIFTY,25MAR21,13400,CE,2021-03-24,10:11:59,1236.0,1236.0,1236.0,1236.0,0,0,14682.25
2021-03-24 10:12:59,NIFTY,25MAR21,13400,CE,2021-03-24,10:12:59,1236.0,1236.0,1236.0,1236.0,0,0,14671.4
2021-03-24 10:13:59,NIFTY,25MAR21,13400,CE,2021-03-24,10:13:59,1236.0,1236.0,1236.0,1236.0,0,0,14667.5
2021-03-24 10:14:59,NIFTY,25MAR21,13400,CE,2021-03-24,10:14:59,1236.0,1236.0,1236.0,1236.0,0,0,14668.75
2021-03-24 10:15:59,NIFTY,25MAR21,13400,CE,2021-03-24,10:15:59,1236.0,1236.0,1236.0,1236.0,0,0,14659.95
2021-03-24 10:16:59,NIFTY,25MAR21,13400,CE,2021-03-24,10:16:59,1236.0,1236.0,1236.0,1236.0,0,0,14654.6
2021-03-24 10:17:59,NIFTY,25MAR21,13400,CE,2021-03-24,10:17:59,1236.0,1236.0,1236.0,1236.0,0,0,14656.4
2021-03-24 10:18:59,NIFTY,25MAR21,13400,CE,2021-03-24,10:18:59,1236.0,1236.0,1236.0,1236.0,0,0,14642.5
2021-03-24 10:19:59,NIFTY,25MAR21,13400,CE,2021-03-24,10:19:59,1236.0,1236.0,1236.0,1236.0,0,0,14632.8
2021-03-24 10:20:59,NIFTY,25MAR21,13400,CE,2021-03-24,10:20:59,1236.0,1236.0,1236.0,1236.0,0,0,14642.3
2021-03-24 10:21:59,NIFTY,25MAR21,13400,CE,2021-03-24,10:21:59,1233.15,1233.15,1233.15,1233.15,0,0,14644.55
2021-03-24 10:22:59,NIFTY,25MAR21,13400,CE,2021-03-24,10:22:59,1233.15,1233.15,1233.15,1233.15,0,0,14651.8
2021-03-24 10:23:59,NIFTY,25MAR21,13400,CE,2021-03-24,10:23:59,1233.15,1233.15,1233.15,1233.15,0,0,14655.4
2021-03-24 10:24:59,NIFTY,25MAR21,13400,CE,2021-03-24,10:24:59,1233.15,1233.15,1233.15,1233.15,0,0,14652.25
2021-03-24 10:25:59,NIFTY,25MAR21,13400,CE,2021-03-24,10:25:59,1233.15,1233.15,1233.15,1233.15,0,0,14659.65
2021-03-24 10:26:59,NIFTY,25MAR21,13400,CE,2021-03-24,10:26:59,1233.15,1233.15,1233.15,1233.15,0,0,14654.35
2021-03-24 10:27:59,NIFTY,25MAR21,13400,CE,2021-03-24,10:27:59,1233.15,1233.15,1233.15,1233.15,0,0,14655.1
2021-03-24 10:28:59,NIFTY,25MAR21,13400,CE,2021-03-24,10:28:59,1233.15,1233.15,1233.15,1233.15,0,0,14658.25
2021-03-24 10:29:59,NIFTY,25MAR21,13400,CE,2021-03-24,10:29:59,1233.15,1233.15,1233.15,1233.15,0,0,14642.05
2021-03-24 10:30:59,NIFTY,25MAR21,13400,CE,2021-03-24,10:30:59,1233.15,1233.15,1233.15,1233.15,0,0,14638.3
2021-03-24 10:31:59,NIFTY,25MAR21,13400,CE,2021-03-24,10:31:59,1233.15,1233.15,1233.15,1233.15,0,0,14642.8
2021-03-24 10:32:59,NIFTY,25MAR21,13400,CE,2021-03-24,10:32:59,1233.15,1233.15,1233.15,1233.15,0,0,14644.55
2021-03-24 10:33:59,NIFTY,25MAR21,13400,CE,2021-03-24,10:33:59,1233.15,1233.15,1233.15,1233.15,0,0,14645.8
2021-03-24 10:34:59,NIFTY,25MAR21,13400,CE,2021-03-24,10:34:59,1233.15,1233.15,1233.15,1233.15,0,0,14645.5
2021-03-24 10:35:59,NIFTY,25MAR21,13400,CE,2021-03-24,10:35:59,1233.15,1233.15,1233.15,1233.15,0,0,14653.7
2021-03-24 10:36:59,NIFTY,25MAR21,13400,CE,2021-03-24,10:36:59,1233.15,1233.15,1233.15,1233.15,0,0,14649.45
2021-03-24 10:37:59,NIFTY,25MAR21,13400,CE,2021-03-24,10:37:59,1233.15,1233.15,1233.15,1233.15,0,0,14642.05
2021-03-24 10:38:59,NIFTY,25MAR21,13400,CE,2021-03-24,10:38:59,1233.15,1233.15,1233.15,1233.15,0,0,14647.8
2021-03-24 10:39:59,NIFTY,25MAR21,13400,CE,2021-03-24,10:39:59,1233.15,1233.15,1233.15,1233.15,0,0,14639.25
2021-03-24 10:40:59,NIFTY,25MAR21,13400,CE,2021-03-24,10:40:59,1233.15,1233.15,1233.15,1233.15,0,0,14627.05
2021-03-24 10:41:59,NIFTY,25MAR21,13400,CE,2021-03-24,10:41:59,1233.15,1233.15,1233.15,1233.15,0,0,14634.2
2021-03-24 10:42:59,NIFTY,25MAR21,13400,CE,2021-03-24,10:42:59,1233.15,1233.15,1233.15,1233.15,0,0,14643.05
2021-03-24 10:43:59,NIFTY,25MAR21,13400,CE,2021-03-24,10:43:59,1233.15,1233.15,1233.15,1233.15,0,0,14649.55
2021-03-24 10:44:59,NIFTY,25MAR21,13400,CE,2021-03-24,10:44:59,1233.15,1233.15,1233.15,1233.15,0,0,14652.8
2021-03-24 10:45:59,NIFTY,25MAR21,13400,CE,2021-03-24,10:45:59,1233.15,1233.15,1233.15,1233.15,0,0,14642.6
2021-03-24 10:46:59,NIFTY,25MAR21,13400,CE,2021-03-24,10:46:59,1233.15,1233.15,1233.15,1233.15,0,0,14645.45
2021-03-24 10:47:59,NIFTY,25MAR21,13400,CE,2021-03-24,10:47:59,1233.15,1233.15,1233.15,1233.15,0,0,14646.3
2021-03-24 10:48:59,NIFTY,25MAR21,13400,CE,2021-03-24,10:48:59,1233.15,1233.15,1233.15,1233.15,0,0,14646.85
2021-03-24 10:49:59,NIFTY,25MAR21,13400,CE,2021-03-24,10:49:59,1233.15,1233.15,1233.15,1233.15,0,0,14647.6
2021-03-24 10:50:59,NIFTY,25MAR21,13400,CE,2021-03-24,10:50:59,1233.15,1233.15,1233.15,1233.15,0,0,14653.15
2021-03-24 10:51:59,NIFTY,25MAR21,13400,CE,2021-03-24,10:51:59,1233.15,1233.15,1233.15,1233.15,0,0,14622.9
2021-03-24 10:52:59,NIFTY,25MAR21,13400,CE,2021-03-24,10:52:59,1233.15,1233.15,1233.15,1233.15,0,0,14620.25
2021-03-24 10:53:59,NIFTY,25MAR21,13400,CE,2021-03-24,10:53:59,1233.15,1233.15,1233.15,1233.15,0,0,14612.25
2021-03-24 10:54:59,NIFTY,25MAR21,13400,CE,2021-03-24,10:54:59,1233.15,1233.15,1233.15,1233.15,0,0,14606.3
2021-03-24 10:55:59,NIFTY,25MAR21,13400,CE,2021-03-24,10:55:59,1233.15,1233.15,1233.15,1233.15,0,0,14608.7
2021-03-24 10:56:59,NIFTY,25MAR21,13400,CE,2021-03-24,10:56:59,1233.15,1233.15,1233.15,1233.15,0,0,14614.5
2021-03-24 10:57:59,NIFTY,25MAR21,13400,CE,2021-03-24,10:57:59,1233.15,1233.15,1233.15,1233.15,0,0,14616.45
2021-03-24 10:58:59,NIFTY,25MAR21,13400,CE,2021-03-24,10:58:59,1233.15,1233.15,1233.15,1233.15,0,0,14615.85
2021-03-24 10:59:59,NIFTY,25MAR21,13400,CE,2021-03-24,10:59:59,1233.15,1233.15,1233.15,1233.15,0,0,14622.6
2021-03-24 11:00:59,NIFTY,25MAR21,13400,CE,2021-03-24,11:00:59,1233.15,1233.15,1233.15,1233.15,0,0,14612.6
2021-03-24 11:01:59,NIFTY,25MAR21,13400,CE,2021-03-24,11:01:59,1233.15,1233.15,1233.15,1233.15,0,0,14617.4
2021-03-24 11:02:59,NIFTY,25MAR21,13400,CE,2021-03-24,11:02:59,1233.15,1233.15,1233.15,1233.15,0,0,14628.2
2021-03-24 11:03:59,NIFTY,25MAR21,13400,CE,2021-03-24,11:03:59,1156.95,1156.95,1156.95,1156.95,0,0,14626.35
2021-03-24 11:04:59,NIFTY,25MAR21,13400,CE,2021-03-24,11:04:59,1156.95,1156.95,1156.95,1156.95,0,0,14629.1
2021-03-24 11:05:59,NIFTY,25MAR21,13400,CE,2021-03-24,11:05:59,1156.95,1156.95,1156.95,1156.95,0,0,14631.6
2021-03-24 11:06:59,NIFTY,25MAR21,13400,CE,2021-03-24,11:06:59,1156.95,1156.95,1156.95,1156.95,0,0,14638.5
2021-03-24 11:07:59,NIFTY,25MAR21,13400,CE,2021-03-24,11:07:59,1156.95,1156.95,1156.95,1156.95,0,0,14641.45
2021-03-24 11:08:59,NIFTY,25MAR21,13400,CE,2021-03-24,11:08:59,1156.95,1156.95,1156.95,1156.95,0,0,14633.15
2021-03-24 11:09:59,NIFTY,25MAR21,13400,CE,2021-03-24,11:09:59,1156.95,1156.95,1156.95,1156.95,0,0,14628.6
2021-03-24 11:10:59,NIFTY,25MAR21,13400,CE,2021-03-24,11:10:59,1156.95,1156.95,1156.95,1156.95,0,0,14611.4
2021-03-24 11:11:59,NIFTY,25MAR21,13400,CE,2021-03-24,11:11:59,1156.95,1156.95,1156.95,1156.95,0,0,14613.2
2021-03-24 11:12:59,NIFTY,25MAR21,13400,CE,2021-03-24,11:12:59,1156.95,1156.95,1156.95,1156.95,0,0,14619.45
2021-03-24 11:13:59,NIFTY,25MAR21,13400,CE,2021-03-24,11:13:59,1156.95,1156.95,1156.95,1156.95,0,0,14622.05
2021-03-24 11:14:59,NIFTY,25MAR21,13400,CE,2021-03-24,11:14:59,1156.95,1156.95,1156.95,1156.95,0,0,14627.65
2021-03-24 11:15:59,NIFTY,25MAR21,13400,CE,2021-03-24,11:15:59,1156.95,1156.95,1156.95,1156.95,0,0,14618.3
2021-03-24 11:16:59,NIFTY,25MAR21,13400,CE,2021-03-24,11:16:59,1156.95,1156.95,1156.95,1156.95,0,0,14625.65
2021-03-24 11:17:59,NIFTY,25MAR21,13400,CE,2021-03-24,11:17:59,1156.95,1156.95,1156.95,1156.95,0,0,14634.1
2021-03-24 11:18:59,NIFTY,25MAR21,13400,CE,2021-03-24,11:18:59,1156.95,1156.95,1156.95,1156.95,0,0,14626.6
2021-03-24 11:19:59,NIFTY,25MAR21,13400,CE,2021-03-24,11:19:59,1156.95,1156.95,1156.95,1156.95,0,0,14621.9
2021-03-24 11:20:59,NIFTY,25MAR21,13400,CE,2021-03-24,11:20:59,1156.95,1156.95,1156.95,1156.95,0,0,14604.55
2021-03-24 11:21:59,NIFTY,25MAR21,13400,CE,2021-03-24,11:21:59,1156.95,1156.95,1156.95,1156.95,0,0,14613.05
2021-03-24 11:22:59,NIFTY,25MAR21,13400,CE,2021-03-24,11:22:59,1156.95,1156.95,1156.95,1156.95,0,0,14611.35
2021-03-24 11:23:59,NIFTY,25MAR21,13400,CE,2021-03-24,11:23:59,1156.95,1156.95,1156.95,1156.95,0,0,14615.45
2021-03-24 11:24:59,NIFTY,25MAR21,13400,CE,2021-03-24,11:24:59,1156.95,1156.95,1156.95,1156.95,0,0,14612.55
2021-03-24 11:25:59,NIFTY,25MAR21,13400,CE,2021-03-24,11:25:59,1156.95,1156.95,1156.95,1156.95,0,0,14615.45
2021-03-24 11:26:59,NIFTY,25MAR21,13400,CE,2021-03-24,11:26:59,1156.95,1156.95,1156.95,1156.95,0,0,14612.75
2021-03-24 11:27:59,NIFTY,25MAR21,13400,CE,2021-03-24,11:27:59,1156.95,1156.95,1156.95,1156.95,0,0,14615.35
2021-03-24 11:28:59,NIFTY,25MAR21,13400,CE,2021-03-24,11:28:59,1156.95,1156.95,1156.95,1156.95,0,0,14614.3
2021-03-24 11:29:59,NIFTY,25MAR21,13400,CE,2021-03-24,11:29:59,1156.95,1156.95,1156.95,1156.95,0,0,14595.4
2021-03-24 11:30:59,NIFTY,25MAR21,13400,CE,2021-03-24,11:30:59,1156.95,1156.95,1156.95,1156.95,0,0,14596.2
2021-03-24 11:31:59,NIFTY,25MAR21,13400,CE,2021-03-24,11:31:59,1156.95,1156.95,1156.95,1156.95,0,0,14596.65
2021-03-24 11:32:59,NIFTY,25MAR21,13400,CE,2021-03-24,11:32:59,1156.95,1156.95,1156.95,1156.95,0,0,14595.0
2021-03-24 11:33:59,NIFTY,25MAR21,13400,CE,2021-03-24,11:33:59,1156.95,1156.95,1156.95,1156.95,0,0,14587.05
2021-03-24 11:34:59,NIFTY,25MAR21,13400,CE,2021-03-24,11:34:59,1156.95,1156.95,1156.95,1156.95,0,0,14584.9
2021-03-24 11:35:59,NIFTY,25MAR21,13400,CE,2021-03-24,11:35:59,1156.95,1156.95,1156.95,1156.95,0,0,14591.3
2021-03-24 11:36:59,NIFTY,25MAR21,13400,CE,2021-03-24,11:36:59,1156.95,1156.95,1156.95,1156.95,0,0,14586.5
2021-03-24 11:37:59,NIFTY,25MAR21,13400,CE,2021-03-24,11:37:59,1156.95,1156.95,1156.95,1156.95,0,0,14588.8
2021-03-24 11:38:59,NIFTY,25MAR21,13400,CE,2021-03-24,11:38:59,1156.95,1156.95,1156.95,1156.95,0,0,14593.95
2021-03-24 11:39:59,NIFTY,25MAR21,13400,CE,2021-03-24,11:39:59,1156.95,1156.95,1156.95,1156.95,0,0,14599.95
2021-03-24 11:40:59,NIFTY,25MAR21,13400,CE,2021-03-24,11:40:59,1156.95,1156.95,1156.95,1156.95,0,0,14603.85
2021-03-24 11:41:59,NIFTY,25MAR21,13400,CE,2021-03-24,11:41:59,1156.95,1156.95,1156.95,1156.95,0,0,14599.3
2021-03-24 11:42:59,NIFTY,25MAR21,13400,CE,2021-03-24,11:42:59,1156.95,1156.95,1156.95,1156.95,0,0,14599.95
2021-03-24 11:43:59,NIFTY,25MAR21,13400,CE,2021-03-24,11:43:59,1156.95,1156.95,1156.95,1156.95,0,0,14605.85
2021-03-24 11:44:59,NIFTY,25MAR21,13400,CE,2021-03-24,11:44:59,1156.95,1156.95,1156.95,1156.95,0,0,14615.6
2021-03-24 11:45:59,NIFTY,25MAR21,13400,CE,2021-03-24,11:45:59,1156.95,1156.95,1156.95,1156.95,0,0,14606.2
2021-03-24 11:46:59,NIFTY,25MAR21,13400,CE,2021-03-24,11:46:59,1156.95,1156.95,1156.95,1156.95,0,0,14608.8
2021-03-24 11:47:59,NIFTY,25MAR21,13400,CE,2021-03-24,11:47:59,1156.95,1156.95,1156.95,1156.95,0,0,14617.2
2021-03-24 11:48:59,NIFTY,25MAR21,13400,CE,2021-03-24,11:48:59,1156.95,1156.95,1156.95,1156.95,0,0,14621.55
2021-03-24 11:49:59,NIFTY,25MAR21,13400,CE,2021-03-24,11:49:59,1156.95,1156.95,1156.95,1156.95,0,0,14628.2
2021-03-24 11:50:59,NIFTY,25MAR21,13400,CE,2021-03-24,11:50:59,1156.95,1156.95,1156.95,1156.95,0,0,14631.0
2021-03-24 11:51:59,NIFTY,25MAR21,13400,CE,2021-03-24,11:51:59,1156.95,1156.95,1156.95,1156.95,0,0,14619.75
2021-03-24 11:52:59,NIFTY,25MAR21,13400,CE,2021-03-24,11:52:59,1156.95,1156.95,1156.95,1156.95,0,0,14626.25
2021-03-24 11:53:59,NIFTY,25MAR21,13400,CE,2021-03-24,11:53:59,1156.95,1156.95,1156.95,1156.95,0,0,14624.3
2021-03-24 11:54:59,NIFTY,25MAR21,13400,CE,2021-03-24,11:54:59,1156.95,1156.95,1156.95,1156.95,0,0,14638.4
2021-03-24 11:55:59,NIFTY,25MAR21,13400,CE,2021-03-24,11:55:59,1156.95,1156.95,1156.95,1156.95,0,0,14634.5
2021-03-24 11:56:59,NIFTY,25MAR21,13400,CE,2021-03-24,11:56:59,1156.95,1156.95,1156.95,1156.95,0,0,14626.5
2021-03-24 11:57:59,NIFTY,25MAR21,13400,CE,2021-03-24,11:57:59,1156.95,1156.95,1156.95,1156.95,0,0,14633.2
2021-03-24 11:58:59,NIFTY,25MAR21,13400,CE,2021-03-24,11:58:59,1156.95,1156.95,1156.95,1156.95,0,0,14628.4
2021-03-24 11:59:59,NIFTY,25MAR21,13400,CE,2021-03-24,11:59:59,1156.95,1156.95,1156.95,1156.95,0,0,14639.1
2021-03-24 12:00:59,NIFTY,25MAR21,13400,CE,2021-03-24,12:00:59,1156.95,1156.95,1156.95,1156.95,0,0,14642.25
2021-03-24 12:01:59,NIFTY,25MAR21,13400,CE,2021-03-24,12:01:59,1156.95,1156.95,1156.95,1156.95,0,0,14643.55
2021-03-24 12:02:59,NIFTY,25MAR21,13400,CE,2021-03-24,12:02:59,1156.95,1156.95,1156.95,1156.95,0,0,14641.1
2021-03-24 12:03:59,NIFTY,25MAR21,13400,CE,2021-03-24,12:03:59,1156.95,1156.95,1156.95,1156.95,0,0,14641.3
2021-03-24 12:04:59,NIFTY,25MAR21,13400,CE,2021-03-24,12:04:59,1156.95,1156.95,1156.95,1156.95,0,0,14638.55
2021-03-24 12:05:59,NIFTY,25MAR21,13400,CE,2021-03-24,12:05:59,1156.95,1156.95,1156.95,1156.95,0,0,14629.45
2021-03-24 12:06:59,NIFTY,25MAR21,13400,CE,2021-03-24,12:06:59,1156.95,1156.95,1156.95,1156.95,0,0,14633.3
2021-03-24 12:07:59,NIFTY,25MAR21,13400,CE,2021-03-24,12:07:59,1156.95,1156.95,1156.95,1156.95,0,0,14634.45
2021-03-24 12:08:59,NIFTY,25MAR21,13400,CE,2021-03-24,12:08:59,1156.95,1156.95,1156.95,1156.95,0,0,14634.55
2021-03-24 12:09:59,NIFTY,25MAR21,13400,CE,2021-03-24,12:09:59,1156.95,1156.95,1156.95,1156.95,0,0,14628.2
2021-03-24 12:10:59,NIFTY,25MAR21,13400,CE,2021-03-24,12:10:59,1156.95,1156.95,1156.95,1156.95,0,0,14616.35
2021-03-24 12:11:59,NIFTY,25MAR21,13400,CE,2021-03-24,12:11:59,1156.95,1156.95,1156.95,1156.95,0,0,14617.45
2021-03-24 12:12:59,NIFTY,25MAR21,13400,CE,2021-03-24,12:12:59,1156.95,1156.95,1156.95,1156.95,0,0,14618.8
2021-03-24 12:13:59,NIFTY,25MAR21,13400,CE,2021-03-24,12:13:59,1156.95,1156.95,1156.95,1156.95,0,0,14622.45
2021-03-24 12:14:59,NIFTY,25MAR21,13400,CE,2021-03-24,12:14:59,1156.95,1156.95,1156.95,1156.95,0,0,14631.6
2021-03-24 12:15:59,NIFTY,25MAR21,13400,CE,2021-03-24,12:15:59,1156.95,1156.95,1156.95,1156.95,0,0,14640.7
2021-03-24 12:16:59,NIFTY,25MAR21,13400,CE,2021-03-24,12:16:59,1156.95,1156.95,1156.95,1156.95,0,0,14643.15
2021-03-24 12:17:59,NIFTY,25MAR21,13400,CE,2021-03-24,12:17:59,1156.95,1156.95,1156.95,1156.95,0,0,14639.35
2021-03-24 12:18:59,NIFTY,25MAR21,13400,CE,2021-03-24,12:18:59,1156.95,1156.95,1156.95,1156.95,0,0,14638.05
2021-03-24 12:19:59,NIFTY,25MAR21,13400,CE,2021-03-24,12:19:59,1156.95,1156.95,1156.95,1156.95,0,0,14644.0
2021-03-24 12:20:59,NIFTY,25MAR21,13400,CE,2021-03-24,12:20:59,1156.95,1156.95,1156.95,1156.95,0,0,14649.05
2021-03-24 12:21:59,NIFTY,25MAR21,13400,CE,2021-03-24,12:21:59,1156.95,1156.95,1156.95,1156.95,0,0,14642.75
2021-03-24 12:22:59,NIFTY,25MAR21,13400,CE,2021-03-24,12:22:59,1156.95,1156.95,1156.95,1156.95,0,0,14651.35
2021-03-24 12:23:59,NIFTY,25MAR21,13400,CE,2021-03-24,12:23:59,1156.95,1156.95,1156.95,1156.95,0,0,14648.7
2021-03-24 12:24:59,NIFTY,25MAR21,13400,CE,2021-03-24,12:24:59,1156.95,1156.95,1156.95,1156.95,0,0,14645.35
2021-03-24 12:25:59,NIFTY,25MAR21,13400,CE,2021-03-24,12:25:59,1156.95,1156.95,1156.95,1156.95,0,0,14651.4
2021-03-24 12:26:59,NIFTY,25MAR21,13400,CE,2021-03-24,12:26:59,1156.95,1156.95,1156.95,1156.95,0,0,14645.4
2021-03-24 12:27:59,NIFTY,25MAR21,13400,CE,2021-03-24,12:27:59,1156.95,1156.95,1156.95,1156.95,0,0,14647.7
2021-03-24 12:28:59,NIFTY,25MAR21,13400,CE,2021-03-24,12:28:59,1156.95,1156.95,1156.95,1156.95,0,0,14648.7
2021-03-24 12:29:59,NIFTY,25MAR21,13400,CE,2021-03-24,12:29:59,1156.95,1156.95,1156.95,1156.95,0,0,14649.25
2021-03-24 12:30:59,NIFTY,25MAR21,13400,CE,2021-03-24,12:30:59,1156.95,1156.95,1156.95,1156.95,0,0,14648.8
2021-03-24 12:31:59,NIFTY,25MAR21,13400,CE,2021-03-24,12:31:59,1156.95,1156.95,1156.95,1156.95,0,0,14641.25
2021-03-24 12:32:59,NIFTY,25MAR21,13400,CE,2021-03-24,12:32:59,1156.95,1156.95,1156.95,1156.95,0,0,14661.75
2021-03-24 12:33:59,NIFTY,25MAR21,13400,CE,2021-03-24,12:33:59,1156.95,1156.95,1156.95,1156.95,0,0,14668.35
2021-03-24 12:34:59,NIFTY,25MAR21,13400,CE,2021-03-24,12:34:59,1156.95,1156.95,1156.95,1156.95,0,0,14671.1
2021-03-24 12:35:59,NIFTY,25MAR21,13400,CE,2021-03-24,12:35:59,1156.95,1156.95,1156.95,1156.95,0,0,14667.8
2021-03-24 12:36:59,NIFTY,25MAR21,13400,CE,2021-03-24,12:36:59,1156.95,1156.95,1156.95,1156.95,0,0,14666.2
2021-03-24 12:37:59,NIFTY,25MAR21,13400,CE,2021-03-24,12:37:59,1156.95,1156.95,1156.95,1156.95,0,0,14666.05
2021-03-24 12:38:59,NIFTY,25MAR21,13400,CE,2021-03-24,12:38:59,1156.95,1156.95,1156.95,1156.95,0,0,14664.0
2021-03-24 12:39:59,NIFTY,25MAR21,13400,CE,2021-03-24,12:39:59,1156.95,1156.95,1156.95,1156.95,0,0,14664.35
2021-03-24 12:40:59,NIFTY,25MAR21,13400,CE,2021-03-24,12:40:59,1156.95,1156.95,1156.95,1156.95,0,0,14661.05
2021-03-24 12:41:59,NIFTY,25MAR21,13400,CE,2021-03-24,12:41:59,1156.95,1156.95,1156.95,1156.95,0,0,14654.9
2021-03-24 12:42:59,NIFTY,25MAR21,13400,CE,2021-03-24,12:42:59,1156.95,1156.95,1156.95,1156.95,0,0,14658.55
2021-03-24 12:43:59,NIFTY,25MAR21,13400,CE,2021-03-24,12:43:59,1156.95,1156.95,1156.95,1156.95,0,0,14662.25
2021-03-24 12:44:59,NIFTY,25MAR21,13400,CE,2021-03-24,12:44:59,1156.95,1156.95,1156.95,1156.95,0,0,14664.1
2021-03-24 12:45:59,NIFTY,25MAR21,13400,CE,2021-03-24,12:45:59,1156.95,1156.95,1156.95,1156.95,0,0,14657.55
2021-03-24 12:46:59,NIFTY,25MAR21,13400,CE,2021-03-24,12:46:59,1156.95,1156.95,1156.95,1156.95,0,0,14654.45
2021-03-24 12:47:59,NIFTY,25MAR21,13400,CE,2021-03-24,12:47:59,1156.95,1156.95,1156.95,1156.95,0,0,14654.35
2021-03-24 12:48:59,NIFTY,25MAR21,13400,CE,2021-03-24,12:48:59,1156.95,1156.95,1156.95,1156.95,0,0,14653.0
2021-03-24 12:49:59,NIFTY,25MAR21,13400,CE,2021-03-24,12:49:59,1156.95,1156.95,1156.95,1156.95,0,0,14648.55
2021-03-24 12:50:59,NIFTY,25MAR21,13400,CE,2021-03-24,12:50:59,1156.95,1156.95,1156.95,1156.95,0,0,14634.55
2021-03-24 12:51:59,NIFTY,25MAR21,13400,CE,2021-03-24,12:51:59,1156.95,1156.95,1156.95,1156.95,0,0,14637.4
2021-03-24 12:52:59,NIFTY,25MAR21,13400,CE,2021-03-24,12:52:59,1156.95,1156.95,1156.95,1156.95,0,0,14632.8
2021-03-24 12:53:59,NIFTY,25MAR21,13400,CE,2021-03-24,12:53:59,1156.95,1156.95,1156.95,1156.95,0,0,14634.5
2021-03-24 12:54:59,NIFTY,25MAR21,13400,CE,2021-03-24,12:54:59,1156.95,1156.95,1156.95,1156.95,0,0,14630.85
2021-03-24 12:55:59,NIFTY,25MAR21,13400,CE,2021-03-24,12:55:59,1156.95,1156.95,1156.95,1156.95,0,0,14636.95
2021-03-24 12:56:59,NIFTY,25MAR21,13400,CE,2021-03-24,12:56:59,1156.95,1156.95,1156.95,1156.95,0,0,14638.8
2021-03-24 12:57:59,NIFTY,25MAR21,13400,CE,2021-03-24,12:57:59,1156.95,1156.95,1156.95,1156.95,0,0,14638.9
2021-03-24 12:58:59,NIFTY,25MAR21,13400,CE,2021-03-24,12:58:59,1156.95,1156.95,1156.95,1156.95,0,0,14638.75
2021-03-24 12:59:59,NIFTY,25MAR21,13400,CE,2021-03-24,12:59:59,1156.95,1156.95,1156.95,1156.95,0,0,14626.75
2021-03-24 13:00:59,NIFTY,25MAR21,13400,CE,2021-03-24,13:00:59,1156.95,1156.95,1156.95,1156.95,0,0,14628.85
2021-03-24 13:01:59,NIFTY,25MAR21,13400,CE,2021-03-24,13:01:59,1156.95,1156.95,1156.95,1156.95,0,0,14620.4
2021-03-24 13:02:59,NIFTY,25MAR21,13400,CE,2021-03-24,13:02:59,1156.95,1156.95,1156.95,1156.95,0,0,14615.9
2021-03-24 13:03:59,NIFTY,25MAR21,13400,CE,2021-03-24,13:03:59,1156.95,1156.95,1156.95,1156.95,0,0,14620.5
2021-03-24 13:04:59,NIFTY,25MAR21,13400,CE,2021-03-24,13:04:59,1156.95,1156.95,1156.95,1156.95,0,0,14623.6
2021-03-24 13:05:59,NIFTY,25MAR21,13400,CE,2021-03-24,13:05:59,1156.95,1156.95,1156.95,1156.95,0,0,14622.45
2021-03-24 13:06:59,NIFTY,25MAR21,13400,CE,2021-03-24,13:06:59,1156.95,1156.95,1156.95,1156.95,0,0,14632.0
2021-03-24 13:07:59,NIFTY,25MAR21,13400,CE,2021-03-24,13:07:59,1156.95,1156.95,1156.95,1156.95,0,0,14631.2
2021-03-24 13:08:59,NIFTY,25MAR21,13400,CE,2021-03-24,13:08:59,1156.95,1156.95,1156.95,1156.95,0,0,14626.1
2021-03-24 13:09:59,NIFTY,25MAR21,13400,CE,2021-03-24,13:09:59,1156.95,1156.95,1156.95,1156.95,0,0,14624.75
2021-03-24 13:10:59,NIFTY,25MAR21,13400,CE,2021-03-24,13:10:59,1156.95,1156.95,1156.95,1156.95,0,0,14623.6
2021-03-24 13:11:59,NIFTY,25MAR21,13400,CE,2021-03-24,13:11:59,1156.95,1156.95,1156.95,1156.95,0,0,14618.95
2021-03-24 13:12:59,NIFTY,25MAR21,13400,CE,2021-03-24,13:12:59,1156.95,1156.95,1156.95,1156.95,0,0,14615.25
2021-03-24 13:13:59,NIFTY,25MAR21,13400,CE,2021-03-24,13:13:59,1156.95,1156.95,1156.95,1156.95,0,0,14615.55
2021-03-24 13:14:59,NIFTY,25MAR21,13400,CE,2021-03-24,13:14:59,1156.95,1156.95,1156.95,1156.95,0,0,14616.55
2021-03-24 13:15:59,NIFTY,25MAR21,13400,CE,2021-03-24,13:15:59,1156.95,1156.95,1156.95,1156.95,0,0,14623.05
2021-03-24 13:16:59,NIFTY,25MAR21,13400,CE,2021-03-24,13:16:59,1156.95,1156.95,1156.95,1156.95,0,0,14608.95
2021-03-24 13:17:59,NIFTY,25MAR21,13400,CE,2021-03-24,13:17:59,1156.95,1156.95,1156.95,1156.95,0,0,14610.3
2021-03-24 13:18:59,NIFTY,25MAR21,13400,CE,2021-03-24,13:18:59,1156.95,1156.95,1156.95,1156.95,0,0,14614.85
2021-03-24 13:19:59,NIFTY,25MAR21,13400,CE,2021-03-24,13:19:59,1156.95,1156.95,1156.95,1156.95,0,0,14619.5
2021-03-24 13:20:59,NIFTY,25MAR21,13400,CE,2021-03-24,13:20:59,1156.95,1156.95,1156.95,1156.95,0,0,14638.0
2021-03-24 13:21:59,NIFTY,25MAR21,13400,CE,2021-03-24,13:21:59,1156.95,1156.95,1156.95,1156.95,0,0,14645.4
2021-03-24 13:22:59,NIFTY,25MAR21,13400,CE,2021-03-24,13:22:59,1156.95,1156.95,1156.95,1156.95,0,0,14638.3
2021-03-24 13:23:59,NIFTY,25MAR21,13400,CE,2021-03-24,13:23:59,1156.95,1156.95,1156.95,1156.95,0,0,14633.65
2021-03-24 13:24:59,NIFTY,25MAR21,13400,CE,2021-03-24,13:24:59,1156.95,1156.95,1156.95,1156.95,0,0,14634.0
2021-03-24 13:25:59,NIFTY,25MAR21,13400,CE,2021-03-24,13:25:59,1156.95,1156.95,1156.95,1156.95,0,0,14637.65
2021-03-24 13:26:59,NIFTY,25MAR21,13400,CE,2021-03-24,13:26:59,1156.95,1156.95,1156.95,1156.95,0,0,14633.6
2021-03-24 13:27:59,NIFTY,25MAR21,13400,CE,2021-03-24,13:27:59,1156.95,1156.95,1156.95,1156.95,0,0,14634.55
2021-03-24 13:28:59,NIFTY,25MAR21,13400,CE,2021-03-24,13:28:59,1156.95,1156.95,1156.95,1156.95,0,0,14640.2
2021-03-24 13:29:59,NIFTY,25MAR21,13400,CE,2021-03-24,13:29:59,1156.95,1156.95,1156.95,1156.95,0,0,14641.2
2021-03-24 13:30:59,NIFTY,25MAR21,13400,CE,2021-03-24,13:30:59,1156.95,1156.95,1156.95,1156.95,0,0,14640.0
2021-03-24 13:31:59,NIFTY,25MAR21,13400,CE,2021-03-24,13:31:59,1156.95,1156.95,1156.95,1156.95,0,0,14646.15
2021-03-24 13:32:59,NIFTY,25MAR21,13400,CE,2021-03-24,13:32:59,1156.95,1156.95,1156.95,1156.95,0,0,14639.4
2021-03-24 13:33:59,NIFTY,25MAR21,13400,CE,2021-03-24,13:33:59,1156.95,1156.95,1156.95,1156.95,0,0,14632.25
2021-03-24 13:34:59,NIFTY,25MAR21,13400,CE,2021-03-24,13:34:59,1156.95,1156.95,1156.95,1156.95,0,0,14627.95
2021-03-24 13:35:59,NIFTY,25MAR21,13400,CE,2021-03-24,13:35:59,1156.95,1156.95,1156.95,1156.95,0,0,14624.75
2021-03-24 13:36:59,NIFTY,25MAR21,13400,CE,2021-03-24,13:36:59,1156.95,1156.95,1156.95,1156.95,0,0,14617.7
2021-03-24 13:37:59,NIFTY,25MAR21,13400,CE,2021-03-24,13:37:59,1156.95,1156.95,1156.95,1156.95,0,0,14632.7
2021-03-24 13:38:59,NIFTY,25MAR21,13400,CE,2021-03-24,13:38:59,1156.95,1156.95,1156.95,1156.95,0,0,14626.95
2021-03-24 13:39:59,NIFTY,25MAR21,13400,CE,2021-03-24,13:39:59,1156.95,1156.95,1156.95,1156.95,0,0,14623.25
2021-03-24 13:40:59,NIFTY,25MAR21,13400,CE,2021-03-24,13:40:59,1156.95,1156.95,1156.95,1156.95,0,0,14620.5
2021-03-24 13:41:59,NIFTY,25MAR21,13400,CE,2021-03-24,13:41:59,1156.95,1156.95,1156.95,1156.95,0,0,14627.6
2021-03-24 13:42:59,NIFTY,25MAR21,13400,CE,2021-03-24,13:42:59,1156.95,1156.95,1156.95,1156.95,0,0,14628.05
2021-03-24 13:43:59,NIFTY,25MAR21,13400,CE,2021-03-24,13:43:59,1156.95,1156.95,1156.95,1156.95,0,0,14628.5
2021-03-24 13:44:59,NIFTY,25MAR21,13400,CE,2021-03-24,13:44:59,1156.95,1156.95,1156.95,1156.95,0,0,14635.25
2021-03-24 13:45:59,NIFTY,25MAR21,13400,CE,2021-03-24,13:45:59,1156.95,1156.95,1156.95,1156.95,0,0,14629.35
2021-03-24 13:46:59,NIFTY,25MAR21,13400,CE,2021-03-24,13:46:59,1156.95,1156.95,1156.95,1156.95,0,0,14637.55
2021-03-24 13:47:59,NIFTY,25MAR21,13400,CE,2021-03-24,13:47:59,1156.95,1156.95,1156.95,1156.95,0,0,14636.45
2021-03-24 13:48:59,NIFTY,25MAR21,13400,CE,2021-03-24,13:48:59,1156.95,1156.95,1156.95,1156.95,0,0,14636.55
2021-03-24 13:49:59,NIFTY,25MAR21,13400,CE,2021-03-24,13:49:59,1156.95,1156.95,1156.95,1156.95,0,0,14633.25
2021-03-24 13:50:59,NIFTY,25MAR21,13400,CE,2021-03-24,13:50:59,1156.95,1156.95,1156.95,1156.95,0,0,14627.2
2021-03-24 13:51:59,NIFTY,25MAR21,13400,CE,2021-03-24,13:51:59,1156.95,1156.95,1156.95,1156.95,0,0,14621.7
2021-03-24 13:52:59,NIFTY,25MAR21,13400,CE,2021-03-24,13:52:59,1156.95,1156.95,1156.95,1156.95,0,0,14628.85
2021-03-24 13:53:59,NIFTY,25MAR21,13400,CE,2021-03-24,13:53:59,1156.95,1156.95,1156.95,1156.95,0,0,14624.6
2021-03-24 13:54:59,NIFTY,25MAR21,13400,CE,2021-03-24,13:54:59,1156.95,1156.95,1156.95,1156.95,0,0,14624.45
2021-03-24 13:55:59,NIFTY,25MAR21,13400,CE,2021-03-24,13:55:59,1156.95,1156.95,1156.95,1156.95,0,0,14634.3
2021-03-24 13:56:59,NIFTY,25MAR21,13400,CE,2021-03-24,13:56:59,1156.95,1156.95,1156.95,1156.95,0,0,14634.75
2021-03-24 13:57:59,NIFTY,25MAR21,13400,CE,2021-03-24,13:57:59,1156.95,1156.95,1156.95,1156.95,0,0,14636.9
2021-03-24 13:58:59,NIFTY,25MAR21,13400,CE,2021-03-24,13:58:59,1156.95,1156.95,1156.95,1156.95,0,0,14644.0
2021-03-24 13:59:59,NIFTY,25MAR21,13400,CE,2021-03-24,13:59:59,1156.95,1156.95,1156.95,1156.95,0,0,14637.1
2021-03-24 14:00:59,NIFTY,25MAR21,13400,CE,2021-03-24,14:00:59,1156.95,1156.95,1156.95,1156.95,0,0,14648.3
2021-03-24 14:01:59,NIFTY,25MAR21,13400,CE,2021-03-24,14:01:59,1156.95,1156.95,1156.95,1156.95,0,0,14646.85
2021-03-24 14:02:59,NIFTY,25MAR21,13400,CE,2021-03-24,14:02:59,1156.95,1156.95,1156.95,1156.95,0,0,14646.75
2021-03-24 14:03:59,NIFTY,25MAR21,13400,CE,2021-03-24,14:03:59,1156.95,1156.95,1156.95,1156.95,0,0,14659.5
2021-03-24 14:04:59,NIFTY,25MAR21,13400,CE,2021-03-24,14:04:59,1156.95,1156.95,1156.95,1156.95,0,0,14658.95
2021-03-24 14:05:59,NIFTY,25MAR21,13400,CE,2021-03-24,14:05:59,1156.95,1156.95,1156.95,1156.95,0,0,14653.9
2021-03-24 14:06:59,NIFTY,25MAR21,13400,CE,2021-03-24,14:06:59,1156.95,1156.95,1156.95,1156.95,0,0,14649.8
2021-03-24 14:07:59,NIFTY,25MAR21,13400,CE,2021-03-24,14:07:59,1156.95,1156.95,1156.95,1156.95,0,0,14639.85
2021-03-24 14:08:59,NIFTY,25MAR21,13400,CE,2021-03-24,14:08:59,1156.95,1156.95,1156.95,1156.95,0,0,14639.95
2021-03-24 14:09:59,NIFTY,25MAR21,13400,CE,2021-03-24,14:09:59,1156.95,1156.95,1156.95,1156.95,0,0,14633.65
2021-03-24 14:10:59,NIFTY,25MAR21,13400,CE,2021-03-24,14:10:59,1156.95,1156.95,1156.95,1156.95,0,0,14631.05
2021-03-24 14:11:59,NIFTY,25MAR21,13400,CE,2021-03-24,14:11:59,1156.95,1156.95,1156.95,1156.95,0,0,14629.55
2021-03-24 14:12:59,NIFTY,25MAR21,13400,CE,2021-03-24,14:12:59,1156.95,1156.95,1156.95,1156.95,0,0,14631.75
2021-03-24 14:13:59,NIFTY,25MAR21,13400,CE,2021-03-24,14:13:59,1156.95,1156.95,1156.95,1156.95,0,0,14641.25
2021-03-24 14:14:59,NIFTY,25MAR21,13400,CE,2021-03-24,14:14:59,1156.95,1156.95,1156.95,1156.95,0,0,14636.4
2021-03-24 14:15:59,NIFTY,25MAR21,13400,CE,2021-03-24,14:15:59,1156.95,1156.95,1156.95,1156.95,0,0,14639.8
2021-03-24 14:16:59,NIFTY,25MAR21,13400,CE,2021-03-24,14:16:59,1156.95,1156.95,1156.95,1156.95,0,0,14629.05
2021-03-24 14:17:59,NIFTY,25MAR21,13400,CE,2021-03-24,14:17:59,1156.95,1156.95,1156.95,1156.95,0,0,14634.2
2021-03-24 14:18:59,NIFTY,25MAR21,13400,CE,2021-03-24,14:18:59,1156.95,1156.95,1156.95,1156.95,0,0,14632.2
2021-03-24 14:19:59,NIFTY,25MAR21,13400,CE,2021-03-24,14:19:59,1156.95,1156.95,1156.95,1156.95,0,0,14636.05
2021-03-24 14:20:59,NIFTY,25MAR21,13400,CE,2021-03-24,14:20:59,1156.95,1156.95,1156.95,1156.95,0,0,14638.2
2021-03-24 14:21:59,NIFTY,25MAR21,13400,CE,2021-03-24,14:21:59,1156.95,1156.95,1156.95,1156.95,0,0,14636.0
2021-03-24 14:22:59,NIFTY,25MAR21,13400,CE,2021-03-24,14:22:59,1156.95,1156.95,1156.95,1156.95,0,0,14634.35
2021-03-24 14:23:59,NIFTY,25MAR21,13400,CE,2021-03-24,14:23:59,1156.95,1156.95,1156.95,1156.95,0,0,14632.0
2021-03-24 14:24:59,NIFTY,25MAR21,13400,CE,2021-03-24,14:24:59,1156.95,1156.95,1156.95,1156.95,0,0,14634.25
2021-03-24 14:25:59,NIFTY,25MAR21,13400,CE,2021-03-24,14:25:59,1156.95,1156.95,1156.95,1156.95,0,0,14642.35
2021-03-24 14:26:59,NIFTY,25MAR21,13400,CE,2021-03-24,14:26:59,1156.95,1156.95,1156.95,1156.95,0,0,14643.75
2021-03-24 14:27:59,NIFTY,25MAR21,13400,CE,2021-03-24,14:27:59,1156.95,1156.95,1156.95,1156.95,0,0,14643.9
2021-03-24 14:28:59,NIFTY,25MAR21,13400,CE,2021-03-24,14:28:59,1156.95,1156.95,1156.95,1156.95,0,0,14640.4
2021-03-24 14:29:59,NIFTY,25MAR21,13400,CE,2021-03-24,14:29:59,1156.95,1156.95,1156.95,1156.95,0,0,14641.65
2021-03-24 14:30:59,NIFTY,25MAR21,13400,CE,2021-03-24,14:30:59,1156.95,1156.95,1156.95,1156.95,0,0,14645.95
2021-03-24 14:31:59,NIFTY,25MAR21,13400,CE,2021-03-24,14:31:59,1156.95,1156.95,1156.95,1156.95,0,0,14643.9
2021-03-24 14:32:59,NIFTY,25MAR21,13400,CE,2021-03-24,14:32:59,1156.95,1156.95,1156.95,1156.95,0,0,14643.4
2021-03-24 14:33:59,NIFTY,25MAR21,13400,CE,2021-03-24,14:33:59,1156.95,1156.95,1156.95,1156.95,0,0,14641.8
2021-03-24 14:34:59,NIFTY,25MAR21,13400,CE,2021-03-24,14:34:59,1156.95,1156.95,1156.95,1156.95,0,0,14645.4
2021-03-24 14:35:59,NIFTY,25MAR21,13400,CE,2021-03-24,14:35:59,1156.95,1156.95,1156.95,1156.95,0,0,14644.1
2021-03-24 14:36:59,NIFTY,25MAR21,13400,CE,2021-03-24,14:36:59,1156.95,1156.95,1156.95,1156.95,0,0,14669.55
2021-03-24 14:37:59,NIFTY,25MAR21,13400,CE,2021-03-24,14:37:59,1156.95,1156.95,1156.95,1156.95,0,0,14664.6
2021-03-24 14:38:59,NIFTY,25MAR21,13400,CE,2021-03-24,14:38:59,1156.95,1156.95,1156.95,1156.95,0,0,14659.25
2021-03-24 14:39:59,NIFTY,25MAR21,13400,CE,2021-03-24,14:39:59,1156.95,1156.95,1156.95,1156.95,0,0,14658.1
2021-03-24 14:40:59,NIFTY,25MAR21,13400,CE,2021-03-24,14:40:59,1156.95,1156.95,1156.95,1156.95,0,0,14656.35
2021-03-24 14:41:59,NIFTY,25MAR21,13400,CE,2021-03-24,14:41:59,1156.95,1156.95,1156.95,1156.95,0,0,14659.45
2021-03-24 14:42:59,NIFTY,25MAR21,13400,CE,2021-03-24,14:42:59,1156.95,1156.95,1156.95,1156.95,0,0,14651.0
2021-03-24 14:43:59,NIFTY,25MAR21,13400,CE,2021-03-24,14:43:59,1156.95,1156.95,1156.95,1156.95,0,0,14645.75
2021-03-24 14:44:59,NIFTY,25MAR21,13400,CE,2021-03-24,14:44:59,1156.95,1156.95,1156.95,1156.95,0,0,14648.55
2021-03-24 14:45:59,NIFTY,25MAR21,13400,CE,2021-03-24,14:45:59,1156.95,1156.95,1156.95,1156.95,0,0,14650.95
2021-03-24 14:46:59,NIFTY,25MAR21,13400,CE,2021-03-24,14:46:59,1156.95,1156.95,1156.95,1156.95,0,0,14637.9
2021-03-24 14:47:59,NIFTY,25MAR21,13400,CE,2021-03-24,14:47:59,1156.95,1156.95,1156.95,1156.95,0,0,14604.25
2021-03-24 14:48:59,NIFTY,25MAR21,13400,CE,2021-03-24,14:48:59,1156.95,1156.95,1156.95,1156.95,0,0,14587.0
2021-03-24 14:49:59,NIFTY,25MAR21,13400,CE,2021-03-24,14:49:59,1156.95,1156.95,1156.95,1156.95,0,0,14578.0
2021-03-24 14:50:59,NIFTY,25MAR21,13400,CE,2021-03-24,14:50:59,1156.95,1156.95,1156.95,1156.95,0,0,14573.85
2021-03-24 14:51:59,NIFTY,25MAR21,13400,CE,2021-03-24,14:51:59,1156.95,1156.95,1156.95,1156.95,0,0,14586.2
2021-03-24 14:52:59,NIFTY,25MAR21,13400,CE,2021-03-24,14:52:59,1156.95,1156.95,1156.95,1156.95,0,0,14576.7
2021-03-24 14:53:59,NIFTY,25MAR21,13400,CE,2021-03-24,14:53:59,1156.95,1156.95,1156.95,1156.95,0,0,14573.0
2021-03-24 14:54:59,NIFTY,25MAR21,13400,CE,2021-03-24,14:54:59,1156.95,1156.95,1156.95,1156.95,0,0,14562.75
2021-03-24 14:55:59,NIFTY,25MAR21,13400,CE,2021-03-24,14:55:59,1156.95,1156.95,1156.95,1156.95,0,0,14568.35
2021-03-24 14:56:59,NIFTY,25MAR21,13400,CE,2021-03-24,14:56:59,1156.95,1156.95,1156.95,1156.95,0,0,14580.95
2021-03-24 14:57:59,NIFTY,25MAR21,13400,CE,2021-03-24,14:57:59,1156.95,1156.95,1156.95,1156.95,0,0,14580.25
2021-03-24 14:58:59,NIFTY,25MAR21,13400,CE,2021-03-24,14:58:59,1156.95,1156.95,1156.95,1156.95,0,0,14579.55
2021-03-24 14:59:59,NIFTY,25MAR21,13400,CE,2021-03-24,14:59:59,1156.95,1156.95,1156.95,1156.95,0,0,14583.25
2021-03-24 15:00:59,NIFTY,25MAR21,13400,CE,2021-03-24,15:00:59,1156.95,1156.95,1156.95,1156.95,0,0,14571.9
2021-03-24 15:01:59,NIFTY,25MAR21,13400,CE,2021-03-24,15:01:59,1156.95,1156.95,1156.95,1156.95,0,0,14564.45
2021-03-24 15:02:59,NIFTY,25MAR21,13400,CE,2021-03-24,15:02:59,1156.95,1156.95,1156.95,1156.95,0,0,14561.4
2021-03-24 15:03:59,NIFTY,25MAR21,13400,CE,2021-03-24,15:03:59,1156.95,1156.95,1156.95,1156.95,0,0,14549.5
2021-03-24 15:04:59,NIFTY,25MAR21,13400,CE,2021-03-24,15:04:59,1156.95,1156.95,1156.95,1156.95,0,0,14552.3
2021-03-24 15:05:59,NIFTY,25MAR21,13400,CE,2021-03-24,15:05:59,1156.95,1156.95,1156.95,1156.95,0,0,14539.6
2021-03-24 15:06:59,NIFTY,25MAR21,13400,CE,2021-03-24,15:06:59,1156.95,1156.95,1156.95,1156.95,0,0,14538.25
2021-03-24 15:07:59,NIFTY,25MAR21,13400,CE,2021-03-24,15:07:59,1156.95,1156.95,1156.95,1156.95,0,0,14540.2
2021-03-24 15:08:59,NIFTY,25MAR21,13400,CE,2021-03-24,15:08:59,1156.95,1156.95,1156.95,1156.95,0,0,14541.6
2021-03-24 15:09:59,NIFTY,25MAR21,13400,CE,2021-03-24,15:09:59,1156.95,1156.95,1156.95,1156.95,0,0,14538.45
2021-03-24 15:10:59,NIFTY,25MAR21,13400,CE,2021-03-24,15:10:59,1156.95,1156.95,1156.95,1156.95,0,0,14546.2
2021-03-24 15:11:59,NIFTY,25MAR21,13400,CE,2021-03-24,15:11:59,1156.95,1156.95,1156.95,1156.95,0,0,14544.05
2021-03-24 15:12:59,NIFTY,25MAR21,13400,CE,2021-03-24,15:12:59,1156.95,1156.95,1156.95,1156.95,0,0,14551.65
2021-03-24 15:13:59,NIFTY,25MAR21,13400,CE,2021-03-24,15:13:59,1156.95,1156.95,1156.95,1156.95,0,0,14546.6
2021-03-24 15:14:59,NIFTY,25MAR21,13400,CE,2021-03-24,15:14:59,1156.95,1156.95,1156.95,1156.95,0,0,14548.9
2021-03-24 15:15:59,NIFTY,25MAR21,13400,CE,2021-03-24,15:15:59,1156.95,1156.95,1156.95,1156.95,0,0,14551.7
2021-03-24 15:16:59,NIFTY,25MAR21,13400,CE,2021-03-24,15:16:59,1156.95,1156.95,1156.95,1156.95,0,0,14554.3
2021-03-24 15:17:59,NIFTY,25MAR21,13400,CE,2021-03-24,15:17:59,1156.95,1156.95,1156.95,1156.95,0,0,14547.3
2021-03-24 15:18:59,NIFTY,25MAR21,13400,CE,2021-03-24,15:18:59,1156.95,1156.95,1156.95,1156.95,0,0,14543.75
2021-03-24 15:19:59,NIFTY,25MAR21,13400,CE,2021-03-24,15:19:59,1150.5,1150.5,1150.5,1150.5,0,0,14545.1
2021-03-24 15:20:59,NIFTY,25MAR21,13400,CE,2021-03-24,15:20:59,1050.0,1050.0,1050.0,1050.0,0,0,14547.05
2021-03-24 15:21:59,NIFTY,25MAR21,13400,CE,2021-03-24,15:21:59,1050.0,1050.0,1050.0,1050.0,0,0,14543.3
2021-03-24 15:22:59,NIFTY,25MAR21,13400,CE,2021-03-24,15:22:59,1050.0,1050.0,1050.0,1050.0,0,0,14553.85
2021-03-24 15:23:59,NIFTY,25MAR21,13400,CE,2021-03-24,15:23:59,1050.0,1050.0,1050.0,1050.0,0,0,14547.9
2021-03-24 15:24:59,NIFTY,25MAR21,13400,CE,2021-03-24,15:24:59,1050.0,1050.0,1050.0,1050.0,0,0,14551.35
2021-03-24 15:25:59,NIFTY,25MAR21,13400,CE,2021-03-24,15:25:59,1050.0,1050.0,1050.0,1050.0,0,0,14561.35
2021-03-24 15:26:59,NIFTY,25MAR21,13400,CE,2021-03-24,15:26:59,1050.0,1050.0,1050.0,1050.0,0,0,14563.9
2021-03-24 15:27:59,NIFTY,25MAR21,13400,CE,2021-03-24,15:27:59,1050.0,1050.0,1050.0,1050.0,0,0,14565.4
2021-03-24 15:28:59,NIFTY,25MAR21,13400,CE,2021-03-24,15:28:59,1050.0,1050.0,1050.0,1050.0,0,0,14570.35
2021-03-24 15:29:59,NIFTY,25MAR21,13400,CE,2021-03-24,15:29:59,1050.0,1050.0,1050.0,1050.0,0,0,14564.95
2021-03-25 09:15:59,NIFTY,25MAR21,13400,CE,2021-03-25,09:15:59,988.35,988.35,988.35,988.35,0,0,14523.85
2021-03-25 09:16:59,NIFTY,25MAR21,13400,CE,2021-03-25,09:16:59,988.35,988.35,988.35,988.35,0,0,14502.25
2021-03-25 09:17:59,NIFTY,25MAR21,13400,CE,2021-03-25,09:17:59,988.35,988.35,988.35,988.35,0,0,14486.0
2021-03-25 09:18:59,NIFTY,25MAR21,13400,CE,2021-03-25,09:18:59,988.35,988.35,988.35,988.35,0,0,14481.6
2021-03-25 09:19:59,NIFTY,25MAR21,13400,CE,2021-03-25,09:19:59,988.35,988.35,988.35,988.35,0,0,14481.5
2021-03-25 09:20:59,NIFTY,25MAR21,13400,CE,2021-03-25,09:20:59,988.35,988.35,988.35,988.35,0,0,14467.0
2021-03-25 09:21:59,NIFTY,25MAR21,13400,CE,2021-03-25,09:21:59,988.35,988.35,988.35,988.35,0,0,14464.4
2021-03-25 09:22:59,NIFTY,25MAR21,13400,CE,2021-03-25,09:22:59,988.35,988.35,988.35,988.35,0,0,14462.85
2021-03-25 09:23:59,NIFTY,25MAR21,13400,CE,2021-03-25,09:23:59,988.35,988.35,988.35,988.35,0,0,14453.7
2021-03-25 09:24:59,NIFTY,25MAR21,13400,CE,2021-03-25,09:24:59,988.35,988.35,988.35,988.35,0,0,14451.2
2021-03-25 09:25:59,NIFTY,25MAR21,13400,CE,2021-03-25,09:25:59,988.35,988.35,988.35,988.35,0,0,14462.3
2021-03-25 09:26:59,NIFTY,25MAR21,13400,CE,2021-03-25,09:26:59,988.35,988.35,988.35,988.35,0,0,14448.95
2021-03-25 09:27:59,NIFTY,25MAR21,13400,CE,2021-03-25,09:27:59,988.35,988.35,988.35,988.35,0,0,14438.3
2021-03-25 09:28:59,NIFTY,25MAR21,13400,CE,2021-03-25,09:28:59,988.35,988.35,988.35,988.35,0,0,14436.35
2021-03-25 09:29:59,NIFTY,25MAR21,13400,CE,2021-03-25,09:29:59,988.35,988.35,988.35,988.35,0,0,14448.25
2021-03-25 09:30:59,NIFTY,25MAR21,13400,CE,2021-03-25,09:30:59,988.35,988.35,988.35,988.35,0,0,14460.4
2021-03-25 09:31:59,NIFTY,25MAR21,13400,CE,2021-03-25,09:31:59,988.35,988.35,988.35,988.35,0,0,14454.95
2021-03-25 09:32:59,NIFTY,25MAR21,13400,CE,2021-03-25,09:32:59,988.35,988.35,988.35,988.35,0,0,14462.45
2021-03-25 09:33:59,NIFTY,25MAR21,13400,CE,2021-03-25,09:33:59,988.35,988.35,988.35,988.35,0,0,14455.65
2021-03-25 09:34:59,NIFTY,25MAR21,13400,CE,2021-03-25,09:34:59,988.35,988.35,988.35,988.35,0,0,14435.4
2021-03-25 09:35:59,NIFTY,25MAR21,13400,CE,2021-03-25,09:35:59,988.35,988.35,988.35,988.35,0,0,14449.6
2021-03-25 09:36:59,NIFTY,25MAR21,13400,CE,2021-03-25,09:36:59,988.35,988.35,988.35,988.35,0,0,14443.1
2021-03-25 09:37:59,NIFTY,25MAR21,13400,CE,2021-03-25,09:37:59,988.35,988.35,988.35,988.35,0,0,14435.4
2021-03-25 09:38:59,NIFTY,25MAR21,13400,CE,2021-03-25,09:38:59,988.35,988.35,988.35,988.35,0,0,14450.1
2021-03-25 09:39:59,NIFTY,25MAR21,13400,CE,2021-03-25,09:39:59,988.35,988.35,988.35,988.35,0,0,14442.95
2021-03-25 09:40:59,NIFTY,25MAR21,13400,CE,2021-03-25,09:40:59,988.35,988.35,988.35,988.35,0,0,14448.95
2021-03-25 09:41:59,NIFTY,25MAR21,13400,CE,2021-03-25,09:41:59,988.35,988.35,988.35,988.35,0,0,14449.1
2021-03-25 09:42:59,NIFTY,25MAR21,13400,CE,2021-03-25,09:42:59,988.35,988.35,988.35,988.35,0,0,14455.45
2021-03-25 09:43:59,NIFTY,25MAR21,13400,CE,2021-03-25,09:43:59,988.35,988.35,988.35,988.35,0,0,14453.85
2021-03-25 09:44:59,NIFTY,25MAR21,13400,CE,2021-03-25,09:44:59,988.35,988.35,988.35,988.35,0,0,14445.95
2021-03-25 09:45:59,NIFTY,25MAR21,13400,CE,2021-03-25,09:45:59,988.35,988.35,988.35,988.35,0,0,14424.1
2021-03-25 09:46:59,NIFTY,25MAR21,13400,CE,2021-03-25,09:46:59,988.35,988.35,988.35,988.35,0,0,14418.6
2021-03-25 09:47:59,NIFTY,25MAR21,13400,CE,2021-03-25,09:47:59,988.35,988.35,988.35,988.35,0,0,14420.45
2021-03-25 09:48:59,NIFTY,25MAR21,13400,CE,2021-03-25,09:48:59,988.35,988.35,988.35,988.35,0,0,14416.95
2021-03-25 09:49:59,NIFTY,25MAR21,13400,CE,2021-03-25,09:49:59,988.35,988.35,988.35,988.35,0,0,14432.8
2021-03-25 09:50:59,NIFTY,25MAR21,13400,CE,2021-03-25,09:50:59,988.35,988.35,988.35,988.35,0,0,14423.15
2021-03-25 09:51:59,NIFTY,25MAR21,13400,CE,2021-03-25,09:51:59,988.35,988.35,988.35,988.35,0,0,14436.45
2021-03-25 09:52:59,NIFTY,25MAR21,13400,CE,2021-03-25,09:52:59,988.35,988.35,988.35,988.35,0,0,14428.8
2021-03-25 09:53:59,NIFTY,25MAR21,13400,CE,2021-03-25,09:53:59,988.35,988.35,988.35,988.35,0,0,14421.4
2021-03-25 09:54:59,NIFTY,25MAR21,13400,CE,2021-03-25,09:54:59,988.35,988.35,988.35,988.35,0,0,14418.4
2021-03-25 09:55:59,NIFTY,25MAR21,13400,CE,2021-03-25,09:55:59,988.35,988.35,988.35,988.35,0,0,14418.8
2021-03-25 09:56:59,NIFTY,25MAR21,13400,CE,2021-03-25,09:56:59,988.35,988.35,988.35,988.35,0,0,14415.6
2021-03-25 09:57:59,NIFTY,25MAR21,13400,CE,2021-03-25,09:57:59,988.35,988.35,988.35,988.35,0,0,14414.35
2021-03-25 09:58:59,NIFTY,25MAR21,13400,CE,2021-03-25,09:58:59,988.35,988.35,988.35,988.35,0,0,14418.05
2021-03-25 09:59:59,NIFTY,25MAR21,13400,CE,2021-03-25,09:59:59,988.35,988.35,988.35,988.35,0,0,14411.1
2021-03-25 10:00:59,NIFTY,25MAR21,13400,CE,2021-03-25,10:00:59,988.35,988.35,988.35,988.35,0,0,14416.55
2021-03-25 10:01:59,NIFTY,25MAR21,13400,CE,2021-03-25,10:01:59,988.35,988.35,988.35,988.35,0,0,14424.8
2021-03-25 10:02:59,NIFTY,25MAR21,13400,CE,2021-03-25,10:02:59,988.35,988.35,988.35,988.35,0,0,14420.95
2021-03-25 10:03:59,NIFTY,25MAR21,13400,CE,2021-03-25,10:03:59,988.35,988.35,988.35,988.35,0,0,14427.75
2021-03-25 10:04:59,NIFTY,25MAR21,13400,CE,2021-03-25,10:04:59,988.35,988.35,988.35,988.35,0,0,14438.15
2021-03-25 10:05:59,NIFTY,25MAR21,13400,CE,2021-03-25,10:05:59,988.35,988.35,988.35,988.35,0,0,14435.2
2021-03-25 10:06:59,NIFTY,25MAR21,13400,CE,2021-03-25,10:06:59,988.35,988.35,988.35,988.35,0,0,14438.7
2021-03-25 10:07:59,NIFTY,25MAR21,13400,CE,2021-03-25,10:07:59,988.35,988.35,988.35,988.35,0,0,14445.55
2021-03-25 10:08:59,NIFTY,25MAR21,13400,CE,2021-03-25,10:08:59,988.35,988.35,988.35,988.35,0,0,14442.35
2021-03-25 10:09:59,NIFTY,25MAR21,13400,CE,2021-03-25,10:09:59,988.35,988.35,988.35,988.35,0,0,14444.15
2021-03-25 10:10:59,NIFTY,25MAR21,13400,CE,2021-03-25,10:10:59,988.35,988.35,988.35,988.35,0,0,14443.5
2021-03-25 10:11:59,NIFTY,25MAR21,13400,CE,2021-03-25,10:11:59,988.35,988.35,988.35,988.35,0,0,14449.55
2021-03-25 10:12:59,NIFTY,25MAR21,13400,CE,2021-03-25,10:12:59,988.35,988.35,988.35,988.35,0,0,14443.4
2021-03-25 10:13:59,NIFTY,25MAR21,13400,CE,2021-03-25,10:13:59,988.35,988.35,988.35,988.35,0,0,14440.4
2021-03-25 10:14:59,NIFTY,25MAR21,13400,CE,2021-03-25,10:14:59,988.35,988.35,988.35,988.35,0,0,14437.0
2021-03-25 10:15:59,NIFTY,25MAR21,13400,CE,2021-03-25,10:15:59,988.35,988.35,988.35,988.35,0,0,14437.7
2021-03-25 10:16:59,NIFTY,25MAR21,13400,CE,2021-03-25,10:16:59,988.35,988.35,988.35,988.35,0,0,14431.65
2021-03-25 10:17:59,NIFTY,25MAR21,13400,CE,2021-03-25,10:17:59,988.35,988.35,988.35,988.35,0,0,14429.5
2021-03-25 10:18:59,NIFTY,25MAR21,13400,CE,2021-03-25,10:18:59,988.35,988.35,988.35,988.35,0,0,14425.55
2021-03-25 10:19:59,NIFTY,25MAR21,13400,CE,2021-03-25,10:19:59,988.35,988.35,988.35,988.35,0,0,14413.15
2021-03-25 10:20:59,NIFTY,25MAR21,13400,CE,2021-03-25,10:20:59,988.35,988.35,988.35,988.35,0,0,14404.0
2021-03-25 10:21:59,NIFTY,25MAR21,13400,CE,2021-03-25,10:21:59,988.35,988.35,988.35,988.35,0,0,14396.1
2021-03-25 10:22:59,NIFTY,25MAR21,13400,CE,2021-03-25,10:22:59,988.35,988.35,988.35,988.35,0,0,14398.4
2021-03-25 10:23:59,NIFTY,25MAR21,13400,CE,2021-03-25,10:23:59,988.35,988.35,988.35,988.35,0,0,14409.1
2021-03-25 10:24:59,NIFTY,25MAR21,13400,CE,2021-03-25,10:24:59,988.35,988.35,988.35,988.35,0,0,14411.6
2021-03-25 10:25:59,NIFTY,25MAR21,13400,CE,2021-03-25,10:25:59,988.35,988.35,988.35,988.35,0,0,14414.75
2021-03-25 10:26:59,NIFTY,25MAR21,13400,CE,2021-03-25,10:26:59,988.35,988.35,988.35,988.35,0,0,14413.25
2021-03-25 10:27:59,NIFTY,25MAR21,13400,CE,2021-03-25,10:27:59,988.35,988.35,988.35,988.35,0,0,14408.3
2021-03-25 10:28:59,NIFTY,25MAR21,13400,CE,2021-03-25,10:28:59,988.35,988.35,988.35,988.35,0,0,14406.8
2021-03-25 10:29:59,NIFTY,25MAR21,13400,CE,2021-03-25,10:29:59,988.35,988.35,988.35,988.35,0,0,14403.05
2021-03-25 10:30:59,NIFTY,25MAR21,13400,CE,2021-03-25,10:30:59,988.35,988.35,988.35,988.35,0,0,14405.4
2021-03-25 10:31:59,NIFTY,25MAR21,13400,CE,2021-03-25,10:31:59,988.35,988.35,988.35,988.35,0,0,14414.5
2021-03-25 10:32:59,NIFTY,25MAR21,13400,CE,2021-03-25,10:32:59,988.35,988.35,988.35,988.35,0,0,14413.6
2021-03-25 10:33:59,NIFTY,25MAR21,13400,CE,2021-03-25,10:33:59,988.35,988.35,988.35,988.35,0,0,14410.7
2021-03-25 10:34:59,NIFTY,25MAR21,13400,CE,2021-03-25,10:34:59,988.35,988.35,988.35,988.35,0,0,14412.15
2021-03-25 10:35:59,NIFTY,25MAR21,13400,CE,2021-03-25,10:35:59,988.35,988.35,988.35,988.35,0,0,14414.8
2021-03-25 10:36:59,NIFTY,25MAR21,13400,CE,2021-03-25,10:36:59,988.35,988.35,988.35,988.35,0,0,14409.8
2021-03-25 10:37:59,NIFTY,25MAR21,13400,CE,2021-03-25,10:37:59,988.35,988.35,988.35,988.35,0,0,14412.9
2021-03-25 10:38:59,NIFTY,25MAR21,13400,CE,2021-03-25,10:38:59,988.35,988.35,988.35,988.35,0,0,14415.05
2021-03-25 10:39:59,NIFTY,25MAR21,13400,CE,2021-03-25,10:39:59,988.35,988.35,988.35,988.35,0,0,14416.95
2021-03-25 10:40:59,NIFTY,25MAR21,13400,CE,2021-03-25,10:40:59,988.35,988.35,988.35,988.35,0,0,14411.65
2021-03-25 10:41:59,NIFTY,25MAR21,13400,CE,2021-03-25,10:41:59,988.35,988.35,988.35,988.35,0,0,14409.2
2021-03-25 10:42:59,NIFTY,25MAR21,13400,CE,2021-03-25,10:42:59,988.35,988.35,988.35,988.35,0,0,14402.1
2021-03-25 10:43:59,NIFTY,25MAR21,13400,CE,2021-03-25,10:43:59,988.35,988.35,988.35,988.35,0,0,14401.35
2021-03-25 10:44:59,NIFTY,25MAR21,13400,CE,2021-03-25,10:44:59,988.35,988.35,988.35,988.35,0,0,14402.15
2021-03-25 10:45:59,NIFTY,25MAR21,13400,CE,2021-03-25,10:45:59,988.35,988.35,988.35,988.35,0,0,14406.75
2021-03-25 10:46:59,NIFTY,25MAR21,13400,CE,2021-03-25,10:46:59,988.35,988.35,988.35,988.35,0,0,14408.7
2021-03-25 10:47:59,NIFTY,25MAR21,13400,CE,2021-03-25,10:47:59,988.35,988.35,988.35,988.35,0,0,14406.6
2021-03-25 10:48:59,NIFTY,25MAR21,13400,CE,2021-03-25,10:48:59,988.35,988.35,988.35,988.35,0,0,14407.8
2021-03-25 10:49:59,NIFTY,25MAR21,13400,CE,2021-03-25,10:49:59,988.35,988.35,988.35,988.35,0,0,14402.4
2021-03-25 10:50:59,NIFTY,25MAR21,13400,CE,2021-03-25,10:50:59,988.35,988.35,988.35,988.35,0,0,14408.1
2021-03-25 10:51:59,NIFTY,25MAR21,13400,CE,2021-03-25,10:51:59,988.35,988.35,988.35,988.35,0,0,14411.65
2021-03-25 10:52:59,NIFTY,25MAR21,13400,CE,2021-03-25,10:52:59,988.35,988.35,988.35,988.35,0,0,14399.7
2021-03-25 10:53:59,NIFTY,25MAR21,13400,CE,2021-03-25,10:53:59,988.35,988.35,988.35,988.35,0,0,14390.5
2021-03-25 10:54:59,NIFTY,25MAR21,13400,CE,2021-03-25,10:54:59,988.35,988.35,988.35,988.35,0,0,14382.15
2021-03-25 10:55:59,NIFTY,25MAR21,13400,CE,2021-03-25,10:55:59,988.35,988.35,988.35,988.35,0,0,14386.65
2021-03-25 10:56:59,NIFTY,25MAR21,13400,CE,2021-03-25,10:56:59,988.35,988.35,988.35,988.35,0,0,14383.1
2021-03-25 10:57:59,NIFTY,25MAR21,13400,CE,2021-03-25,10:57:59,988.35,988.35,988.35,988.35,0,0,14386.55
2021-03-25 10:58:59,NIFTY,25MAR21,13400,CE,2021-03-25,10:58:59,988.35,988.35,988.35,988.35,0,0,14390.2
2021-03-25 10:59:59,NIFTY,25MAR21,13400,CE,2021-03-25,10:59:59,988.35,988.35,988.35,988.35,0,0,14393.15
2021-03-25 11:00:59,NIFTY,25MAR21,13400,CE,2021-03-25,11:00:59,988.35,988.35,988.35,988.35,0,0,14393.95
2021-03-25 11:01:59,NIFTY,25MAR21,13400,CE,2021-03-25,11:01:59,988.35,988.35,988.35,988.35,0,0,14383.45
2021-03-25 11:02:59,NIFTY,25MAR21,13400,CE,2021-03-25,11:02:59,988.35,988.35,988.35,988.35,0,0,14384.4
2021-03-25 11:03:59,NIFTY,25MAR21,13400,CE,2021-03-25,11:03:59,988.35,988.35,988.35,988.35,0,0,14382.05
2021-03-25 11:04:59,NIFTY,25MAR21,13400,CE,2021-03-25,11:04:59,988.35,988.35,988.35,988.35,0,0,14378.95
2021-03-25 11:05:59,NIFTY,25MAR21,13400,CE,2021-03-25,11:05:59,988.35,988.35,988.35,988.35,0,0,14376.15
2021-03-25 11:06:59,NIFTY,25MAR21,13400,CE,2021-03-25,11:06:59,988.35,988.35,988.35,988.35,0,0,14371.45
2021-03-25 11:07:59,NIFTY,25MAR21,13400,CE,2021-03-25,11:07:59,988.35,988.35,988.35,988.35,0,0,14381.45
2021-03-25 11:08:59,NIFTY,25MAR21,13400,CE,2021-03-25,11:08:59,988.35,988.35,988.35,988.35,0,0,14380.8
2021-03-25 11:09:59,NIFTY,25MAR21,13400,CE,2021-03-25,11:09:59,988.35,988.35,988.35,988.35,0,0,14376.8
2021-03-25 11:10:59,NIFTY,25MAR21,13400,CE,2021-03-25,11:10:59,988.35,988.35,988.35,988.35,0,0,14375.5
2021-03-25 11:11:59,NIFTY,25MAR21,13400,CE,2021-03-25,11:11:59,988.35,988.35,988.35,988.35,0,0,14368.75
2021-03-25 11:12:59,NIFTY,25MAR21,13400,CE,2021-03-25,11:12:59,988.35,988.35,988.35,988.35,0,0,14369.8
2021-03-25 11:13:59,NIFTY,25MAR21,13400,CE,2021-03-25,11:13:59,988.35,988.35,988.35,988.35,0,0,14368.0
2021-03-25 11:14:59,NIFTY,25MAR21,13400,CE,2021-03-25,11:14:59,988.35,988.35,988.35,988.35,0,0,14370.5
2021-03-25 11:15:59,NIFTY,25MAR21,13400,CE,2021-03-25,11:15:59,988.35,988.35,988.35,988.35,0,0,14365.1
2021-03-25 11:16:59,NIFTY,25MAR21,13400,CE,2021-03-25,11:16:59,988.35,988.35,988.35,988.35,0,0,14365.25
2021-03-25 11:17:59,NIFTY,25MAR21,13400,CE,2021-03-25,11:17:59,988.35,988.35,988.35,988.35,0,0,14368.1
2021-03-25 11:18:59,NIFTY,25MAR21,13400,CE,2021-03-25,11:18:59,988.35,988.35,988.35,988.35,0,0,14373.3
2021-03-25 11:19:59,NIFTY,25MAR21,13400,CE,2021-03-25,11:19:59,988.35,988.35,988.35,988.35,0,0,14370.65
2021-03-25 11:20:59,NIFTY,25MAR21,13400,CE,2021-03-25,11:20:59,988.35,988.35,988.35,988.35,0,0,14379.45
2021-03-25 11:21:59,NIFTY,25MAR21,13400,CE,2021-03-25,11:21:59,988.35,988.35,988.35,988.35,0,0,14381.65
2021-03-25 11:22:59,NIFTY,25MAR21,13400,CE,2021-03-25,11:22:59,988.35,988.35,988.35,988.35,0,0,14379.8
2021-03-25 11:23:59,NIFTY,25MAR21,13400,CE,2021-03-25,11:23:59,988.35,988.35,988.35,988.35,0,0,14385.65
2021-03-25 11:24:59,NIFTY,25MAR21,13400,CE,2021-03-25,11:24:59,988.35,988.35,988.35,988.35,0,0,14385.2
2021-03-25 11:25:59,NIFTY,25MAR21,13400,CE,2021-03-25,11:25:59,988.35,988.35,988.35,988.35,0,0,14380.3
2021-03-25 11:26:59,NIFTY,25MAR21,13400,CE,2021-03-25,11:26:59,920.0,920.0,920.0,920.0,0,0,14377.3
2021-03-25 11:27:59,NIFTY,25MAR21,13400,CE,2021-03-25,11:27:59,920.0,920.0,920.0,920.0,0,0,14378.15
2021-03-25 11:28:59,NIFTY,25MAR21,13400,CE,2021-03-25,11:28:59,920.0,920.0,920.0,920.0,0,0,14388.45
2021-03-25 11:29:59,NIFTY,25MAR21,13400,CE,2021-03-25,11:29:59,920.0,920.0,920.0,920.0,0,0,14387.3
2021-03-25 11:30:59,NIFTY,25MAR21,13400,CE,2021-03-25,11:30:59,920.0,920.0,920.0,920.0,0,0,14378.95
2021-03-25 11:31:59,NIFTY,25MAR21,13400,CE,2021-03-25,11:31:59,920.0,920.0,920.0,920.0,0,0,14384.5
2021-03-25 11:32:59,NIFTY,25MAR21,13400,CE,2021-03-25,11:32:59,920.0,920.0,920.0,920.0,0,0,14380.5
2021-03-25 11:33:59,NIFTY,25MAR21,13400,CE,2021-03-25,11:33:59,920.0,920.0,920.0,920.0,0,0,14387.0
2021-03-25 11:34:59,NIFTY,25MAR21,13400,CE,2021-03-25,11:34:59,920.0,920.0,920.0,920.0,0,0,14387.1
2021-03-25 11:35:59,NIFTY,25MAR21,13400,CE,2021-03-25,11:35:59,920.0,920.0,920.0,920.0,0,0,14390.9
2021-03-25 11:36:59,NIFTY,25MAR21,13400,CE,2021-03-25,11:36:59,920.0,920.0,920.0,920.0,0,0,14392.95
2021-03-25 11:37:59,NIFTY,25MAR21,13400,CE,2021-03-25,11:37:59,920.0,920.0,920.0,920.0,0,0,14388.7
2021-03-25 11:38:59,NIFTY,25MAR21,13400,CE,2021-03-25,11:38:59,920.0,920.0,920.0,920.0,0,0,14395.65
2021-03-25 11:39:59,NIFTY,25MAR21,13400,CE,2021-03-25,11:39:59,920.0,920.0,920.0,920.0,0,0,14389.1
2021-03-25 11:40:59,NIFTY,25MAR21,13400,CE,2021-03-25,11:40:59,920.0,920.0,920.0,920.0,0,0,14391.4
2021-03-25 11:41:59,NIFTY,25MAR21,13400,CE,2021-03-25,11:41:59,920.0,920.0,920.0,920.0,0,0,14389.3
2021-03-25 11:42:59,NIFTY,25MAR21,13400,CE,2021-03-25,11:42:59,920.0,920.0,920.0,920.0,0,0,14381.45
2021-03-25 11:43:59,NIFTY,25MAR21,13400,CE,2021-03-25,11:43:59,920.0,920.0,920.0,920.0,0,0,14381.5
2021-03-25 11:44:59,NIFTY,25MAR21,13400,CE,2021-03-25,11:44:59,920.0,920.0,920.0,920.0,0,0,14381.35
2021-03-25 11:45:59,NIFTY,25MAR21,13400,CE,2021-03-25,11:45:59,920.0,920.0,920.0,920.0,0,0,14369.25
2021-03-25 11:46:59,NIFTY,25MAR21,13400,CE,2021-03-25,11:46:59,920.0,920.0,920.0,920.0,0,0,14371.65
2021-03-25 11:47:59,NIFTY,25MAR21,13400,CE,2021-03-25,11:47:59,920.0,920.0,920.0,920.0,0,0,14374.25
2021-03-25 11:48:59,NIFTY,25MAR21,13400,CE,2021-03-25,11:48:59,920.0,920.0,920.0,920.0,0,0,14377.1
2021-03-25 11:49:59,NIFTY,25MAR21,13400,CE,2021-03-25,11:49:59,920.0,920.0,920.0,920.0,0,0,14380.3
2021-03-25 11:50:59,NIFTY,25MAR21,13400,CE,2021-03-25,11:50:59,920.0,920.0,920.0,920.0,0,0,14383.7
2021-03-25 11:51:59,NIFTY,25MAR21,13400,CE,2021-03-25,11:51:59,920.0,920.0,920.0,920.0,0,0,14382.75
2021-03-25 11:52:59,NIFTY,25MAR21,13400,CE,2021-03-25,11:52:59,920.0,920.0,920.0,920.0,0,0,14383.95
2021-03-25 11:53:59,NIFTY,25MAR21,13400,CE,2021-03-25,11:53:59,920.0,920.0,920.0,920.0,0,0,14377.1
2021-03-25 11:54:59,NIFTY,25MAR21,13400,CE,2021-03-25,11:54:59,920.0,920.0,920.0,920.0,0,0,14367.05
2021-03-25 11:55:59,NIFTY,25MAR21,13400,CE,2021-03-25,11:55:59,920.0,920.0,920.0,920.0,0,0,14359.85
2021-03-25 11:56:59,NIFTY,25MAR21,13400,CE,2021-03-25,11:56:59,920.0,920.0,920.0,920.0,0,0,14351.15
2021-03-25 11:57:59,NIFTY,25MAR21,13400,CE,2021-03-25,11:57:59,920.0,920.0,920.0,920.0,0,0,14357.55
2021-03-25 11:58:59,NIFTY,25MAR21,13400,CE,2021-03-25,11:58:59,920.0,920.0,920.0,920.0,0,0,14357.05
2021-03-25 11:59:59,NIFTY,25MAR21,13400,CE,2021-03-25,11:59:59,920.0,920.0,920.0,920.0,0,0,14351.35
2021-03-25 12:00:59,NIFTY,25MAR21,13400,CE,2021-03-25,12:00:59,920.0,920.0,920.0,920.0,0,0,14335.4
2021-03-25 12:01:59,NIFTY,25MAR21,13400,CE,2021-03-25,12:01:59,920.0,920.0,920.0,920.0,0,0,14330.8
2021-03-25 12:02:59,NIFTY,25MAR21,13400,CE,2021-03-25,12:02:59,920.0,920.0,920.0,920.0,0,0,14333.15
2021-03-25 12:03:59,NIFTY,25MAR21,13400,CE,2021-03-25,12:03:59,920.0,920.0,920.0,920.0,0,0,14324.25
2021-03-25 12:04:59,NIFTY,25MAR21,13400,CE,2021-03-25,12:04:59,920.0,920.0,920.0,920.0,0,0,14317.55
2021-03-25 12:05:59,NIFTY,25MAR21,13400,CE,2021-03-25,12:05:59,920.0,920.0,920.0,920.0,0,0,14321.05
2021-03-25 12:06:59,NIFTY,25MAR21,13400,CE,2021-03-25,12:06:59,920.0,920.0,920.0,920.0,0,0,14316.6
2021-03-25 12:07:59,NIFTY,25MAR21,13400,CE,2021-03-25,12:07:59,920.0,920.0,920.0,920.0,0,0,14318.25
2021-03-25 12:08:59,NIFTY,25MAR21,13400,CE,2021-03-25,12:08:59,920.0,920.0,920.0,920.0,0,0,14309.95
2021-03-25 12:09:59,NIFTY,25MAR21,13400,CE,2021-03-25,12:09:59,920.0,920.0,920.0,920.0,0,0,14301.2
2021-03-25 12:10:59,NIFTY,25MAR21,13400,CE,2021-03-25,12:10:59,920.0,920.0,920.0,920.0,0,0,14291.75
2021-03-25 12:11:59,NIFTY,25MAR21,13400,CE,2021-03-25,12:11:59,920.0,920.0,920.0,920.0,0,0,14306.25
2021-03-25 12:12:59,NIFTY,25MAR21,13400,CE,2021-03-25,12:12:59,920.0,920.0,920.0,920.0,0,0,14317.7
2021-03-25 12:13:59,NIFTY,25MAR21,13400,CE,2021-03-25,12:13:59,920.0,920.0,920.0,920.0,0,0,14316.6
2021-03-25 12:14:59,NIFTY,25MAR21,13400,CE,2021-03-25,12:14:59,920.0,920.0,920.0,920.0,0,0,14314.9
2021-03-25 12:15:59,NIFTY,25MAR21,13400,CE,2021-03-25,12:15:59,920.0,920.0,920.0,920.0,0,0,14321.15
2021-03-25 12:16:59,NIFTY,25MAR21,13400,CE,2021-03-25,12:16:59,920.0,920.0,920.0,920.0,0,0,14310.6
2021-03-25 12:17:59,NIFTY,25MAR21,13400,CE,2021-03-25,12:17:59,920.0,920.0,920.0,920.0,0,0,14312.15
2021-03-25 12:18:59,NIFTY,25MAR21,13400,CE,2021-03-25,12:18:59,920.0,920.0,920.0,920.0,0,0,14317.9
2021-03-25 12:19:59,NIFTY,25MAR21,13400,CE,2021-03-25,12:19:59,920.0,920.0,920.0,920.0,0,0,14318.45
2021-03-25 12:20:59,NIFTY,25MAR21,13400,CE,2021-03-25,12:20:59,920.0,920.0,920.0,920.0,0,0,14319.3
2021-03-25 12:21:59,NIFTY,25MAR21,13400,CE,2021-03-25,12:21:59,920.0,920.0,920.0,920.0,0,0,14312.65
2021-03-25 12:22:59,NIFTY,25MAR21,13400,CE,2021-03-25,12:22:59,920.0,920.0,920.0,920.0,0,0,14306.8
2021-03-25 12:23:59,NIFTY,25MAR21,13400,CE,2021-03-25,12:23:59,920.0,920.0,920.0,920.0,0,0,14310.6
2021-03-25 12:24:59,NIFTY,25MAR21,13400,CE,2021-03-25,12:24:59,920.0,920.0,920.0,920.0,0,0,14319.5
2021-03-25 12:25:59,NIFTY,25MAR21,13400,CE,2021-03-25,12:25:59,920.0,920.0,920.0,920.0,0,0,14316.55
2021-03-25 12:26:59,NIFTY,25MAR21,13400,CE,2021-03-25,12:26:59,920.0,920.0,920.0,920.0,0,0,14323.4
2021-03-25 12:27:59,NIFTY,25MAR21,13400,CE,2021-03-25,12:27:59,920.0,920.0,920.0,920.0,0,0,14326.0
2021-03-25 12:28:59,NIFTY,25MAR21,13400,CE,2021-03-25,12:28:59,920.0,920.0,920.0,920.0,0,0,14326.9
2021-03-25 12:29:59,NIFTY,25MAR21,13400,CE,2021-03-25,12:29:59,920.0,920.0,920.0,920.0,0,0,14317.05
2021-03-25 12:30:59,NIFTY,25MAR21,13400,CE,2021-03-25,12:30:59,920.0,920.0,920.0,920.0,0,0,14309.5
2021-03-25 12:31:59,NIFTY,25MAR21,13400,CE,2021-03-25,12:31:59,920.0,920.0,920.0,920.0,0,0,14315.4
2021-03-25 12:32:59,NIFTY,25MAR21,13400,CE,2021-03-25,12:32:59,920.0,920.0,920.0,920.0,0,0,14320.35
2021-03-25 12:33:59,NIFTY,25MAR21,13400,CE,2021-03-25,12:33:59,920.0,920.0,920.0,920.0,0,0,14321.35
2021-03-25 12:34:59,NIFTY,25MAR21,13400,CE,2021-03-25,12:34:59,920.0,920.0,920.0,920.0,0,0,14316.75
2021-03-25 12:35:59,NIFTY,25MAR21,13400,CE,2021-03-25,12:35:59,920.0,920.0,920.0,920.0,0,0,14322.5
2021-03-25 12:36:59,NIFTY,25MAR21,13400,CE,2021-03-25,12:36:59,920.0,920.0,920.0,920.0,0,0,14315.8
2021-03-25 12:37:59,NIFTY,25MAR21,13400,CE,2021-03-25,12:37:59,920.0,920.0,920.0,920.0,0,0,14323.9
2021-03-25 12:38:59,NIFTY,25MAR21,13400,CE,2021-03-25,12:38:59,920.0,920.0,920.0,920.0,0,0,14319.1
2021-03-25 12:39:59,NIFTY,25MAR21,13400,CE,2021-03-25,12:39:59,920.0,920.0,920.0,920.0,0,0,14321.9
2021-03-25 12:40:59,NIFTY,25MAR21,13400,CE,2021-03-25,12:40:59,920.0,920.0,920.0,920.0,0,0,14318.4
2021-03-25 12:41:59,NIFTY,25MAR21,13400,CE,2021-03-25,12:41:59,920.0,920.0,920.0,920.0,0,0,14316.05
2021-03-25 12:42:59,NIFTY,25MAR21,13400,CE,2021-03-25,12:42:59,920.0,920.0,920.0,920.0,0,0,14319.85
2021-03-25 12:43:59,NIFTY,25MAR21,13400,CE,2021-03-25,12:43:59,917.75,919.9,917.75,919.9,0,0,14314.45
2021-03-25 12:44:59,NIFTY,25MAR21,13400,CE,2021-03-25,12:44:59,920.0,920.0,920.0,920.0,0,0,14322.85
2021-03-25 12:45:59,NIFTY,25MAR21,13400,CE,2021-03-25,12:45:59,920.0,920.0,920.0,920.0,0,0,14320.15
2021-03-25 12:46:59,NIFTY,25MAR21,13400,CE,2021-03-25,12:46:59,908.3,908.3,908.3,908.3,0,0,14314.85
2021-03-25 12:47:59,NIFTY,25MAR21,13400,CE,2021-03-25,12:47:59,908.3,908.3,908.3,908.3,0,0,14311.3
2021-03-25 12:48:59,NIFTY,25MAR21,13400,CE,2021-03-25,12:48:59,908.3,908.3,908.3,908.3,0,0,14318.8
2021-03-25 12:49:59,NIFTY,25MAR21,13400,CE,2021-03-25,12:49:59,908.3,908.3,908.3,908.3,0,0,14312.7
2021-03-25 12:50:59,NIFTY,25MAR21,13400,CE,2021-03-25,12:50:59,908.3,908.3,908.3,908.3,0,0,14316.3
2021-03-25 12:51:59,NIFTY,25MAR21,13400,CE,2021-03-25,12:51:59,908.3,908.3,908.3,908.3,0,0,14318.5
2021-03-25 12:52:59,NIFTY,25MAR21,13400,CE,2021-03-25,12:52:59,908.3,908.3,908.3,908.3,0,0,14312.1
2021-03-25 12:53:59,NIFTY,25MAR21,13400,CE,2021-03-25,12:53:59,943.55,943.55,943.55,943.55,0,0,14312.35
2021-03-25 12:54:59,NIFTY,25MAR21,13400,CE,2021-03-25,12:54:59,943.55,943.55,943.55,943.55,0,0,14316.7
2021-03-25 12:55:59,NIFTY,25MAR21,13400,CE,2021-03-25,12:55:59,943.55,943.55,943.55,943.55,0,0,14324.6
2021-03-25 12:56:59,NIFTY,25MAR21,13400,CE,2021-03-25,12:56:59,943.55,943.55,943.55,943.55,0,0,14317.9
2021-03-25 12:57:59,NIFTY,25MAR21,13400,CE,2021-03-25,12:57:59,943.55,943.55,943.55,943.55,0,0,14304.35
2021-03-25 12:58:59,NIFTY,25MAR21,13400,CE,2021-03-25,12:58:59,943.55,943.55,943.55,943.55,0,0,14310.5
2021-03-25 12:59:59,NIFTY,25MAR21,13400,CE,2021-03-25,12:59:59,943.55,943.55,943.55,943.55,0,0,14312.05
2021-03-25 13:00:59,NIFTY,25MAR21,13400,CE,2021-03-25,13:00:59,943.55,943.55,943.55,943.55,0,0,14292.2
2021-03-25 13:01:59,NIFTY,25MAR21,13400,CE,2021-03-25,13:01:59,943.55,943.55,943.55,943.55,0,0,14296.9
2021-03-25 13:02:59,NIFTY,25MAR21,13400,CE,2021-03-25,13:02:59,943.55,943.55,943.55,943.55,0,0,14297.05
2021-03-25 13:03:59,NIFTY,25MAR21,13400,CE,2021-03-25,13:03:59,943.55,943.55,943.55,943.55,0,0,14289.05
2021-03-25 13:04:59,NIFTY,25MAR21,13400,CE,2021-03-25,13:04:59,943.55,943.55,943.55,943.55,0,0,14281.0
2021-03-25 13:05:59,NIFTY,25MAR21,13400,CE,2021-03-25,13:05:59,943.55,943.55,943.55,943.55,0,0,14276.8
2021-03-25 13:06:59,NIFTY,25MAR21,13400,CE,2021-03-25,13:06:59,943.55,943.55,943.55,943.55,0,0,14282.0
2021-03-25 13:07:59,NIFTY,25MAR21,13400,CE,2021-03-25,13:07:59,943.55,943.55,943.55,943.55,0,0,14281.35
2021-03-25 13:08:59,NIFTY,25MAR21,13400,CE,2021-03-25,13:08:59,943.55,943.55,943.55,943.55,0,0,14274.85
2021-03-25 13:09:59,NIFTY,25MAR21,13400,CE,2021-03-25,13:09:59,943.55,943.55,943.55,943.55,0,0,14273.6
2021-03-25 13:10:59,NIFTY,25MAR21,13400,CE,2021-03-25,13:10:59,943.55,943.55,943.55,943.55,0,0,14269.35
2021-03-25 13:11:59,NIFTY,25MAR21,13400,CE,2021-03-25,13:11:59,943.55,943.55,943.55,943.55,0,0,14272.35
2021-03-25 13:12:59,NIFTY,25MAR21,13400,CE,2021-03-25,13:12:59,943.55,943.55,943.55,943.55,0,0,14275.65
2021-03-25 13:13:59,NIFTY,25MAR21,13400,CE,2021-03-25,13:13:59,943.55,943.55,943.55,943.55,0,0,14298.65
2021-03-25 13:14:59,NIFTY,25MAR21,13400,CE,2021-03-25,13:14:59,943.55,943.55,943.55,943.55,0,0,14297.3
2021-03-25 13:15:59,NIFTY,25MAR21,13400,CE,2021-03-25,13:15:59,943.55,943.55,943.55,943.55,0,0,14294.4
2021-03-25 13:16:59,NIFTY,25MAR21,13400,CE,2021-03-25,13:16:59,943.55,943.55,943.55,943.55,0,0,14297.55
2021-03-25 13:17:59,NIFTY,25MAR21,13400,CE,2021-03-25,13:17:59,943.55,943.55,943.55,943.55,0,0,14313.35
2021-03-25 13:18:59,NIFTY,25MAR21,13400,CE,2021-03-25,13:18:59,943.55,943.55,943.55,943.55,0,0,14307.55
2021-03-25 13:19:59,NIFTY,25MAR21,13400,CE,2021-03-25,13:19:59,943.55,943.55,943.55,943.55,0,0,14307.0
2021-03-25 13:20:59,NIFTY,25MAR21,13400,CE,2021-03-25,13:20:59,943.55,943.55,943.55,943.55,0,0,14304.0
2021-03-25 13:21:59,NIFTY,25MAR21,13400,CE,2021-03-25,13:21:59,943.55,943.55,943.55,943.55,0,0,14308.35
2021-03-25 13:22:59,NIFTY,25MAR21,13400,CE,2021-03-25,13:22:59,943.55,943.55,943.55,943.55,0,0,14308.15
2021-03-25 13:23:59,NIFTY,25MAR21,13400,CE,2021-03-25,13:23:59,943.55,943.55,943.55,943.55,0,0,14304.85
2021-03-25 13:24:59,NIFTY,25MAR21,13400,CE,2021-03-25,13:24:59,943.55,943.55,943.55,943.55,0,0,14298.6
2021-03-25 13:25:59,NIFTY,25MAR21,13400,CE,2021-03-25,13:25:59,943.55,943.55,943.55,943.55,0,0,14295.6
2021-03-25 13:26:59,NIFTY,25MAR21,13400,CE,2021-03-25,13:26:59,943.55,943.55,943.55,943.55,0,0,14291.65
2021-03-25 13:27:59,NIFTY,25MAR21,13400,CE,2021-03-25,13:27:59,943.55,943.55,943.55,943.55,0,0,14295.75
2021-03-25 13:28:59,NIFTY,25MAR21,13400,CE,2021-03-25,13:28:59,943.55,943.55,943.55,943.55,0,0,14310.2
2021-03-25 13:29:59,NIFTY,25MAR21,13400,CE,2021-03-25,13:29:59,943.55,943.55,943.55,943.55,0,0,14347.05
2021-03-25 13:30:59,NIFTY,25MAR21,13400,CE,2021-03-25,13:30:59,969.55,969.55,969.55,969.55,0,0,14333.55
2021-03-25 13:31:59,NIFTY,25MAR21,13400,CE,2021-03-25,13:31:59,969.55,969.55,969.55,969.55,0,0,14339.95
2021-03-25 13:32:59,NIFTY,25MAR21,13400,CE,2021-03-25,13:32:59,969.55,969.55,969.55,969.55,0,0,14326.15
2021-03-25 13:33:59,NIFTY,25MAR21,13400,CE,2021-03-25,13:33:59,969.55,969.55,969.55,969.55,0,0,14332.2
2021-03-25 13:34:59,NIFTY,25MAR21,13400,CE,2021-03-25,13:34:59,969.55,969.55,969.55,969.55,0,0,14327.15
2021-03-25 13:35:59,NIFTY,25MAR21,13400,CE,2021-03-25,13:35:59,969.55,969.55,969.55,969.55,0,0,14335.4
2021-03-25 13:36:59,NIFTY,25MAR21,13400,CE,2021-03-25,13:36:59,969.55,969.55,969.55,969.55,0,0,14336.25
2021-03-25 13:37:59,NIFTY,25MAR21,13400,CE,2021-03-25,13:37:59,969.55,969.55,969.55,969.55,0,0,14347.95
2021-03-25 13:38:59,NIFTY,25MAR21,13400,CE,2021-03-25,13:38:59,969.55,969.55,969.55,969.55,0,0,14370.05
2021-03-25 13:39:59,NIFTY,25MAR21,13400,CE,2021-03-25,13:39:59,969.55,969.55,969.55,969.55,0,0,14371.9
2021-03-25 13:40:59,NIFTY,25MAR21,13400,CE,2021-03-25,13:40:59,969.55,969.55,969.55,969.55,0,0,14391.4
2021-03-25 13:41:59,NIFTY,25MAR21,13400,CE,2021-03-25,13:41:59,969.55,969.55,969.55,969.55,0,0,14394.7
2021-03-25 13:42:59,NIFTY,25MAR21,13400,CE,2021-03-25,13:42:59,969.55,969.55,969.55,969.55,0,0,14399.95
2021-03-25 13:43:59,NIFTY,25MAR21,13400,CE,2021-03-25,13:43:59,969.55,969.55,969.55,969.55,0,0,14420.8
2021-03-25 13:44:59,NIFTY,25MAR21,13400,CE,2021-03-25,13:44:59,969.55,969.55,969.55,969.55,0,0,14412.1
2021-03-25 13:45:59,NIFTY,25MAR21,13400,CE,2021-03-25,13:45:59,969.55,969.55,969.55,969.55,0,0,14429.05
2021-03-25 13:46:59,NIFTY,25MAR21,13400,CE,2021-03-25,13:46:59,969.55,969.55,969.55,969.55,0,0,14438.2
2021-03-25 13:47:59,NIFTY,25MAR21,13400,CE,2021-03-25,13:47:59,969.55,969.55,969.55,969.55,0,0,14415.15
2021-03-25 13:48:59,NIFTY,25MAR21,13400,CE,2021-03-25,13:48:59,969.55,969.55,969.55,969.55,0,0,14406.2
2021-03-25 13:49:59,NIFTY,25MAR21,13400,CE,2021-03-25,13:49:59,969.55,969.55,969.55,969.55,0,0,14408.65
2021-03-25 13:50:59,NIFTY,25MAR21,13400,CE,2021-03-25,13:50:59,969.55,969.55,969.55,969.55,0,0,14400.0
2021-03-25 13:51:59,NIFTY,25MAR21,13400,CE,2021-03-25,13:51:59,969.55,969.55,969.55,969.55,0,0,14392.35
2021-03-25 13:52:59,NIFTY,25MAR21,13400,CE,2021-03-25,13:52:59,969.55,969.55,969.55,969.55,0,0,14378.25
2021-03-25 13:53:59,NIFTY,25MAR21,13400,CE,2021-03-25,13:53:59,969.55,969.55,969.55,969.55,0,0,14391.6
2021-03-25 13:54:59,NIFTY,25MAR21,13400,CE,2021-03-25,13:54:59,969.55,969.55,969.55,969.55,0,0,14389.2
2021-03-25 13:55:59,NIFTY,25MAR21,13400,CE,2021-03-25,13:55:59,969.55,969.55,969.55,969.55,0,0,14399.4
2021-03-25 13:56:59,NIFTY,25MAR21,13400,CE,2021-03-25,13:56:59,969.55,969.55,969.55,969.55,0,0,14400.15
2021-03-25 13:57:59,NIFTY,25MAR21,13400,CE,2021-03-25,13:57:59,969.55,969.55,969.55,969.55,0,0,14403.0
2021-03-25 13:58:59,NIFTY,25MAR21,13400,CE,2021-03-25,13:58:59,969.55,969.55,969.55,969.55,0,0,14393.9
2021-03-25 13:59:59,NIFTY,25MAR21,13400,CE,2021-03-25,13:59:59,969.55,969.55,969.55,969.55,0,0,14396.8
2021-03-25 14:00:59,NIFTY,25MAR21,13400,CE,2021-03-25,14:00:59,969.55,969.55,969.55,969.55,0,0,14405.05
2021-03-25 14:01:59,NIFTY,25MAR21,13400,CE,2021-03-25,14:01:59,969.55,969.55,969.55,969.55,0,0,14404.15
2021-03-25 14:02:59,NIFTY,25MAR21,13400,CE,2021-03-25,14:02:59,969.55,969.55,969.55,969.55,0,0,14409.8
2021-03-25 14:03:59,NIFTY,25MAR21,13400,CE,2021-03-25,14:03:59,969.55,969.55,969.55,969.55,0,0,14418.45
2021-03-25 14:04:59,NIFTY,25MAR21,13400,CE,2021-03-25,14:04:59,969.55,969.55,969.55,969.55,0,0,14422.55
2021-03-25 14:05:59,NIFTY,25MAR21,13400,CE,2021-03-25,14:05:59,969.55,969.55,969.55,969.55,0,0,14419.1
2021-03-25 14:06:59,NIFTY,25MAR21,13400,CE,2021-03-25,14:06:59,969.55,969.55,969.55,969.55,0,0,14407.5
2021-03-25 14:07:59,NIFTY,25MAR21,13400,CE,2021-03-25,14:07:59,969.55,969.55,969.55,969.55,0,0,14414.0
2021-03-25 14:08:59,NIFTY,25MAR21,13400,CE,2021-03-25,14:08:59,969.55,969.55,969.55,969.55,0,0,14413.75
2021-03-25 14:09:59,NIFTY,25MAR21,13400,CE,2021-03-25,14:09:59,969.55,969.55,969.55,969.55,0,0,14423.45
2021-03-25 14:10:59,NIFTY,25MAR21,13400,CE,2021-03-25,14:10:59,969.55,969.55,969.55,969.55,0,0,14423.35
2021-03-25 14:11:59,NIFTY,25MAR21,13400,CE,2021-03-25,14:11:59,969.55,969.55,969.55,969.55,0,0,14412.85
2021-03-25 14:12:59,NIFTY,25MAR21,13400,CE,2021-03-25,14:12:59,969.55,969.55,969.55,969.55,0,0,14419.3
2021-03-25 14:13:59,NIFTY,25MAR21,13400,CE,2021-03-25,14:13:59,969.55,969.55,969.55,969.55,0,0,14409.05
2021-03-25 14:14:59,NIFTY,25MAR21,13400,CE,2021-03-25,14:14:59,969.55,969.55,969.55,969.55,0,0,14400.75
2021-03-25 14:15:59,NIFTY,25MAR21,13400,CE,2021-03-25,14:15:59,969.55,969.55,969.55,969.55,0,0,14405.65
2021-03-25 14:16:59,NIFTY,25MAR21,13400,CE,2021-03-25,14:16:59,969.55,969.55,969.55,969.55,0,0,14396.3
2021-03-25 14:17:59,NIFTY,25MAR21,13400,CE,2021-03-25,14:17:59,969.55,969.55,969.55,969.55,0,0,14395.9
2021-03-25 14:18:59,NIFTY,25MAR21,13400,CE,2021-03-25,14:18:59,969.55,969.55,969.55,969.55,0,0,14403.15
2021-03-25 14:19:59,NIFTY,25MAR21,13400,CE,2021-03-25,14:19:59,969.55,969.55,969.55,969.55,0,0,14382.65
2021-03-25 14:20:59,NIFTY,25MAR21,13400,CE,2021-03-25,14:20:59,969.55,969.55,969.55,969.55,0,0,14369.15
2021-03-25 14:21:59,NIFTY,25MAR21,13400,CE,2021-03-25,14:21:59,969.55,969.55,969.55,969.55,0,0,14356.95
2021-03-25 14:22:59,NIFTY,25MAR21,13400,CE,2021-03-25,14:22:59,969.55,969.55,969.55,969.55,0,0,14359.8
2021-03-25 14:23:59,NIFTY,25MAR21,13400,CE,2021-03-25,14:23:59,969.55,969.55,969.55,969.55,0,0,14370.45
2021-03-25 14:24:59,NIFTY,25MAR21,13400,CE,2021-03-25,14:24:59,969.55,969.55,969.55,969.55,0,0,14371.55
2021-03-25 14:25:59,NIFTY,25MAR21,13400,CE,2021-03-25,14:25:59,969.55,969.55,969.55,969.55,0,0,14365.45
2021-03-25 14:26:59,NIFTY,25MAR21,13400,CE,2021-03-25,14:26:59,969.55,969.55,969.55,969.55,0,0,14371.75
2021-03-25 14:27:59,NIFTY,25MAR21,13400,CE,2021-03-25,14:27:59,969.55,969.55,969.55,969.55,0,0,14369.05
2021-03-25 14:28:59,NIFTY,25MAR21,13400,CE,2021-03-25,14:28:59,1038.35,1038.35,1038.35,1038.35,0,0,14373.0
2021-03-25 14:29:59,NIFTY,25MAR21,13400,CE,2021-03-25,14:29:59,1038.35,1038.35,1038.35,1038.35,0,0,14369.85
2021-03-25 14:30:59,NIFTY,25MAR21,13400,CE,2021-03-25,14:30:59,1038.35,1038.35,1038.35,1038.35,0,0,14373.4
2021-03-25 14:31:59,NIFTY,25MAR21,13400,CE,2021-03-25,14:31:59,1038.35,1038.35,1038.35,1038.35,0,0,14388.7
2021-03-25 14:32:59,NIFTY,25MAR21,13400,CE,2021-03-25,14:32:59,1038.35,1038.35,1038.35,1038.35,0,0,14386.3
2021-03-25 14:33:59,NIFTY,25MAR21,13400,CE,2021-03-25,14:33:59,1038.35,1038.35,1038.35,1038.35,0,0,14401.95
2021-03-25 14:34:59,NIFTY,25MAR21,13400,CE,2021-03-25,14:34:59,1038.35,1038.35,1038.35,1038.35,0,0,14397.8
2021-03-25 14:35:59,NIFTY,25MAR21,13400,CE,2021-03-25,14:35:59,1038.35,1038.35,1038.35,1038.35,0,0,14389.45
2021-03-25 14:36:59,NIFTY,25MAR21,13400,CE,2021-03-25,14:36:59,1038.35,1038.35,1038.35,1038.35,0,0,14393.65
2021-03-25 14:37:59,NIFTY,25MAR21,13400,CE,2021-03-25,14:37:59,1038.35,1038.35,1038.35,1038.35,0,0,14393.8
2021-03-25 14:38:59,NIFTY,25MAR21,13400,CE,2021-03-25,14:38:59,1038.35,1038.35,1038.35,1038.35,0,0,14396.4
2021-03-25 14:39:59,NIFTY,25MAR21,13400,CE,2021-03-25,14:39:59,1038.35,1038.35,1038.35,1038.35,0,0,14395.35
2021-03-25 14:40:59,NIFTY,25MAR21,13400,CE,2021-03-25,14:40:59,1038.35,1038.35,1038.35,1038.35,0,0,14396.65
2021-03-25 14:41:59,NIFTY,25MAR21,13400,CE,2021-03-25,14:41:59,1038.35,1038.35,1038.35,1038.35,0,0,14399.0
2021-03-25 14:42:59,NIFTY,25MAR21,13400,CE,2021-03-25,14:42:59,1038.35,1038.35,1038.35,1038.35,0,0,14400.0
2021-03-25 14:43:59,NIFTY,25MAR21,13400,CE,2021-03-25,14:43:59,1038.35,1038.35,1038.35,1038.35,0,0,14408.35
2021-03-25 14:44:59,NIFTY,25MAR21,13400,CE,2021-03-25,14:44:59,1038.35,1038.35,1038.35,1038.35,0,0,14432.55
2021-03-25 14:45:59,NIFTY,25MAR21,13400,CE,2021-03-25,14:45:59,1038.35,1038.35,1038.35,1038.35,0,0,14444.0
2021-03-25 14:46:59,NIFTY,25MAR21,13400,CE,2021-03-25,14:46:59,1038.35,1038.35,1038.35,1038.35,0,0,14441.55
2021-03-25 14:47:59,NIFTY,25MAR21,13400,CE,2021-03-25,14:47:59,926.95,926.95,926.95,926.95,0,0,14458.35
2021-03-25 14:48:59,NIFTY,25MAR21,13400,CE,2021-03-25,14:48:59,926.95,926.95,926.95,926.95,0,0,14471.8
2021-03-25 14:49:59,NIFTY,25MAR21,13400,CE,2021-03-25,14:49:59,926.95,926.95,926.95,926.95,0,0,14473.95
2021-03-25 14:50:59,NIFTY,25MAR21,13400,CE,2021-03-25,14:50:59,926.95,926.95,926.95,926.95,0,0,14462.95
2021-03-25 14:51:59,NIFTY,25MAR21,13400,CE,2021-03-25,14:51:59,926.95,926.95,926.95,926.95,0,0,14477.1
2021-03-25 14:52:59,NIFTY,25MAR21,13400,CE,2021-03-25,14:52:59,926.95,926.95,926.95,926.95,0,0,14470.2
2021-03-25 14:53:59,NIFTY,25MAR21,13400,CE,2021-03-25,14:53:59,926.95,926.95,926.95,926.95,0,0,14466.1
2021-03-25 14:54:59,NIFTY,25MAR21,13400,CE,2021-03-25,14:54:59,926.95,926.95,926.95,926.95,0,0,14462.9
2021-03-25 14:55:59,NIFTY,25MAR21,13400,CE,2021-03-25,14:55:59,926.95,926.95,926.95,926.95,0,0,14445.1
2021-03-25 14:56:59,NIFTY,25MAR21,13400,CE,2021-03-25,14:56:59,926.95,926.95,926.95,926.95,0,0,14445.0
2021-03-25 14:57:59,NIFTY,25MAR21,13400,CE,2021-03-25,14:57:59,926.95,926.95,926.95,926.95,0,0,14426.6
2021-03-25 14:58:59,NIFTY,25MAR21,13400,CE,2021-03-25,14:58:59,926.95,926.95,926.95,926.95,0,0,14431.5
2021-03-25 14:59:59,NIFTY,25MAR21,13400,CE,2021-03-25,14:59:59,926.95,926.95,926.95,926.95,0,0,14415.05
2021-03-25 15:00:59,NIFTY,25MAR21,13400,CE,2021-03-25,15:00:59,926.95,926.95,926.95,926.95,0,0,14377.4
2021-03-25 15:01:59,NIFTY,25MAR21,13400,CE,2021-03-25,15:01:59,926.95,926.95,926.95,926.95,0,0,14376.15
2021-03-25 15:02:59,NIFTY,25MAR21,13400,CE,2021-03-25,15:02:59,926.95,926.95,926.95,926.95,0,0,14358.95
2021-03-25 15:03:59,NIFTY,25MAR21,13400,CE,2021-03-25,15:03:59,926.95,926.95,926.95,926.95,0,0,14342.0
2021-03-25 15:04:59,NIFTY,25MAR21,13400,CE,2021-03-25,15:04:59,926.95,926.95,926.95,926.95,0,0,14338.15
2021-03-25 15:05:59,NIFTY,25MAR21,13400,CE,2021-03-25,15:05:59,926.95,926.95,926.95,926.95,0,0,14339.05
2021-03-25 15:06:59,NIFTY,25MAR21,13400,CE,2021-03-25,15:06:59,926.95,926.95,926.95,926.95,0,0,14341.7
2021-03-25 15:07:59,NIFTY,25MAR21,13400,CE,2021-03-25,15:07:59,926.95,926.95,926.95,926.95,0,0,14333.45
2021-03-25 15:08:59,NIFTY,25MAR21,13400,CE,2021-03-25,15:08:59,926.95,926.95,926.95,926.95,0,0,14325.0
2021-03-25 15:09:59,NIFTY,25MAR21,13400,CE,2021-03-25,15:09:59,926.95,926.95,926.95,926.95,0,0,14319.05
2021-03-25 15:10:59,NIFTY,25MAR21,13400,CE,2021-03-25,15:10:59,926.95,926.95,926.95,926.95,0,0,14299.95
2021-03-25 15:11:59,NIFTY,25MAR21,13400,CE,2021-03-25,15:11:59,926.95,926.95,926.95,926.95,0,0,14287.05
2021-03-25 15:12:59,NIFTY,25MAR21,13400,CE,2021-03-25,15:12:59,926.95,926.95,926.95,926.95,0,0,14279.15
2021-03-25 15:13:59,NIFTY,25MAR21,13400,CE,2021-03-25,15:13:59,926.95,926.95,926.95,926.95,0,0,14300.9
2021-03-25 15:14:59,NIFTY,25MAR21,13400,CE,2021-03-25,15:14:59,926.95,926.95,926.95,926.95,0,0,14299.0
2021-03-25 15:15:59,NIFTY,25MAR21,13400,CE,2021-03-25,15:15:59,926.95,926.95,926.95,926.95,0,0,14302.3
2021-03-25 15:16:59,NIFTY,25MAR21,13400,CE,2021-03-25,15:16:59,926.95,926.95,926.95,926.95,0,0,14290.0
2021-03-25 15:17:59,NIFTY,25MAR21,13400,CE,2021-03-25,15:17:59,926.95,926.95,926.95,926.95,0,0,14296.75
2021-03-25 15:18:59,NIFTY,25MAR21,13400,CE,2021-03-25,15:18:59,926.95,926.95,926.95,926.95,0,0,14301.35
2021-03-25 15:19:59,NIFTY,25MAR21,13400,CE,2021-03-25,15:19:59,926.95,926.95,926.95,926.95,0,0,14299.75
2021-03-25 15:20:59,NIFTY,25MAR21,13400,CE,2021-03-25,15:20:59,926.95,926.95,926.95,926.95,0,0,14300.05
2021-03-25 15:21:59,NIFTY,25MAR21,13400,CE,2021-03-25,15:21:59,926.95,926.95,926.95,926.95,0,0,14306.5
2021-03-25 15:22:59,NIFTY,25MAR21,13400,CE,2021-03-25,15:22:59,926.95,926.95,926.95,926.95,0,0,14306.3
2021-03-25 15:23:59,NIFTY,25MAR21,13400,CE,2021-03-25,15:23:59,926.95,926.95,926.95,926.95,0,0,14310.9
2021-03-25 15:24:59,NIFTY,25MAR21,13400,CE,2021-03-25,15:24:59,926.95,926.95,926.95,926.95,0,0,14314.95
2021-03-25 15:25:59,NIFTY,25MAR21,13400,CE,2021-03-25,15:25:59,926.95,926.95,926.95,926.95,0,0,14321.2
2021-03-25 15:26:59,NIFTY,25MAR21,13400,CE,2021-03-25,15:26:59,926.95,926.95,926.95,926.95,0,0,14335.1
2021-03-25 15:27:59,NIFTY,25MAR21,13400,CE,2021-03-25,15:27:59,926.95,926.95,926.95,926.95,0,0,14329.75
2021-03-25 15:28:59,NIFTY,25MAR21,13400,CE,2021-03-25,15:28:59,926.95,926.95,926.95,926.95,0,0,14332.1
2021-03-25 15:29:59,NIFTY,25MAR21,13400,CE,2021-03-25,15:29:59,926.95,926.95,926.95,926.95,0,0,14346.4
