datetime,Symbol,Expiry,Strike,OptionType,Date,Time,Open,High,Low,Close,Volume,OI,Underlying Value
2021-10-22 09:15:59,NIFTY,28OCT21,18700,CE,2021-10-22,09:15:59,25.0,28.75,19.5,21.9,0,0,18232.05
2021-10-22 09:16:59,NIFTY,28OCT21,18700,CE,2021-10-22,09:16:59,21.95,23.25,21.8,22.05,0,0,18235.85
2021-10-22 09:17:59,NIFTY,28OCT21,18700,CE,2021-10-22,09:17:59,21.95,21.95,19.7,20.6,0,0,18225.65
2021-10-22 09:18:59,NIFTY,28OCT21,18700,CE,2021-10-22,09:18:59,20.6,20.7,19.0,20.55,0,0,18234.55
2021-10-22 09:19:59,NIFTY,28OCT21,18700,CE,2021-10-22,09:19:59,20.75,21.25,20.55,21.15,0,0,18249.9
2021-10-22 09:20:59,NIFTY,28OCT21,18700,CE,2021-10-22,09:20:59,21.65,22.2,21.05,21.85,0,0,18259.0
2021-10-22 09:21:59,NIFTY,28OCT21,18700,CE,2021-10-22,09:21:59,21.85,21.9,20.85,21.3,0,0,18260.4
2021-10-22 09:22:59,NIFTY,28OCT21,18700,CE,2021-10-22,09:22:59,21.5,21.5,20.3,21.2,0,0,18253.0
2021-10-22 09:23:59,NIFTY,28OCT21,18700,CE,2021-10-22,09:23:59,21.0,21.1,19.2,20.05,0,0,18239.6
2021-10-22 09:24:59,NIFTY,28OCT21,18700,CE,2021-10-22,09:24:59,20.15,20.95,19.7,20.6,0,0,18248.25
2021-10-22 09:25:59,NIFTY,28OCT21,18700,CE,2021-10-22,09:25:59,20.4,20.9,20.05,20.6,0,0,18260.65
2021-10-22 09:26:59,NIFTY,28OCT21,18700,CE,2021-10-22,09:26:59,20.7,21.25,20.5,21.2,0,0,18277.55
2021-10-22 09:27:59,NIFTY,28OCT21,18700,CE,2021-10-22,09:27:59,21.2,21.55,20.95,21.2,0,0,18279.45
2021-10-22 09:28:59,NIFTY,28OCT21,18700,CE,2021-10-22,09:28:59,21.2,21.35,20.6,21.2,0,0,18281.8
2021-10-22 09:29:59,NIFTY,28OCT21,18700,CE,2021-10-22,09:29:59,21.25,21.4,20.5,21.0,0,0,18279.15
2021-10-22 09:30:59,NIFTY,28OCT21,18700,CE,2021-10-22,09:30:59,20.95,21.9,20.95,21.55,0,0,18291.6
2021-10-22 09:31:59,NIFTY,28OCT21,18700,CE,2021-10-22,09:31:59,21.6,21.9,20.8,21.3,0,0,18277.9
2021-10-22 09:32:59,NIFTY,28OCT21,18700,CE,2021-10-22,09:32:59,21.3,21.9,21.25,21.55,0,0,18283.9
2021-10-22 09:33:59,NIFTY,28OCT21,18700,CE,2021-10-22,09:33:59,21.5,21.7,21.0,21.6,0,0,18283.2
2021-10-22 09:34:59,NIFTY,28OCT21,18700,CE,2021-10-22,09:34:59,21.6,21.85,21.4,21.7,0,0,18295.4
2021-10-22 09:35:59,NIFTY,28OCT21,18700,CE,2021-10-22,09:35:59,21.8,21.8,20.85,21.35,0,0,18281.25
2021-10-22 09:36:59,NIFTY,28OCT21,18700,CE,2021-10-22,09:36:59,21.25,21.65,21.0,21.4,0,0,18291.3
2021-10-22 09:37:59,NIFTY,28OCT21,18700,CE,2021-10-22,09:37:59,21.3,21.8,20.95,21.6,0,0,18298.05
2021-10-22 09:38:59,NIFTY,28OCT21,18700,CE,2021-10-22,09:38:59,21.65,21.85,21.25,21.65,0,0,18293.25
2021-10-22 09:39:59,NIFTY,28OCT21,18700,CE,2021-10-22,09:39:59,21.55,21.85,21.45,21.75,0,0,18299.4
2021-10-22 09:40:59,NIFTY,28OCT21,18700,CE,2021-10-22,09:40:59,21.8,22.75,21.7,22.6,0,0,18302.65
2021-10-22 09:41:59,NIFTY,28OCT21,18700,CE,2021-10-22,09:41:59,22.45,23.1,22.25,22.5,0,0,18302.6
2021-10-22 09:42:59,NIFTY,28OCT21,18700,CE,2021-10-22,09:42:59,22.4,22.75,22.15,22.55,0,0,18303.3
2021-10-22 09:43:59,NIFTY,28OCT21,18700,CE,2021-10-22,09:43:59,22.5,22.6,22.05,22.5,0,0,18301.75
2021-10-22 09:44:59,NIFTY,28OCT21,18700,CE,2021-10-22,09:44:59,22.45,23.2,22.4,23.05,0,0,18308.1
2021-10-22 09:45:59,NIFTY,28OCT21,18700,CE,2021-10-22,09:45:59,22.95,23.5,22.5,22.5,0,0,18296.7
2021-10-22 09:46:59,NIFTY,28OCT21,18700,CE,2021-10-22,09:46:59,22.7,23.0,21.7,21.7,0,0,18288.1
2021-10-22 09:47:59,NIFTY,28OCT21,18700,CE,2021-10-22,09:47:59,21.75,21.85,21.0,21.15,0,0,18280.4
2021-10-22 09:48:59,NIFTY,28OCT21,18700,CE,2021-10-22,09:48:59,21.4,21.65,20.9,21.05,0,0,18276.2
2021-10-22 09:49:59,NIFTY,28OCT21,18700,CE,2021-10-22,09:49:59,21.05,21.7,20.7,21.7,0,0,18278.65
2021-10-22 09:50:59,NIFTY,28OCT21,18700,CE,2021-10-22,09:50:59,21.5,22.35,21.5,21.65,0,0,18281.25
2021-10-22 09:51:59,NIFTY,28OCT21,18700,CE,2021-10-22,09:51:59,21.55,21.6,20.55,21.25,0,0,18275.45
2021-10-22 09:52:59,NIFTY,28OCT21,18700,CE,2021-10-22,09:52:59,21.4,21.5,20.7,21.0,0,0,18278.4
2021-10-22 09:53:59,NIFTY,28OCT21,18700,CE,2021-10-22,09:53:59,21.0,21.0,19.75,19.85,0,0,18262.05
2021-10-22 09:54:59,NIFTY,28OCT21,18700,CE,2021-10-22,09:54:59,19.7,20.45,19.15,20.2,0,0,18262.2
2021-10-22 09:55:59,NIFTY,28OCT21,18700,CE,2021-10-22,09:55:59,20.2,20.2,19.35,19.6,0,0,18249.85
2021-10-22 09:56:59,NIFTY,28OCT21,18700,CE,2021-10-22,09:56:59,19.5,19.5,18.75,18.95,0,0,18236.45
2021-10-22 09:57:59,NIFTY,28OCT21,18700,CE,2021-10-22,09:57:59,18.85,19.5,18.6,19.5,0,0,18237.6
2021-10-22 09:58:59,NIFTY,28OCT21,18700,CE,2021-10-22,09:58:59,19.55,20.05,19.45,19.95,0,0,18246.55
2021-10-22 09:59:59,NIFTY,28OCT21,18700,CE,2021-10-22,09:59:59,19.95,20.85,19.95,20.8,0,0,18259.9
2021-10-22 10:00:59,NIFTY,28OCT21,18700,CE,2021-10-22,10:00:59,20.95,20.95,20.05,20.7,0,0,18259.8
2021-10-22 10:01:59,NIFTY,28OCT21,18700,CE,2021-10-22,10:01:59,20.75,21.25,20.65,21.05,0,0,18269.0
2021-10-22 10:02:59,NIFTY,28OCT21,18700,CE,2021-10-22,10:02:59,20.8,21.1,20.4,20.9,0,0,18271.6
2021-10-22 10:03:59,NIFTY,28OCT21,18700,CE,2021-10-22,10:03:59,21.0,21.5,20.9,21.0,0,0,18283.4
2021-10-22 10:04:59,NIFTY,28OCT21,18700,CE,2021-10-22,10:04:59,20.9,21.2,20.5,20.6,0,0,18281.25
2021-10-22 10:05:59,NIFTY,28OCT21,18700,CE,2021-10-22,10:05:59,20.45,21.0,20.1,20.25,0,0,18275.75
2021-10-22 10:06:59,NIFTY,28OCT21,18700,CE,2021-10-22,10:06:59,20.25,20.35,19.35,19.5,0,0,18272.45
2021-10-22 10:07:59,NIFTY,28OCT21,18700,CE,2021-10-22,10:07:59,19.45,20.0,19.2,20.0,0,0,18278.95
2021-10-22 10:08:59,NIFTY,28OCT21,18700,CE,2021-10-22,10:08:59,20.0,20.2,19.7,20.05,0,0,18289.0
2021-10-22 10:09:59,NIFTY,28OCT21,18700,CE,2021-10-22,10:09:59,19.9,20.2,19.15,19.65,0,0,18283.5
2021-10-22 10:10:59,NIFTY,28OCT21,18700,CE,2021-10-22,10:10:59,19.5,19.7,19.05,19.05,0,0,18283.25
2021-10-22 10:11:59,NIFTY,28OCT21,18700,CE,2021-10-22,10:11:59,19.0,19.5,18.8,19.45,0,0,18287.05
2021-10-22 10:12:59,NIFTY,28OCT21,18700,CE,2021-10-22,10:12:59,19.5,19.7,19.1,19.2,0,0,18282.3
2021-10-22 10:13:59,NIFTY,28OCT21,18700,CE,2021-10-22,10:13:59,19.2,19.35,18.75,18.9,0,0,18280.9
2021-10-22 10:14:59,NIFTY,28OCT21,18700,CE,2021-10-22,10:14:59,18.75,18.95,17.75,18.05,0,0,18276.75
2021-10-22 10:15:59,NIFTY,28OCT21,18700,CE,2021-10-22,10:15:59,18.05,18.35,17.6,17.75,0,0,18274.7
2021-10-22 10:16:59,NIFTY,28OCT21,18700,CE,2021-10-22,10:16:59,17.7,17.75,16.9,17.05,0,0,18268.6
2021-10-22 10:17:59,NIFTY,28OCT21,18700,CE,2021-10-22,10:17:59,17.05,17.25,16.55,16.55,0,0,18258.65
2021-10-22 10:18:59,NIFTY,28OCT21,18700,CE,2021-10-22,10:18:59,16.35,16.6,16.0,16.4,0,0,18248.15
2021-10-22 10:19:59,NIFTY,28OCT21,18700,CE,2021-10-22,10:19:59,16.4,16.45,15.8,15.9,0,0,18246.55
2021-10-22 10:20:59,NIFTY,28OCT21,18700,CE,2021-10-22,10:20:59,15.95,16.3,15.6,16.3,0,0,18243.8
2021-10-22 10:21:59,NIFTY,28OCT21,18700,CE,2021-10-22,10:21:59,16.3,17.3,16.2,16.9,0,0,18255.95
2021-10-22 10:22:59,NIFTY,28OCT21,18700,CE,2021-10-22,10:22:59,17.05,17.55,17.05,17.4,0,0,18265.45
2021-10-22 10:23:59,NIFTY,28OCT21,18700,CE,2021-10-22,10:23:59,17.45,18.0,17.35,18.0,0,0,18273.55
2021-10-22 10:24:59,NIFTY,28OCT21,18700,CE,2021-10-22,10:24:59,17.85,18.1,17.5,17.6,0,0,18271.15
2021-10-22 10:25:59,NIFTY,28OCT21,18700,CE,2021-10-22,10:25:59,17.75,18.15,16.85,16.85,0,0,18267.3
2021-10-22 10:26:59,NIFTY,28OCT21,18700,CE,2021-10-22,10:26:59,16.85,17.9,16.5,17.7,0,0,18278.7
2021-10-22 10:27:59,NIFTY,28OCT21,18700,CE,2021-10-22,10:27:59,17.8,17.8,17.25,17.55,0,0,18278.55
2021-10-22 10:28:59,NIFTY,28OCT21,18700,CE,2021-10-22,10:28:59,17.55,17.7,17.4,17.5,0,0,18279.0
2021-10-22 10:29:59,NIFTY,28OCT21,18700,CE,2021-10-22,10:29:59,17.5,17.55,17.05,17.45,0,0,18280.3
2021-10-22 10:30:59,NIFTY,28OCT21,18700,CE,2021-10-22,10:30:59,17.4,17.6,16.45,16.45,0,0,18269.4
2021-10-22 10:31:59,NIFTY,28OCT21,18700,CE,2021-10-22,10:31:59,16.35,16.7,15.75,16.3,0,0,18265.1
2021-10-22 10:32:59,NIFTY,28OCT21,18700,CE,2021-10-22,10:32:59,16.6,17.05,16.45,16.75,0,0,18274.55
2021-10-22 10:33:59,NIFTY,28OCT21,18700,CE,2021-10-22,10:33:59,16.85,17.0,16.5,16.8,0,0,18273.45
2021-10-22 10:34:59,NIFTY,28OCT21,18700,CE,2021-10-22,10:34:59,16.8,16.85,16.45,16.65,0,0,18272.0
2021-10-22 10:35:59,NIFTY,28OCT21,18700,CE,2021-10-22,10:35:59,16.65,16.7,16.2,16.5,0,0,18274.8
2021-10-22 10:36:59,NIFTY,28OCT21,18700,CE,2021-10-22,10:36:59,16.55,16.65,16.05,16.25,0,0,18266.8
2021-10-22 10:37:59,NIFTY,28OCT21,18700,CE,2021-10-22,10:37:59,16.3,16.7,16.3,16.35,0,0,18273.8
2021-10-22 10:38:59,NIFTY,28OCT21,18700,CE,2021-10-22,10:38:59,16.35,16.75,16.3,16.7,0,0,18278.4
2021-10-22 10:39:59,NIFTY,28OCT21,18700,CE,2021-10-22,10:39:59,16.65,16.95,16.55,16.95,0,0,18282.3
2021-10-22 10:40:59,NIFTY,28OCT21,18700,CE,2021-10-22,10:40:59,16.95,17.05,16.7,16.95,0,0,18283.55
2021-10-22 10:41:59,NIFTY,28OCT21,18700,CE,2021-10-22,10:41:59,17.0,17.0,16.45,16.8,0,0,18282.9
2021-10-22 10:42:59,NIFTY,28OCT21,18700,CE,2021-10-22,10:42:59,16.8,17.0,16.8,16.85,0,0,18280.85
2021-10-22 10:43:59,NIFTY,28OCT21,18700,CE,2021-10-22,10:43:59,16.75,16.85,16.45,16.6,0,0,18278.3
2021-10-22 10:44:59,NIFTY,28OCT21,18700,CE,2021-10-22,10:44:59,16.6,16.8,16.3,16.35,0,0,18274.55
2021-10-22 10:45:59,NIFTY,28OCT21,18700,CE,2021-10-22,10:45:59,16.35,16.35,15.9,16.15,0,0,18264.25
2021-10-22 10:46:59,NIFTY,28OCT21,18700,CE,2021-10-22,10:46:59,16.1,16.2,15.8,15.9,0,0,18263.7
2021-10-22 10:47:59,NIFTY,28OCT21,18700,CE,2021-10-22,10:47:59,15.95,15.95,15.65,15.75,0,0,18263.8
2021-10-22 10:48:59,NIFTY,28OCT21,18700,CE,2021-10-22,10:48:59,15.9,15.9,15.25,15.4,0,0,18255.0
2021-10-22 10:49:59,NIFTY,28OCT21,18700,CE,2021-10-22,10:49:59,15.3,15.55,15.15,15.25,0,0,18248.4
2021-10-22 10:50:59,NIFTY,28OCT21,18700,CE,2021-10-22,10:50:59,15.35,15.85,14.95,15.85,0,0,18253.15
2021-10-22 10:51:59,NIFTY,28OCT21,18700,CE,2021-10-22,10:51:59,15.9,16.3,15.8,15.95,0,0,18253.7
2021-10-22 10:52:59,NIFTY,28OCT21,18700,CE,2021-10-22,10:52:59,15.9,15.95,15.1,15.4,0,0,18243.2
2021-10-22 10:53:59,NIFTY,28OCT21,18700,CE,2021-10-22,10:53:59,15.4,15.65,14.75,15.5,0,0,18245.5
2021-10-22 10:54:59,NIFTY,28OCT21,18700,CE,2021-10-22,10:54:59,15.6,15.65,15.0,15.15,0,0,18233.65
2021-10-22 10:55:59,NIFTY,28OCT21,18700,CE,2021-10-22,10:55:59,15.05,15.15,14.65,14.7,0,0,18231.0
2021-10-22 10:56:59,NIFTY,28OCT21,18700,CE,2021-10-22,10:56:59,14.8,15.4,14.7,15.4,0,0,18243.4
2021-10-22 10:57:59,NIFTY,28OCT21,18700,CE,2021-10-22,10:57:59,15.4,15.65,15.25,15.5,0,0,18244.1
2021-10-22 10:58:59,NIFTY,28OCT21,18700,CE,2021-10-22,10:58:59,15.45,15.55,15.2,15.45,0,0,18243.6
2021-10-22 10:59:59,NIFTY,28OCT21,18700,CE,2021-10-22,10:59:59,15.4,15.7,15.4,15.7,0,0,18253.85
2021-10-22 11:00:59,NIFTY,28OCT21,18700,CE,2021-10-22,11:00:59,15.7,16.1,15.6,15.95,0,0,18265.0
2021-10-22 11:01:59,NIFTY,28OCT21,18700,CE,2021-10-22,11:01:59,15.85,16.05,15.75,16.05,0,0,18267.85
2021-10-22 11:02:59,NIFTY,28OCT21,18700,CE,2021-10-22,11:02:59,15.95,16.05,15.75,16.05,0,0,18264.8
2021-10-22 11:03:59,NIFTY,28OCT21,18700,CE,2021-10-22,11:03:59,16.05,16.1,15.45,15.65,0,0,18262.0
2021-10-22 11:04:59,NIFTY,28OCT21,18700,CE,2021-10-22,11:04:59,15.7,16.1,15.7,16.0,0,0,18271.7
2021-10-22 11:05:59,NIFTY,28OCT21,18700,CE,2021-10-22,11:05:59,16.0,16.3,15.8,16.05,0,0,18277.25
2021-10-22 11:06:59,NIFTY,28OCT21,18700,CE,2021-10-22,11:06:59,16.2,16.25,15.9,16.2,0,0,18274.55
2021-10-22 11:07:59,NIFTY,28OCT21,18700,CE,2021-10-22,11:07:59,16.15,16.35,16.05,16.25,0,0,18276.8
2021-10-22 11:08:59,NIFTY,28OCT21,18700,CE,2021-10-22,11:08:59,16.3,16.35,16.0,16.25,0,0,18275.75
2021-10-22 11:09:59,NIFTY,28OCT21,18700,CE,2021-10-22,11:09:59,16.15,16.6,16.15,16.6,0,0,18282.05
2021-10-22 11:10:59,NIFTY,28OCT21,18700,CE,2021-10-22,11:10:59,16.6,16.75,16.4,16.75,0,0,18284.15
2021-10-22 11:11:59,NIFTY,28OCT21,18700,CE,2021-10-22,11:11:59,16.7,16.95,16.4,16.45,0,0,18279.4
2021-10-22 11:12:59,NIFTY,28OCT21,18700,CE,2021-10-22,11:12:59,16.45,16.5,15.8,16.2,0,0,18275.45
2021-10-22 11:13:59,NIFTY,28OCT21,18700,CE,2021-10-22,11:13:59,16.3,16.35,15.95,16.1,0,0,18276.45
2021-10-22 11:14:59,NIFTY,28OCT21,18700,CE,2021-10-22,11:14:59,16.05,16.1,15.15,15.15,0,0,18262.35
2021-10-22 11:15:59,NIFTY,28OCT21,18700,CE,2021-10-22,11:15:59,15.05,15.95,15.0,15.65,0,0,18264.85
2021-10-22 11:16:59,NIFTY,28OCT21,18700,CE,2021-10-22,11:16:59,15.55,15.55,14.8,14.85,0,0,18254.25
2021-10-22 11:17:59,NIFTY,28OCT21,18700,CE,2021-10-22,11:17:59,14.8,14.85,14.0,14.6,0,0,18247.45
2021-10-22 11:18:59,NIFTY,28OCT21,18700,CE,2021-10-22,11:18:59,14.5,14.8,14.35,14.4,0,0,18248.65
2021-10-22 11:19:59,NIFTY,28OCT21,18700,CE,2021-10-22,11:19:59,14.35,14.5,14.05,14.2,0,0,18248.5
2021-10-22 11:20:59,NIFTY,28OCT21,18700,CE,2021-10-22,11:20:59,14.2,14.2,13.9,13.95,0,0,18242.85
2021-10-22 11:21:59,NIFTY,28OCT21,18700,CE,2021-10-22,11:21:59,13.8,14.25,13.6,14.15,0,0,18244.85
2021-10-22 11:22:59,NIFTY,28OCT21,18700,CE,2021-10-22,11:22:59,14.35,14.65,13.95,14.3,0,0,18244.55
2021-10-22 11:23:59,NIFTY,28OCT21,18700,CE,2021-10-22,11:23:59,14.25,14.6,14.25,14.5,0,0,18249.25
2021-10-22 11:24:59,NIFTY,28OCT21,18700,CE,2021-10-22,11:24:59,14.7,14.95,14.5,14.6,0,0,18252.3
2021-10-22 11:25:59,NIFTY,28OCT21,18700,CE,2021-10-22,11:25:59,14.65,14.8,14.4,14.4,0,0,18240.1
2021-10-22 11:26:59,NIFTY,28OCT21,18700,CE,2021-10-22,11:26:59,14.4,14.75,14.15,14.55,0,0,18234.7
2021-10-22 11:27:59,NIFTY,28OCT21,18700,CE,2021-10-22,11:27:59,14.5,14.5,13.35,13.7,0,0,18207.5
2021-10-22 11:28:59,NIFTY,28OCT21,18700,CE,2021-10-22,11:28:59,13.6,14.15,13.55,13.8,0,0,18204.75
2021-10-22 11:29:59,NIFTY,28OCT21,18700,CE,2021-10-22,11:29:59,13.9,14.1,13.3,14.0,0,0,18202.55
2021-10-22 11:30:59,NIFTY,28OCT21,18700,CE,2021-10-22,11:30:59,14.1,14.35,13.5,13.5,0,0,18204.65
2021-10-22 11:31:59,NIFTY,28OCT21,18700,CE,2021-10-22,11:31:59,13.4,13.75,12.85,13.2,0,0,18193.4
2021-10-22 11:32:59,NIFTY,28OCT21,18700,CE,2021-10-22,11:32:59,13.3,13.35,12.25,12.7,0,0,18176.65
2021-10-22 11:33:59,NIFTY,28OCT21,18700,CE,2021-10-22,11:33:59,12.7,13.65,12.4,13.4,0,0,18177.2
2021-10-22 11:34:59,NIFTY,28OCT21,18700,CE,2021-10-22,11:34:59,13.3,13.35,12.9,13.15,0,0,18169.0
2021-10-22 11:35:59,NIFTY,28OCT21,18700,CE,2021-10-22,11:35:59,13.2,13.35,12.8,13.25,0,0,18181.35
2021-10-22 11:36:59,NIFTY,28OCT21,18700,CE,2021-10-22,11:36:59,13.2,13.5,13.15,13.4,0,0,18192.8
2021-10-22 11:37:59,NIFTY,28OCT21,18700,CE,2021-10-22,11:37:59,13.4,13.5,12.65,13.15,0,0,18181.4
2021-10-22 11:38:59,NIFTY,28OCT21,18700,CE,2021-10-22,11:38:59,13.15,13.25,12.8,12.9,0,0,18178.05
2021-10-22 11:39:59,NIFTY,28OCT21,18700,CE,2021-10-22,11:39:59,12.85,13.0,12.4,12.5,0,0,18168.75
2021-10-22 11:40:59,NIFTY,28OCT21,18700,CE,2021-10-22,11:40:59,12.4,13.0,12.4,13.0,0,0,18166.2
2021-10-22 11:41:59,NIFTY,28OCT21,18700,CE,2021-10-22,11:41:59,12.9,13.6,12.9,13.4,0,0,18181.35
2021-10-22 11:42:59,NIFTY,28OCT21,18700,CE,2021-10-22,11:42:59,13.3,13.5,13.05,13.5,0,0,18181.6
2021-10-22 11:43:59,NIFTY,28OCT21,18700,CE,2021-10-22,11:43:59,13.55,13.85,13.25,13.7,0,0,18193.15
2021-10-22 11:44:59,NIFTY,28OCT21,18700,CE,2021-10-22,11:44:59,13.8,14.0,13.55,14.0,0,0,18200.4
2021-10-22 11:45:59,NIFTY,28OCT21,18700,CE,2021-10-22,11:45:59,13.9,13.95,13.2,13.4,0,0,18179.95
2021-10-22 11:46:59,NIFTY,28OCT21,18700,CE,2021-10-22,11:46:59,13.45,13.9,13.4,13.75,0,0,18194.15
2021-10-22 11:47:59,NIFTY,28OCT21,18700,CE,2021-10-22,11:47:59,13.7,13.85,13.45,13.75,0,0,18198.15
2021-10-22 11:48:59,NIFTY,28OCT21,18700,CE,2021-10-22,11:48:59,13.65,13.8,13.5,13.55,0,0,18198.15
2021-10-22 11:49:59,NIFTY,28OCT21,18700,CE,2021-10-22,11:49:59,13.5,13.55,13.25,13.35,0,0,18194.35
2021-10-22 11:50:59,NIFTY,28OCT21,18700,CE,2021-10-22,11:50:59,13.3,14.05,13.2,14.0,0,0,18208.7
2021-10-22 11:51:59,NIFTY,28OCT21,18700,CE,2021-10-22,11:51:59,14.1,14.1,13.7,13.95,0,0,18213.6
2021-10-22 11:52:59,NIFTY,28OCT21,18700,CE,2021-10-22,11:52:59,14.0,14.1,13.7,13.85,0,0,18215.7
2021-10-22 11:53:59,NIFTY,28OCT21,18700,CE,2021-10-22,11:53:59,13.8,13.9,13.55,13.85,0,0,18216.7
2021-10-22 11:54:59,NIFTY,28OCT21,18700,CE,2021-10-22,11:54:59,13.75,13.75,13.35,13.35,0,0,18208.85
2021-10-22 11:55:59,NIFTY,28OCT21,18700,CE,2021-10-22,11:55:59,13.35,13.4,13.1,13.25,0,0,18199.4
2021-10-22 11:56:59,NIFTY,28OCT21,18700,CE,2021-10-22,11:56:59,13.2,13.4,13.0,13.05,0,0,18201.2
2021-10-22 11:57:59,NIFTY,28OCT21,18700,CE,2021-10-22,11:57:59,13.1,13.25,12.9,13.15,0,0,18203.8
2021-10-22 11:58:59,NIFTY,28OCT21,18700,CE,2021-10-22,11:58:59,13.05,13.1,12.6,12.75,0,0,18195.05
2021-10-22 11:59:59,NIFTY,28OCT21,18700,CE,2021-10-22,11:59:59,12.7,12.7,12.35,12.35,0,0,18180.95
2021-10-22 12:00:59,NIFTY,28OCT21,18700,CE,2021-10-22,12:00:59,12.5,12.65,12.3,12.35,0,0,18169.7
2021-10-22 12:01:59,NIFTY,28OCT21,18700,CE,2021-10-22,12:01:59,12.35,12.5,12.0,12.45,0,0,18175.2
2021-10-22 12:02:59,NIFTY,28OCT21,18700,CE,2021-10-22,12:02:59,12.5,13.15,12.5,13.1,0,0,18193.9
2021-10-22 12:03:59,NIFTY,28OCT21,18700,CE,2021-10-22,12:03:59,12.95,13.0,12.7,12.85,0,0,18187.05
2021-10-22 12:04:59,NIFTY,28OCT21,18700,CE,2021-10-22,12:04:59,12.9,13.05,12.6,13.0,0,0,18184.9
2021-10-22 12:05:59,NIFTY,28OCT21,18700,CE,2021-10-22,12:05:59,13.0,13.0,12.55,12.8,0,0,18175.75
2021-10-22 12:06:59,NIFTY,28OCT21,18700,CE,2021-10-22,12:06:59,12.7,12.8,12.6,12.8,0,0,18181.05
2021-10-22 12:07:59,NIFTY,28OCT21,18700,CE,2021-10-22,12:07:59,12.75,12.85,12.4,12.45,0,0,18172.0
2021-10-22 12:08:59,NIFTY,28OCT21,18700,CE,2021-10-22,12:08:59,12.6,12.65,12.35,12.45,0,0,18161.25
2021-10-22 12:09:59,NIFTY,28OCT21,18700,CE,2021-10-22,12:09:59,12.45,12.65,12.2,12.25,0,0,18150.75
2021-10-22 12:10:59,NIFTY,28OCT21,18700,CE,2021-10-22,12:10:59,12.25,12.6,12.0,12.55,0,0,18156.3
2021-10-22 12:11:59,NIFTY,28OCT21,18700,CE,2021-10-22,12:11:59,12.55,12.6,12.2,12.4,0,0,18152.25
2021-10-22 12:12:59,NIFTY,28OCT21,18700,CE,2021-10-22,12:12:59,12.5,12.7,12.45,12.5,0,0,18157.5
2021-10-22 12:13:59,NIFTY,28OCT21,18700,CE,2021-10-22,12:13:59,12.45,12.7,12.45,12.55,0,0,18153.65
2021-10-22 12:14:59,NIFTY,28OCT21,18700,CE,2021-10-22,12:14:59,12.5,12.75,12.45,12.5,0,0,18147.75
2021-10-22 12:15:59,NIFTY,28OCT21,18700,CE,2021-10-22,12:15:59,12.35,12.65,12.25,12.35,0,0,18140.7
2021-10-22 12:16:59,NIFTY,28OCT21,18700,CE,2021-10-22,12:16:59,12.25,12.55,12.2,12.4,0,0,18145.3
2021-10-22 12:17:59,NIFTY,28OCT21,18700,CE,2021-10-22,12:17:59,12.4,12.85,12.4,12.85,0,0,18167.65
2021-10-22 12:18:59,NIFTY,28OCT21,18700,CE,2021-10-22,12:18:59,12.8,12.9,12.5,12.6,0,0,18162.65
2021-10-22 12:19:59,NIFTY,28OCT21,18700,CE,2021-10-22,12:19:59,12.6,12.65,12.25,12.45,0,0,18152.95
2021-10-22 12:20:59,NIFTY,28OCT21,18700,CE,2021-10-22,12:20:59,12.45,12.65,12.25,12.4,0,0,18149.8
2021-10-22 12:21:59,NIFTY,28OCT21,18700,CE,2021-10-22,12:21:59,12.35,12.5,12.2,12.25,0,0,18150.2
2021-10-22 12:22:59,NIFTY,28OCT21,18700,CE,2021-10-22,12:22:59,12.3,12.4,12.0,12.25,0,0,18144.0
2021-10-22 12:23:59,NIFTY,28OCT21,18700,CE,2021-10-22,12:23:59,12.35,12.4,12.0,12.15,0,0,18139.05
2021-10-22 12:24:59,NIFTY,28OCT21,18700,CE,2021-10-22,12:24:59,12.05,12.35,11.85,12.15,0,0,18137.2
2021-10-22 12:25:59,NIFTY,28OCT21,18700,CE,2021-10-22,12:25:59,12.15,12.25,12.05,12.15,0,0,18138.5
2021-10-22 12:26:59,NIFTY,28OCT21,18700,CE,2021-10-22,12:26:59,12.15,12.4,12.15,12.25,0,0,18141.7
2021-10-22 12:27:59,NIFTY,28OCT21,18700,CE,2021-10-22,12:27:59,12.25,12.55,12.25,12.45,0,0,18154.3
2021-10-22 12:28:59,NIFTY,28OCT21,18700,CE,2021-10-22,12:28:59,12.45,12.5,12.2,12.4,0,0,18155.75
2021-10-22 12:29:59,NIFTY,28OCT21,18700,CE,2021-10-22,12:29:59,12.35,12.45,12.2,12.45,0,0,18161.95
2021-10-22 12:30:59,NIFTY,28OCT21,18700,CE,2021-10-22,12:30:59,12.35,12.45,12.2,12.25,0,0,18152.2
2021-10-22 12:31:59,NIFTY,28OCT21,18700,CE,2021-10-22,12:31:59,12.3,12.55,12.3,12.5,0,0,18158.55
2021-10-22 12:32:59,NIFTY,28OCT21,18700,CE,2021-10-22,12:32:59,12.55,12.65,12.45,12.55,0,0,18159.15
2021-10-22 12:33:59,NIFTY,28OCT21,18700,CE,2021-10-22,12:33:59,12.55,12.65,12.4,12.65,0,0,18162.9
2021-10-22 12:34:59,NIFTY,28OCT21,18700,CE,2021-10-22,12:34:59,12.6,12.7,12.45,12.55,0,0,18163.65
2021-10-22 12:35:59,NIFTY,28OCT21,18700,CE,2021-10-22,12:35:59,12.55,12.65,12.4,12.55,0,0,18165.25
2021-10-22 12:36:59,NIFTY,28OCT21,18700,CE,2021-10-22,12:36:59,12.6,12.6,12.1,12.3,0,0,18154.4
2021-10-22 12:37:59,NIFTY,28OCT21,18700,CE,2021-10-22,12:37:59,12.25,12.3,11.85,12.0,0,0,18146.15
2021-10-22 12:38:59,NIFTY,28OCT21,18700,CE,2021-10-22,12:38:59,11.9,12.15,11.9,12.1,0,0,18146.35
2021-10-22 12:39:59,NIFTY,28OCT21,18700,CE,2021-10-22,12:39:59,12.1,12.25,12.0,12.2,0,0,18153.9
2021-10-22 12:40:59,NIFTY,28OCT21,18700,CE,2021-10-22,12:40:59,12.2,12.3,12.0,12.2,0,0,18151.55
2021-10-22 12:41:59,NIFTY,28OCT21,18700,CE,2021-10-22,12:41:59,12.2,12.3,12.05,12.2,0,0,18148.7
2021-10-22 12:42:59,NIFTY,28OCT21,18700,CE,2021-10-22,12:42:59,12.25,12.25,11.7,12.0,0,0,18136.2
2021-10-22 12:43:59,NIFTY,28OCT21,18700,CE,2021-10-22,12:43:59,12.0,12.15,11.9,11.95,0,0,18142.65
2021-10-22 12:44:59,NIFTY,28OCT21,18700,CE,2021-10-22,12:44:59,11.95,12.1,11.75,11.9,0,0,18139.4
2021-10-22 12:45:59,NIFTY,28OCT21,18700,CE,2021-10-22,12:45:59,11.85,11.85,11.6,11.8,0,0,18148.1
2021-10-22 12:46:59,NIFTY,28OCT21,18700,CE,2021-10-22,12:46:59,11.8,12.0,11.7,11.95,0,0,18154.0
2021-10-22 12:47:59,NIFTY,28OCT21,18700,CE,2021-10-22,12:47:59,12.05,12.3,12.05,12.1,0,0,18158.2
2021-10-22 12:48:59,NIFTY,28OCT21,18700,CE,2021-10-22,12:48:59,12.1,12.3,12.0,12.05,0,0,18161.4
2021-10-22 12:49:59,NIFTY,28OCT21,18700,CE,2021-10-22,12:49:59,12.0,12.25,11.95,12.05,0,0,18160.5
2021-10-22 12:50:59,NIFTY,28OCT21,18700,CE,2021-10-22,12:50:59,12.1,12.15,11.65,11.95,0,0,18153.2
2021-10-22 12:51:59,NIFTY,28OCT21,18700,CE,2021-10-22,12:51:59,11.8,12.05,11.8,11.95,0,0,18153.7
2021-10-22 12:52:59,NIFTY,28OCT21,18700,CE,2021-10-22,12:52:59,11.95,11.95,11.55,11.6,0,0,18142.9
2021-10-22 12:53:59,NIFTY,28OCT21,18700,CE,2021-10-22,12:53:59,11.5,12.05,11.4,11.85,0,0,18152.2
2021-10-22 12:54:59,NIFTY,28OCT21,18700,CE,2021-10-22,12:54:59,11.95,12.35,11.9,12.25,0,0,18161.8
2021-10-22 12:55:59,NIFTY,28OCT21,18700,CE,2021-10-22,12:55:59,12.25,12.25,11.8,11.85,0,0,18152.5
2021-10-22 12:56:59,NIFTY,28OCT21,18700,CE,2021-10-22,12:56:59,11.9,12.05,11.55,11.65,0,0,18134.85
2021-10-22 12:57:59,NIFTY,28OCT21,18700,CE,2021-10-22,12:57:59,11.75,11.9,11.35,11.85,0,0,18126.7
2021-10-22 12:58:59,NIFTY,28OCT21,18700,CE,2021-10-22,12:58:59,11.9,12.0,11.7,11.85,0,0,18125.9
2021-10-22 12:59:59,NIFTY,28OCT21,18700,CE,2021-10-22,12:59:59,11.8,11.85,11.45,11.5,0,0,18111.8
2021-10-22 13:00:59,NIFTY,28OCT21,18700,CE,2021-10-22,13:00:59,11.5,11.75,11.15,11.5,0,0,18107.55
2021-10-22 13:01:59,NIFTY,28OCT21,18700,CE,2021-10-22,13:01:59,11.45,11.65,11.4,11.55,0,0,18109.15
2021-10-22 13:02:59,NIFTY,28OCT21,18700,CE,2021-10-22,13:02:59,11.5,11.6,11.0,11.2,0,0,18095.45
2021-10-22 13:03:59,NIFTY,28OCT21,18700,CE,2021-10-22,13:03:59,11.2,11.3,11.0,11.25,0,0,18103.4
2021-10-22 13:04:59,NIFTY,28OCT21,18700,CE,2021-10-22,13:04:59,11.3,11.3,10.9,11.1,0,0,18101.3
2021-10-22 13:05:59,NIFTY,28OCT21,18700,CE,2021-10-22,13:05:59,11.1,11.4,11.0,11.3,0,0,18112.3
2021-10-22 13:06:59,NIFTY,28OCT21,18700,CE,2021-10-22,13:06:59,11.3,11.45,11.15,11.25,0,0,18112.65
2021-10-22 13:07:59,NIFTY,28OCT21,18700,CE,2021-10-22,13:07:59,11.35,11.45,11.15,11.15,0,0,18107.9
2021-10-22 13:08:59,NIFTY,28OCT21,18700,CE,2021-10-22,13:08:59,11.2,11.3,11.0,11.1,0,0,18109.75
2021-10-22 13:09:59,NIFTY,28OCT21,18700,CE,2021-10-22,13:09:59,11.05,11.15,10.85,10.9,0,0,18099.95
2021-10-22 13:10:59,NIFTY,28OCT21,18700,CE,2021-10-22,13:10:59,10.9,11.05,10.65,11.05,0,0,18112.05
2021-10-22 13:11:59,NIFTY,28OCT21,18700,CE,2021-10-22,13:11:59,10.9,11.05,10.8,10.8,0,0,18115.35
2021-10-22 13:12:59,NIFTY,28OCT21,18700,CE,2021-10-22,13:12:59,10.85,11.1,10.8,10.9,0,0,18111.45
2021-10-22 13:13:59,NIFTY,28OCT21,18700,CE,2021-10-22,13:13:59,10.9,10.9,10.55,10.55,0,0,18098.25
2021-10-22 13:14:59,NIFTY,28OCT21,18700,CE,2021-10-22,13:14:59,10.55,10.75,10.4,10.55,0,0,18084.2
2021-10-22 13:15:59,NIFTY,28OCT21,18700,CE,2021-10-22,13:15:59,10.6,10.8,10.5,10.8,0,0,18082.3
2021-10-22 13:16:59,NIFTY,28OCT21,18700,CE,2021-10-22,13:16:59,10.8,11.1,10.7,10.95,0,0,18092.85
2021-10-22 13:17:59,NIFTY,28OCT21,18700,CE,2021-10-22,13:17:59,11.0,11.1,10.65,10.8,0,0,18079.2
2021-10-22 13:18:59,NIFTY,28OCT21,18700,CE,2021-10-22,13:18:59,10.75,10.85,10.55,10.7,0,0,18079.9
2021-10-22 13:19:59,NIFTY,28OCT21,18700,CE,2021-10-22,13:19:59,10.75,10.8,10.35,10.7,0,0,18070.85
2021-10-22 13:20:59,NIFTY,28OCT21,18700,CE,2021-10-22,13:20:59,10.7,10.95,10.7,10.8,0,0,18077.7
2021-10-22 13:21:59,NIFTY,28OCT21,18700,CE,2021-10-22,13:21:59,10.75,10.95,10.7,10.85,0,0,18095.9
2021-10-22 13:22:59,NIFTY,28OCT21,18700,CE,2021-10-22,13:22:59,10.85,10.9,10.7,10.7,0,0,18101.5
2021-10-22 13:23:59,NIFTY,28OCT21,18700,CE,2021-10-22,13:23:59,10.7,10.8,10.65,10.75,0,0,18103.8
2021-10-22 13:24:59,NIFTY,28OCT21,18700,CE,2021-10-22,13:24:59,10.7,10.85,10.7,10.75,0,0,18101.55
2021-10-22 13:25:59,NIFTY,28OCT21,18700,CE,2021-10-22,13:25:59,10.75,11.05,10.6,10.9,0,0,18087.65
2021-10-22 13:26:59,NIFTY,28OCT21,18700,CE,2021-10-22,13:26:59,10.75,10.95,10.7,10.85,0,0,18086.75
2021-10-22 13:27:59,NIFTY,28OCT21,18700,CE,2021-10-22,13:27:59,10.8,10.9,10.7,10.7,0,0,18084.25
2021-10-22 13:28:59,NIFTY,28OCT21,18700,CE,2021-10-22,13:28:59,10.7,10.85,10.7,10.75,0,0,18084.1
2021-10-22 13:29:59,NIFTY,28OCT21,18700,CE,2021-10-22,13:29:59,10.8,11.0,10.7,10.9,0,0,18090.2
2021-10-22 13:30:59,NIFTY,28OCT21,18700,CE,2021-10-22,13:30:59,10.8,10.9,10.65,10.7,0,0,18084.0
2021-10-22 13:31:59,NIFTY,28OCT21,18700,CE,2021-10-22,13:31:59,10.65,10.65,10.4,10.4,0,0,18073.65
2021-10-22 13:32:59,NIFTY,28OCT21,18700,CE,2021-10-22,13:32:59,10.4,10.6,10.3,10.6,0,0,18072.75
2021-10-22 13:33:59,NIFTY,28OCT21,18700,CE,2021-10-22,13:33:59,10.55,10.7,10.4,10.55,0,0,18068.05
2021-10-22 13:34:59,NIFTY,28OCT21,18700,CE,2021-10-22,13:34:59,10.5,10.7,10.35,10.45,0,0,18069.2
2021-10-22 13:35:59,NIFTY,28OCT21,18700,CE,2021-10-22,13:35:59,10.35,10.6,10.3,10.5,0,0,18071.85
2021-10-22 13:36:59,NIFTY,28OCT21,18700,CE,2021-10-22,13:36:59,10.55,10.8,10.45,10.8,0,0,18083.75
2021-10-22 13:37:59,NIFTY,28OCT21,18700,CE,2021-10-22,13:37:59,10.7,10.8,10.55,10.6,0,0,18079.9
2021-10-22 13:38:59,NIFTY,28OCT21,18700,CE,2021-10-22,13:38:59,10.6,10.75,10.35,10.4,0,0,18074.4
2021-10-22 13:39:59,NIFTY,28OCT21,18700,CE,2021-10-22,13:39:59,10.4,10.4,10.25,10.4,0,0,18076.25
2021-10-22 13:40:59,NIFTY,28OCT21,18700,CE,2021-10-22,13:40:59,10.35,10.4,10.2,10.4,0,0,18073.05
2021-10-22 13:41:59,NIFTY,28OCT21,18700,CE,2021-10-22,13:41:59,10.35,10.75,10.35,10.7,0,0,18078.85
2021-10-22 13:42:59,NIFTY,28OCT21,18700,CE,2021-10-22,13:42:59,10.65,10.85,10.6,10.7,0,0,18086.35
2021-10-22 13:43:59,NIFTY,28OCT21,18700,CE,2021-10-22,13:43:59,10.7,10.9,10.65,10.9,0,0,18094.35
2021-10-22 13:44:59,NIFTY,28OCT21,18700,CE,2021-10-22,13:44:59,10.95,11.15,10.85,10.85,0,0,18099.9
2021-10-22 13:45:59,NIFTY,28OCT21,18700,CE,2021-10-22,13:45:59,10.9,11.45,10.85,11.45,0,0,18114.6
2021-10-22 13:46:59,NIFTY,28OCT21,18700,CE,2021-10-22,13:46:59,11.4,11.45,11.15,11.25,0,0,18115.45
2021-10-22 13:47:59,NIFTY,28OCT21,18700,CE,2021-10-22,13:47:59,11.3,11.4,11.1,11.1,0,0,18112.35
2021-10-22 13:48:59,NIFTY,28OCT21,18700,CE,2021-10-22,13:48:59,11.15,11.15,10.75,10.95,0,0,18105.4
2021-10-22 13:49:59,NIFTY,28OCT21,18700,CE,2021-10-22,13:49:59,10.95,11.0,10.65,10.95,0,0,18104.7
2021-10-22 13:50:59,NIFTY,28OCT21,18700,CE,2021-10-22,13:50:59,10.95,11.0,10.65,10.7,0,0,18097.3
2021-10-22 13:51:59,NIFTY,28OCT21,18700,CE,2021-10-22,13:51:59,10.75,10.8,10.55,10.65,0,0,18087.85
2021-10-22 13:52:59,NIFTY,28OCT21,18700,CE,2021-10-22,13:52:59,10.7,10.75,10.5,10.5,0,0,18087.4
2021-10-22 13:53:59,NIFTY,28OCT21,18700,CE,2021-10-22,13:53:59,10.45,10.5,10.2,10.4,0,0,18076.15
2021-10-22 13:54:59,NIFTY,28OCT21,18700,CE,2021-10-22,13:54:59,10.45,10.6,10.4,10.45,0,0,18084.1
2021-10-22 13:55:59,NIFTY,28OCT21,18700,CE,2021-10-22,13:55:59,10.45,10.5,10.35,10.45,0,0,18078.7
2021-10-22 13:56:59,NIFTY,28OCT21,18700,CE,2021-10-22,13:56:59,10.45,10.55,10.35,10.4,0,0,18072.9
2021-10-22 13:57:59,NIFTY,28OCT21,18700,CE,2021-10-22,13:57:59,10.4,10.5,10.4,10.4,0,0,18079.9
2021-10-22 13:58:59,NIFTY,28OCT21,18700,CE,2021-10-22,13:58:59,10.4,10.65,10.4,10.6,0,0,18089.55
2021-10-22 13:59:59,NIFTY,28OCT21,18700,CE,2021-10-22,13:59:59,10.65,10.7,10.5,10.7,0,0,18092.4
2021-10-22 14:00:59,NIFTY,28OCT21,18700,CE,2021-10-22,14:00:59,10.7,10.7,10.45,10.7,0,0,18098.55
2021-10-22 14:01:59,NIFTY,28OCT21,18700,CE,2021-10-22,14:01:59,10.65,10.75,10.45,10.7,0,0,18106.25
2021-10-22 14:02:59,NIFTY,28OCT21,18700,CE,2021-10-22,14:02:59,10.65,11.0,10.65,10.8,0,0,18112.55
2021-10-22 14:03:59,NIFTY,28OCT21,18700,CE,2021-10-22,14:03:59,10.85,10.9,10.65,10.75,0,0,18111.2
2021-10-22 14:04:59,NIFTY,28OCT21,18700,CE,2021-10-22,14:04:59,10.75,10.8,10.4,10.4,0,0,18101.6
2021-10-22 14:05:59,NIFTY,28OCT21,18700,CE,2021-10-22,14:05:59,10.45,10.7,10.35,10.7,0,0,18103.9
2021-10-22 14:06:59,NIFTY,28OCT21,18700,CE,2021-10-22,14:06:59,10.7,10.7,10.4,10.45,0,0,18089.75
2021-10-22 14:07:59,NIFTY,28OCT21,18700,CE,2021-10-22,14:07:59,10.4,10.6,10.4,10.6,0,0,18089.2
2021-10-22 14:08:59,NIFTY,28OCT21,18700,CE,2021-10-22,14:08:59,10.65,11.0,10.65,10.95,0,0,18110.15
2021-10-22 14:09:59,NIFTY,28OCT21,18700,CE,2021-10-22,14:09:59,11.05,11.45,10.75,11.4,0,0,18119.65
2021-10-22 14:10:59,NIFTY,28OCT21,18700,CE,2021-10-22,14:10:59,11.3,12.8,11.3,12.45,0,0,18137.35
2021-10-22 14:11:59,NIFTY,28OCT21,18700,CE,2021-10-22,14:11:59,12.55,12.55,12.05,12.4,0,0,18141.85
2021-10-22 14:12:59,NIFTY,28OCT21,18700,CE,2021-10-22,14:12:59,12.4,12.65,12.05,12.05,0,0,18143.75
2021-10-22 14:13:59,NIFTY,28OCT21,18700,CE,2021-10-22,14:13:59,12.1,12.5,12.05,12.05,0,0,18142.0
2021-10-22 14:14:59,NIFTY,28OCT21,18700,CE,2021-10-22,14:14:59,12.1,12.35,11.95,12.25,0,0,18142.1
2021-10-22 14:15:59,NIFTY,28OCT21,18700,CE,2021-10-22,14:15:59,12.3,12.6,11.9,12.05,0,0,18134.7
2021-10-22 14:16:59,NIFTY,28OCT21,18700,CE,2021-10-22,14:16:59,12.15,12.3,11.2,11.3,0,0,18121.55
2021-10-22 14:17:59,NIFTY,28OCT21,18700,CE,2021-10-22,14:17:59,11.35,11.7,11.2,11.55,0,0,18126.6
2021-10-22 14:18:59,NIFTY,28OCT21,18700,CE,2021-10-22,14:18:59,11.5,11.75,11.35,11.5,0,0,18127.15
2021-10-22 14:19:59,NIFTY,28OCT21,18700,CE,2021-10-22,14:19:59,11.6,11.8,11.4,11.7,0,0,18128.75
2021-10-22 14:20:59,NIFTY,28OCT21,18700,CE,2021-10-22,14:20:59,11.75,11.95,11.55,11.6,0,0,18120.0
2021-10-22 14:21:59,NIFTY,28OCT21,18700,CE,2021-10-22,14:21:59,11.6,11.7,10.95,11.05,0,0,18107.4
2021-10-22 14:22:59,NIFTY,28OCT21,18700,CE,2021-10-22,14:22:59,11.15,11.15,10.6,10.9,0,0,18093.5
2021-10-22 14:23:59,NIFTY,28OCT21,18700,CE,2021-10-22,14:23:59,10.95,10.95,10.6,10.7,0,0,18081.85
2021-10-22 14:24:59,NIFTY,28OCT21,18700,CE,2021-10-22,14:24:59,10.65,10.9,10.5,10.9,0,0,18074.2
2021-10-22 14:25:59,NIFTY,28OCT21,18700,CE,2021-10-22,14:25:59,10.9,10.9,10.4,10.7,0,0,18048.1
2021-10-22 14:26:59,NIFTY,28OCT21,18700,CE,2021-10-22,14:26:59,10.6,10.7,10.35,10.6,0,0,18036.95
2021-10-22 14:27:59,NIFTY,28OCT21,18700,CE,2021-10-22,14:27:59,10.55,10.95,10.45,10.8,0,0,18046.1
2021-10-22 14:28:59,NIFTY,28OCT21,18700,CE,2021-10-22,14:28:59,10.85,11.0,10.7,11.0,0,0,18049.1
2021-10-22 14:29:59,NIFTY,28OCT21,18700,CE,2021-10-22,14:29:59,10.95,11.25,10.9,11.2,0,0,18064.8
2021-10-22 14:30:59,NIFTY,28OCT21,18700,CE,2021-10-22,14:30:59,11.25,11.6,10.9,10.9,0,0,18055.9
2021-10-22 14:31:59,NIFTY,28OCT21,18700,CE,2021-10-22,14:31:59,11.0,11.35,10.95,11.3,0,0,18073.6
2021-10-22 14:32:59,NIFTY,28OCT21,18700,CE,2021-10-22,14:32:59,11.3,11.3,10.85,10.85,0,0,18074.5
2021-10-22 14:33:59,NIFTY,28OCT21,18700,CE,2021-10-22,14:33:59,10.95,10.95,10.7,10.8,0,0,18077.8
2021-10-22 14:34:59,NIFTY,28OCT21,18700,CE,2021-10-22,14:34:59,10.9,11.2,10.85,10.95,0,0,18087.0
2021-10-22 14:35:59,NIFTY,28OCT21,18700,CE,2021-10-22,14:35:59,10.95,11.1,10.8,10.8,0,0,18090.0
2021-10-22 14:36:59,NIFTY,28OCT21,18700,CE,2021-10-22,14:36:59,10.8,10.8,10.45,10.45,0,0,18073.65
2021-10-22 14:37:59,NIFTY,28OCT21,18700,CE,2021-10-22,14:37:59,10.5,10.5,10.25,10.3,0,0,18068.4
2021-10-22 14:38:59,NIFTY,28OCT21,18700,CE,2021-10-22,14:38:59,10.3,10.4,10.15,10.3,0,0,18060.25
2021-10-22 14:39:59,NIFTY,28OCT21,18700,CE,2021-10-22,14:39:59,10.25,10.3,10.1,10.3,0,0,18068.9
2021-10-22 14:40:59,NIFTY,28OCT21,18700,CE,2021-10-22,14:40:59,10.3,10.3,10.15,10.25,0,0,18078.2
2021-10-22 14:41:59,NIFTY,28OCT21,18700,CE,2021-10-22,14:41:59,10.2,10.25,10.0,10.2,0,0,18073.95
2021-10-22 14:42:59,NIFTY,28OCT21,18700,CE,2021-10-22,14:42:59,10.2,10.3,10.1,10.2,0,0,18087.65
2021-10-22 14:43:59,NIFTY,28OCT21,18700,CE,2021-10-22,14:43:59,10.2,10.85,10.15,10.8,0,0,18099.85
2021-10-22 14:44:59,NIFTY,28OCT21,18700,CE,2021-10-22,14:44:59,10.7,10.7,10.35,10.35,0,0,18093.1
2021-10-22 14:45:59,NIFTY,28OCT21,18700,CE,2021-10-22,14:45:59,10.35,10.6,10.3,10.4,0,0,18106.6
2021-10-22 14:46:59,NIFTY,28OCT21,18700,CE,2021-10-22,14:46:59,10.4,10.5,10.2,10.2,0,0,18090.35
2021-10-22 14:47:59,NIFTY,28OCT21,18700,CE,2021-10-22,14:47:59,10.2,10.2,10.0,10.05,0,0,18096.4
2021-10-22 14:48:59,NIFTY,28OCT21,18700,CE,2021-10-22,14:48:59,10.1,10.15,10.0,10.05,0,0,18093.4
2021-10-22 14:49:59,NIFTY,28OCT21,18700,CE,2021-10-22,14:49:59,10.1,10.4,10.0,10.3,0,0,18106.95
2021-10-22 14:50:59,NIFTY,28OCT21,18700,CE,2021-10-22,14:50:59,10.25,10.45,10.25,10.35,0,0,18099.75
2021-10-22 14:51:59,NIFTY,28OCT21,18700,CE,2021-10-22,14:51:59,10.35,10.45,10.25,10.3,0,0,18106.15
2021-10-22 14:52:59,NIFTY,28OCT21,18700,CE,2021-10-22,14:52:59,10.4,10.8,10.35,10.7,0,0,18120.55
2021-10-22 14:53:59,NIFTY,28OCT21,18700,CE,2021-10-22,14:53:59,10.7,10.95,10.65,10.65,0,0,18123.4
2021-10-22 14:54:59,NIFTY,28OCT21,18700,CE,2021-10-22,14:54:59,10.7,10.95,10.6,10.7,0,0,18127.65
2021-10-22 14:55:59,NIFTY,28OCT21,18700,CE,2021-10-22,14:55:59,10.8,10.9,10.5,10.5,0,0,18127.05
2021-10-22 14:56:59,NIFTY,28OCT21,18700,CE,2021-10-22,14:56:59,10.4,10.5,10.2,10.2,0,0,18105.5
2021-10-22 14:57:59,NIFTY,28OCT21,18700,CE,2021-10-22,14:57:59,10.1,10.3,10.05,10.15,0,0,18107.15
2021-10-22 14:58:59,NIFTY,28OCT21,18700,CE,2021-10-22,14:58:59,10.25,10.25,9.9,10.05,0,0,18100.4
2021-10-22 14:59:59,NIFTY,28OCT21,18700,CE,2021-10-22,14:59:59,10.1,10.2,10.0,10.0,0,0,18101.7
2021-10-22 15:00:59,NIFTY,28OCT21,18700,CE,2021-10-22,15:00:59,10.0,10.15,9.9,10.05,0,0,18097.35
2021-10-22 15:01:59,NIFTY,28OCT21,18700,CE,2021-10-22,15:01:59,10.0,10.05,9.85,10.0,0,0,18093.2
2021-10-22 15:02:59,NIFTY,28OCT21,18700,CE,2021-10-22,15:02:59,9.95,10.7,9.9,10.55,0,0,18117.85
2021-10-22 15:03:59,NIFTY,28OCT21,18700,CE,2021-10-22,15:03:59,10.55,11.35,10.55,10.85,0,0,18124.6
2021-10-22 15:04:59,NIFTY,28OCT21,18700,CE,2021-10-22,15:04:59,10.8,11.25,10.45,11.25,0,0,18130.4
2021-10-22 15:05:59,NIFTY,28OCT21,18700,CE,2021-10-22,15:05:59,11.25,11.45,10.95,10.95,0,0,18126.05
2021-10-22 15:06:59,NIFTY,28OCT21,18700,CE,2021-10-22,15:06:59,10.95,11.3,10.95,11.15,0,0,18126.15
2021-10-22 15:07:59,NIFTY,28OCT21,18700,CE,2021-10-22,15:07:59,11.15,11.3,10.95,11.05,0,0,18126.55
2021-10-22 15:08:59,NIFTY,28OCT21,18700,CE,2021-10-22,15:08:59,11.05,11.15,10.9,10.95,0,0,18124.8
2021-10-22 15:09:59,NIFTY,28OCT21,18700,CE,2021-10-22,15:09:59,10.95,11.1,10.75,10.75,0,0,18122.75
2021-10-22 15:10:59,NIFTY,28OCT21,18700,CE,2021-10-22,15:10:59,10.65,10.95,10.6,10.6,0,0,18118.4
2021-10-22 15:11:59,NIFTY,28OCT21,18700,CE,2021-10-22,15:11:59,10.65,10.8,10.55,10.55,0,0,18117.0
2021-10-22 15:12:59,NIFTY,28OCT21,18700,CE,2021-10-22,15:12:59,10.55,10.65,10.2,10.35,0,0,18111.3
2021-10-22 15:13:59,NIFTY,28OCT21,18700,CE,2021-10-22,15:13:59,10.35,10.6,10.25,10.35,0,0,18113.8
2021-10-22 15:14:59,NIFTY,28OCT21,18700,CE,2021-10-22,15:14:59,10.4,10.8,10.35,10.8,0,0,18124.5
2021-10-22 15:15:59,NIFTY,28OCT21,18700,CE,2021-10-22,15:15:59,10.75,10.9,10.4,10.5,0,0,18119.1
2021-10-22 15:16:59,NIFTY,28OCT21,18700,CE,2021-10-22,15:16:59,10.65,10.65,10.5,10.55,0,0,18118.9
2021-10-22 15:17:59,NIFTY,28OCT21,18700,CE,2021-10-22,15:17:59,10.45,10.55,10.4,10.5,0,0,18115.8
2021-10-22 15:18:59,NIFTY,28OCT21,18700,CE,2021-10-22,15:18:59,10.6,10.6,10.25,10.5,0,0,18107.35
2021-10-22 15:19:59,NIFTY,28OCT21,18700,CE,2021-10-22,15:19:59,10.5,10.6,10.35,10.35,0,0,18107.0
2021-10-22 15:20:59,NIFTY,28OCT21,18700,CE,2021-10-22,15:20:59,10.35,10.65,10.35,10.55,0,0,18104.0
2021-10-22 15:21:59,NIFTY,28OCT21,18700,CE,2021-10-22,15:21:59,10.5,10.7,10.5,10.7,0,0,18101.2
2021-10-22 15:22:59,NIFTY,28OCT21,18700,CE,2021-10-22,15:22:59,10.65,10.75,10.4,10.4,0,0,18103.0
2021-10-22 15:23:59,NIFTY,28OCT21,18700,CE,2021-10-22,15:23:59,10.45,10.7,10.45,10.55,0,0,18109.25
2021-10-22 15:24:59,NIFTY,28OCT21,18700,CE,2021-10-22,15:24:59,10.6,10.75,10.55,10.7,0,0,18115.85
2021-10-22 15:25:59,NIFTY,28OCT21,18700,CE,2021-10-22,15:25:59,10.7,10.75,10.5,10.55,0,0,18119.2
2021-10-22 15:26:59,NIFTY,28OCT21,18700,CE,2021-10-22,15:26:59,10.45,10.55,10.35,10.5,0,0,18120.3
2021-10-22 15:27:59,NIFTY,28OCT21,18700,CE,2021-10-22,15:27:59,10.45,10.6,10.4,10.45,0,0,18118.65
2021-10-22 15:28:59,NIFTY,28OCT21,18700,CE,2021-10-22,15:28:59,10.6,10.6,10.4,10.55,0,0,18113.1
2021-10-22 15:29:59,NIFTY,28OCT21,18700,CE,2021-10-22,15:29:59,10.5,10.95,10.4,10.65,0,0,18111.5
2021-10-25 09:15:59,NIFTY,28OCT21,18700,CE,2021-10-25,09:15:59,14.95,14.95,9.45,9.55,0,0,18187.55
2021-10-25 09:16:59,NIFTY,28OCT21,18700,CE,2021-10-25,09:16:59,9.45,9.9,9.05,9.2,0,0,18148.9
2021-10-25 09:17:59,NIFTY,28OCT21,18700,CE,2021-10-25,09:17:59,9.05,9.1,8.1,8.15,0,0,18119.7
2021-10-25 09:18:59,NIFTY,28OCT21,18700,CE,2021-10-25,09:18:59,8.25,8.8,7.85,8.75,0,0,18098.4
2021-10-25 09:19:59,NIFTY,28OCT21,18700,CE,2021-10-25,09:19:59,8.6,9.25,8.6,9.25,0,0,18110.2
2021-10-25 09:20:59,NIFTY,28OCT21,18700,CE,2021-10-25,09:20:59,9.3,10.15,9.05,9.55,0,0,18109.3
2021-10-25 09:21:59,NIFTY,28OCT21,18700,CE,2021-10-25,09:21:59,9.7,9.95,9.2,9.35,0,0,18115.0
2021-10-25 09:22:59,NIFTY,28OCT21,18700,CE,2021-10-25,09:22:59,9.25,9.45,9.15,9.2,0,0,18110.4
2021-10-25 09:23:59,NIFTY,28OCT21,18700,CE,2021-10-25,09:23:59,9.2,9.3,8.7,8.7,0,0,18085.8
2021-10-25 09:24:59,NIFTY,28OCT21,18700,CE,2021-10-25,09:24:59,8.7,8.75,8.55,8.6,0,0,18079.35
2021-10-25 09:25:59,NIFTY,28OCT21,18700,CE,2021-10-25,09:25:59,8.65,8.8,8.55,8.65,0,0,18092.5
2021-10-25 09:26:59,NIFTY,28OCT21,18700,CE,2021-10-25,09:26:59,8.65,8.8,8.65,8.7,0,0,18079.75
2021-10-25 09:27:59,NIFTY,28OCT21,18700,CE,2021-10-25,09:27:59,8.75,8.75,8.5,8.65,0,0,18064.3
2021-10-25 09:28:59,NIFTY,28OCT21,18700,CE,2021-10-25,09:28:59,8.6,8.65,8.45,8.5,0,0,18068.9
2021-10-25 09:29:59,NIFTY,28OCT21,18700,CE,2021-10-25,09:29:59,8.6,8.75,8.55,8.7,0,0,18081.15
2021-10-25 09:30:59,NIFTY,28OCT21,18700,CE,2021-10-25,09:30:59,8.65,8.75,8.45,8.55,0,0,18066.5
2021-10-25 09:31:59,NIFTY,28OCT21,18700,CE,2021-10-25,09:31:59,8.55,8.8,8.5,8.75,0,0,18060.15
2021-10-25 09:32:59,NIFTY,28OCT21,18700,CE,2021-10-25,09:32:59,8.75,8.8,8.65,8.65,0,0,18054.55
2021-10-25 09:33:59,NIFTY,28OCT21,18700,CE,2021-10-25,09:33:59,8.65,8.8,8.6,8.8,0,0,18065.7
2021-10-25 09:34:59,NIFTY,28OCT21,18700,CE,2021-10-25,09:34:59,8.75,8.85,8.65,8.75,0,0,18078.4
2021-10-25 09:35:59,NIFTY,28OCT21,18700,CE,2021-10-25,09:35:59,8.7,8.85,8.6,8.65,0,0,18070.4
2021-10-25 09:36:59,NIFTY,28OCT21,18700,CE,2021-10-25,09:36:59,8.6,8.6,8.15,8.2,0,0,18070.1
2021-10-25 09:37:59,NIFTY,28OCT21,18700,CE,2021-10-25,09:37:59,8.25,8.25,7.4,7.4,0,0,18078.55
2021-10-25 09:38:59,NIFTY,28OCT21,18700,CE,2021-10-25,09:38:59,7.4,7.75,7.4,7.75,0,0,18094.5
2021-10-25 09:39:59,NIFTY,28OCT21,18700,CE,2021-10-25,09:39:59,7.75,7.8,7.7,7.75,0,0,18079.95
2021-10-25 09:40:59,NIFTY,28OCT21,18700,CE,2021-10-25,09:40:59,7.75,7.8,7.65,7.8,0,0,18082.1
2021-10-25 09:41:59,NIFTY,28OCT21,18700,CE,2021-10-25,09:41:59,7.8,7.8,7.65,7.65,0,0,18076.85
2021-10-25 09:42:59,NIFTY,28OCT21,18700,CE,2021-10-25,09:42:59,7.7,7.75,7.45,7.45,0,0,18063.1
2021-10-25 09:43:59,NIFTY,28OCT21,18700,CE,2021-10-25,09:43:59,7.5,7.6,7.35,7.45,0,0,18058.1
2021-10-25 09:44:59,NIFTY,28OCT21,18700,CE,2021-10-25,09:44:59,7.5,7.55,7.3,7.45,0,0,18058.05
2021-10-25 09:45:59,NIFTY,28OCT21,18700,CE,2021-10-25,09:45:59,7.5,7.5,7.15,7.2,0,0,18045.15
2021-10-25 09:46:59,NIFTY,28OCT21,18700,CE,2021-10-25,09:46:59,7.2,7.3,6.85,6.9,0,0,18026.75
2021-10-25 09:47:59,NIFTY,28OCT21,18700,CE,2021-10-25,09:47:59,6.9,7.0,6.7,6.75,0,0,18019.8
2021-10-25 09:48:59,NIFTY,28OCT21,18700,CE,2021-10-25,09:48:59,6.8,6.8,6.65,6.7,0,0,17997.4
2021-10-25 09:49:59,NIFTY,28OCT21,18700,CE,2021-10-25,09:49:59,6.7,7.05,6.7,6.95,0,0,17998.1
2021-10-25 09:50:59,NIFTY,28OCT21,18700,CE,2021-10-25,09:50:59,6.95,7.2,6.9,7.15,0,0,17990.15
2021-10-25 09:51:59,NIFTY,28OCT21,18700,CE,2021-10-25,09:51:59,7.15,7.3,7.15,7.3,0,0,18008.0
2021-10-25 09:52:59,NIFTY,28OCT21,18700,CE,2021-10-25,09:52:59,7.25,7.55,7.25,7.55,0,0,18001.0
2021-10-25 09:53:59,NIFTY,28OCT21,18700,CE,2021-10-25,09:53:59,7.55,7.85,7.5,7.8,0,0,18005.9
2021-10-25 09:54:59,NIFTY,28OCT21,18700,CE,2021-10-25,09:54:59,7.8,7.95,7.75,7.9,0,0,18016.05
2021-10-25 09:55:59,NIFTY,28OCT21,18700,CE,2021-10-25,09:55:59,7.9,7.95,7.75,7.85,0,0,18027.9
2021-10-25 09:56:59,NIFTY,28OCT21,18700,CE,2021-10-25,09:56:59,7.85,7.9,7.8,7.85,0,0,18022.65
2021-10-25 09:57:59,NIFTY,28OCT21,18700,CE,2021-10-25,09:57:59,7.85,7.9,7.7,7.85,0,0,18020.0
2021-10-25 09:58:59,NIFTY,28OCT21,18700,CE,2021-10-25,09:58:59,7.8,7.8,7.4,7.45,0,0,17988.55
2021-10-25 09:59:59,NIFTY,28OCT21,18700,CE,2021-10-25,09:59:59,7.45,7.55,7.35,7.5,0,0,17985.2
2021-10-25 10:00:59,NIFTY,28OCT21,18700,CE,2021-10-25,10:00:59,7.55,7.6,7.5,7.55,0,0,17971.05
2021-10-25 10:01:59,NIFTY,28OCT21,18700,CE,2021-10-25,10:01:59,7.55,7.75,7.55,7.7,0,0,17993.85
2021-10-25 10:02:59,NIFTY,28OCT21,18700,CE,2021-10-25,10:02:59,7.75,8.05,7.7,8.05,0,0,17992.6
2021-10-25 10:03:59,NIFTY,28OCT21,18700,CE,2021-10-25,10:03:59,8.05,8.1,7.9,7.95,0,0,17990.8
2021-10-25 10:04:59,NIFTY,28OCT21,18700,CE,2021-10-25,10:04:59,7.9,8.05,7.9,7.95,0,0,17997.05
2021-10-25 10:05:59,NIFTY,28OCT21,18700,CE,2021-10-25,10:05:59,7.95,8.15,7.9,8.1,0,0,18004.4
2021-10-25 10:06:59,NIFTY,28OCT21,18700,CE,2021-10-25,10:06:59,8.1,8.15,7.95,8.0,0,0,18013.55
2021-10-25 10:07:59,NIFTY,28OCT21,18700,CE,2021-10-25,10:07:59,7.95,8.0,7.85,7.9,0,0,18014.85
2021-10-25 10:08:59,NIFTY,28OCT21,18700,CE,2021-10-25,10:08:59,7.85,8.0,7.8,7.85,0,0,18005.15
2021-10-25 10:09:59,NIFTY,28OCT21,18700,CE,2021-10-25,10:09:59,7.8,7.85,7.7,7.75,0,0,17995.3
2021-10-25 10:10:59,NIFTY,28OCT21,18700,CE,2021-10-25,10:10:59,7.75,7.95,7.75,7.85,0,0,18000.6
2021-10-25 10:11:59,NIFTY,28OCT21,18700,CE,2021-10-25,10:11:59,7.85,7.95,7.8,7.9,0,0,17992.55
2021-10-25 10:12:59,NIFTY,28OCT21,18700,CE,2021-10-25,10:12:59,7.9,7.95,7.8,7.95,0,0,18011.65
2021-10-25 10:13:59,NIFTY,28OCT21,18700,CE,2021-10-25,10:13:59,7.9,7.95,7.8,7.85,0,0,18003.65
2021-10-25 10:14:59,NIFTY,28OCT21,18700,CE,2021-10-25,10:14:59,7.85,7.9,7.8,7.9,0,0,18009.0
2021-10-25 10:15:59,NIFTY,28OCT21,18700,CE,2021-10-25,10:15:59,7.9,7.95,7.85,7.95,0,0,18011.1
2021-10-25 10:16:59,NIFTY,28OCT21,18700,CE,2021-10-25,10:16:59,7.95,7.95,7.85,7.9,0,0,18003.9
2021-10-25 10:17:59,NIFTY,28OCT21,18700,CE,2021-10-25,10:17:59,7.9,8.0,7.9,7.95,0,0,18006.85
2021-10-25 10:18:59,NIFTY,28OCT21,18700,CE,2021-10-25,10:18:59,8.0,8.05,7.75,7.8,0,0,17993.75
2021-10-25 10:19:59,NIFTY,28OCT21,18700,CE,2021-10-25,10:19:59,7.8,8.05,7.75,8.0,0,0,18013.35
2021-10-25 10:20:59,NIFTY,28OCT21,18700,CE,2021-10-25,10:20:59,8.0,8.35,7.95,8.3,0,0,18022.65
2021-10-25 10:21:59,NIFTY,28OCT21,18700,CE,2021-10-25,10:21:59,8.3,8.7,8.3,8.5,0,0,18038.65
2021-10-25 10:22:59,NIFTY,28OCT21,18700,CE,2021-10-25,10:22:59,8.5,8.55,8.4,8.4,0,0,18036.1
2021-10-25 10:23:59,NIFTY,28OCT21,18700,CE,2021-10-25,10:23:59,8.4,8.65,8.4,8.45,0,0,18033.45
2021-10-25 10:24:59,NIFTY,28OCT21,18700,CE,2021-10-25,10:24:59,8.45,8.45,8.15,8.25,0,0,18028.5
2021-10-25 10:25:59,NIFTY,28OCT21,18700,CE,2021-10-25,10:25:59,8.25,8.3,8.05,8.1,0,0,18014.3
2021-10-25 10:26:59,NIFTY,28OCT21,18700,CE,2021-10-25,10:26:59,8.1,8.1,7.7,7.75,0,0,18003.25
2021-10-25 10:27:59,NIFTY,28OCT21,18700,CE,2021-10-25,10:27:59,7.7,7.85,7.7,7.85,0,0,18005.25
2021-10-25 10:28:59,NIFTY,28OCT21,18700,CE,2021-10-25,10:28:59,7.8,8.0,7.8,8.0,0,0,18025.8
2021-10-25 10:29:59,NIFTY,28OCT21,18700,CE,2021-10-25,10:29:59,7.95,8.25,7.95,8.2,0,0,18021.5
2021-10-25 10:30:59,NIFTY,28OCT21,18700,CE,2021-10-25,10:30:59,8.1,8.2,8.0,8.15,0,0,18012.6
2021-10-25 10:31:59,NIFTY,28OCT21,18700,CE,2021-10-25,10:31:59,8.15,8.3,8.1,8.25,0,0,18015.05
2021-10-25 10:32:59,NIFTY,28OCT21,18700,CE,2021-10-25,10:32:59,8.25,8.35,8.15,8.25,0,0,18039.25
2021-10-25 10:33:59,NIFTY,28OCT21,18700,CE,2021-10-25,10:33:59,8.2,8.3,8.1,8.25,0,0,18046.9
2021-10-25 10:34:59,NIFTY,28OCT21,18700,CE,2021-10-25,10:34:59,8.35,8.45,8.15,8.15,0,0,18052.9
2021-10-25 10:35:59,NIFTY,28OCT21,18700,CE,2021-10-25,10:35:59,8.15,8.25,8.1,8.15,0,0,18049.8
2021-10-25 10:36:59,NIFTY,28OCT21,18700,CE,2021-10-25,10:36:59,8.1,8.15,8.0,8.05,0,0,18056.85
2021-10-25 10:37:59,NIFTY,28OCT21,18700,CE,2021-10-25,10:37:59,8.05,8.15,8.0,8.15,0,0,18061.25
2021-10-25 10:38:59,NIFTY,28OCT21,18700,CE,2021-10-25,10:38:59,8.1,8.1,8.0,8.05,0,0,18067.9
2021-10-25 10:39:59,NIFTY,28OCT21,18700,CE,2021-10-25,10:39:59,8.0,8.15,7.95,8.1,0,0,18075.65
2021-10-25 10:40:59,NIFTY,28OCT21,18700,CE,2021-10-25,10:40:59,8.1,8.1,7.9,7.9,0,0,18075.0
2021-10-25 10:41:59,NIFTY,28OCT21,18700,CE,2021-10-25,10:41:59,7.95,7.95,7.6,7.75,0,0,18067.4
2021-10-25 10:42:59,NIFTY,28OCT21,18700,CE,2021-10-25,10:42:59,7.75,7.75,7.5,7.65,0,0,18070.15
2021-10-25 10:43:59,NIFTY,28OCT21,18700,CE,2021-10-25,10:43:59,7.65,7.75,7.6,7.65,0,0,18082.3
2021-10-25 10:44:59,NIFTY,28OCT21,18700,CE,2021-10-25,10:44:59,7.65,7.85,7.6,7.65,0,0,18088.8
2021-10-25 10:45:59,NIFTY,28OCT21,18700,CE,2021-10-25,10:45:59,7.75,7.95,7.75,7.85,0,0,18092.0
2021-10-25 10:46:59,NIFTY,28OCT21,18700,CE,2021-10-25,10:46:59,7.85,8.0,7.85,7.9,0,0,18094.15
2021-10-25 10:47:59,NIFTY,28OCT21,18700,CE,2021-10-25,10:47:59,7.9,8.25,7.9,8.2,0,0,18104.2
2021-10-25 10:48:59,NIFTY,28OCT21,18700,CE,2021-10-25,10:48:59,8.2,8.3,8.1,8.25,0,0,18099.15
2021-10-25 10:49:59,NIFTY,28OCT21,18700,CE,2021-10-25,10:49:59,8.25,8.3,8.1,8.1,0,0,18104.15
2021-10-25 10:50:59,NIFTY,28OCT21,18700,CE,2021-10-25,10:50:59,8.15,8.15,7.6,7.7,0,0,18077.1
2021-10-25 10:51:59,NIFTY,28OCT21,18700,CE,2021-10-25,10:51:59,7.65,7.75,7.5,7.65,0,0,18081.35
2021-10-25 10:52:59,NIFTY,28OCT21,18700,CE,2021-10-25,10:52:59,7.65,7.8,7.6,7.8,0,0,18095.4
2021-10-25 10:53:59,NIFTY,28OCT21,18700,CE,2021-10-25,10:53:59,7.8,7.95,7.8,7.85,0,0,18094.5
2021-10-25 10:54:59,NIFTY,28OCT21,18700,CE,2021-10-25,10:54:59,7.85,7.9,7.8,7.85,0,0,18095.65
2021-10-25 10:55:59,NIFTY,28OCT21,18700,CE,2021-10-25,10:55:59,7.8,7.85,7.65,7.85,0,0,18099.85
2021-10-25 10:56:59,NIFTY,28OCT21,18700,CE,2021-10-25,10:56:59,7.85,7.85,7.6,7.7,0,0,18085.65
2021-10-25 10:57:59,NIFTY,28OCT21,18700,CE,2021-10-25,10:57:59,7.65,7.7,7.45,7.6,0,0,18083.8
2021-10-25 10:58:59,NIFTY,28OCT21,18700,CE,2021-10-25,10:58:59,7.55,7.75,7.5,7.75,0,0,18099.05
2021-10-25 10:59:59,NIFTY,28OCT21,18700,CE,2021-10-25,10:59:59,7.75,7.8,7.65,7.8,0,0,18107.05
2021-10-25 11:00:59,NIFTY,28OCT21,18700,CE,2021-10-25,11:00:59,7.85,8.2,7.85,8.1,0,0,18106.75
2021-10-25 11:01:59,NIFTY,28OCT21,18700,CE,2021-10-25,11:01:59,8.1,8.2,7.95,8.0,0,0,18105.35
2021-10-25 11:02:59,NIFTY,28OCT21,18700,CE,2021-10-25,11:02:59,8.05,8.1,7.95,8.05,0,0,18102.35
2021-10-25 11:03:59,NIFTY,28OCT21,18700,CE,2021-10-25,11:03:59,8.0,8.1,7.95,8.0,0,0,18108.05
2021-10-25 11:04:59,NIFTY,28OCT21,18700,CE,2021-10-25,11:04:59,8.0,8.05,7.9,7.9,0,0,18104.45
2021-10-25 11:05:59,NIFTY,28OCT21,18700,CE,2021-10-25,11:05:59,7.9,7.95,7.6,7.65,0,0,18098.05
2021-10-25 11:06:59,NIFTY,28OCT21,18700,CE,2021-10-25,11:06:59,7.65,7.85,7.65,7.7,0,0,18100.2
2021-10-25 11:07:59,NIFTY,28OCT21,18700,CE,2021-10-25,11:07:59,7.75,7.75,7.55,7.6,0,0,18096.05
2021-10-25 11:08:59,NIFTY,28OCT21,18700,CE,2021-10-25,11:08:59,7.6,7.65,7.55,7.65,0,0,18095.95
2021-10-25 11:09:59,NIFTY,28OCT21,18700,CE,2021-10-25,11:09:59,7.65,7.85,7.65,7.85,0,0,18108.95
2021-10-25 11:10:59,NIFTY,28OCT21,18700,CE,2021-10-25,11:10:59,7.95,8.05,7.85,7.95,0,0,18111.25
2021-10-25 11:11:59,NIFTY,28OCT21,18700,CE,2021-10-25,11:11:59,8.05,8.05,7.75,7.8,0,0,18111.15
2021-10-25 11:12:59,NIFTY,28OCT21,18700,CE,2021-10-25,11:12:59,7.85,7.95,7.8,7.8,0,0,18108.9
2021-10-25 11:13:59,NIFTY,28OCT21,18700,CE,2021-10-25,11:13:59,7.8,8.1,7.8,8.1,0,0,18124.75
2021-10-25 11:14:59,NIFTY,28OCT21,18700,CE,2021-10-25,11:14:59,8.05,8.3,8.0,8.05,0,0,18115.75
2021-10-25 11:15:59,NIFTY,28OCT21,18700,CE,2021-10-25,11:15:59,8.1,8.25,8.05,8.2,0,0,18124.3
2021-10-25 11:16:59,NIFTY,28OCT21,18700,CE,2021-10-25,11:16:59,8.25,8.6,8.25,8.55,0,0,18140.35
2021-10-25 11:17:59,NIFTY,28OCT21,18700,CE,2021-10-25,11:17:59,8.55,8.55,8.25,8.35,0,0,18135.1
2021-10-25 11:18:59,NIFTY,28OCT21,18700,CE,2021-10-25,11:18:59,8.3,8.5,8.15,8.25,0,0,18135.3
2021-10-25 11:19:59,NIFTY,28OCT21,18700,CE,2021-10-25,11:19:59,8.2,8.2,7.95,8.05,0,0,18140.55
2021-10-25 11:20:59,NIFTY,28OCT21,18700,CE,2021-10-25,11:20:59,8.0,8.05,7.8,7.85,0,0,18139.2
2021-10-25 11:21:59,NIFTY,28OCT21,18700,CE,2021-10-25,11:21:59,7.85,8.2,7.8,8.05,0,0,18154.45
2021-10-25 11:22:59,NIFTY,28OCT21,18700,CE,2021-10-25,11:22:59,8.1,8.15,7.9,8.15,0,0,18156.55
2021-10-25 11:23:59,NIFTY,28OCT21,18700,CE,2021-10-25,11:23:59,8.15,8.2,8.05,8.05,0,0,18157.05
2021-10-25 11:24:59,NIFTY,28OCT21,18700,CE,2021-10-25,11:24:59,8.05,8.15,8.0,8.15,0,0,18173.8
2021-10-25 11:25:59,NIFTY,28OCT21,18700,CE,2021-10-25,11:25:59,8.05,8.05,7.75,7.8,0,0,18164.1
2021-10-25 11:26:59,NIFTY,28OCT21,18700,CE,2021-10-25,11:26:59,7.85,7.9,7.8,7.85,0,0,18157.7
2021-10-25 11:27:59,NIFTY,28OCT21,18700,CE,2021-10-25,11:27:59,7.8,7.85,7.45,7.45,0,0,18129.9
2021-10-25 11:28:59,NIFTY,28OCT21,18700,CE,2021-10-25,11:28:59,7.5,7.65,7.4,7.45,0,0,18130.75
2021-10-25 11:29:59,NIFTY,28OCT21,18700,CE,2021-10-25,11:29:59,7.5,7.6,7.35,7.55,0,0,18127.85
2021-10-25 11:30:59,NIFTY,28OCT21,18700,CE,2021-10-25,11:30:59,7.6,7.7,7.55,7.7,0,0,18133.75
2021-10-25 11:31:59,NIFTY,28OCT21,18700,CE,2021-10-25,11:31:59,7.65,7.9,7.65,7.85,0,0,18140.5
2021-10-25 11:32:59,NIFTY,28OCT21,18700,CE,2021-10-25,11:32:59,7.85,7.95,7.8,7.9,0,0,18150.8
2021-10-25 11:33:59,NIFTY,28OCT21,18700,CE,2021-10-25,11:33:59,7.9,7.9,7.75,7.85,0,0,18144.6
2021-10-25 11:34:59,NIFTY,28OCT21,18700,CE,2021-10-25,11:34:59,7.8,7.85,7.55,7.55,0,0,18134.95
2021-10-25 11:35:59,NIFTY,28OCT21,18700,CE,2021-10-25,11:35:59,7.6,7.7,7.55,7.6,0,0,18134.65
2021-10-25 11:36:59,NIFTY,28OCT21,18700,CE,2021-10-25,11:36:59,7.6,7.65,7.45,7.6,0,0,18125.75
2021-10-25 11:37:59,NIFTY,28OCT21,18700,CE,2021-10-25,11:37:59,7.6,7.65,7.5,7.6,0,0,18129.2
2021-10-25 11:38:59,NIFTY,28OCT21,18700,CE,2021-10-25,11:38:59,7.6,7.65,7.55,7.55,0,0,18119.55
2021-10-25 11:39:59,NIFTY,28OCT21,18700,CE,2021-10-25,11:39:59,7.55,7.8,7.55,7.75,0,0,18126.9
2021-10-25 11:40:59,NIFTY,28OCT21,18700,CE,2021-10-25,11:40:59,7.7,7.9,7.7,7.85,0,0,18128.35
2021-10-25 11:41:59,NIFTY,28OCT21,18700,CE,2021-10-25,11:41:59,7.85,7.9,7.8,7.85,0,0,18131.45
2021-10-25 11:42:59,NIFTY,28OCT21,18700,CE,2021-10-25,11:42:59,7.8,7.85,7.75,7.85,0,0,18137.35
2021-10-25 11:43:59,NIFTY,28OCT21,18700,CE,2021-10-25,11:43:59,7.85,7.9,7.75,7.8,0,0,18143.7
2021-10-25 11:44:59,NIFTY,28OCT21,18700,CE,2021-10-25,11:44:59,7.85,7.9,7.75,7.85,0,0,18153.05
2021-10-25 11:45:59,NIFTY,28OCT21,18700,CE,2021-10-25,11:45:59,7.85,7.95,7.75,7.8,0,0,18153.3
2021-10-25 11:46:59,NIFTY,28OCT21,18700,CE,2021-10-25,11:46:59,7.75,7.8,7.65,7.8,0,0,18154.2
2021-10-25 11:47:59,NIFTY,28OCT21,18700,CE,2021-10-25,11:47:59,7.8,7.85,7.75,7.8,0,0,18160.8
2021-10-25 11:48:59,NIFTY,28OCT21,18700,CE,2021-10-25,11:48:59,7.85,7.85,7.7,7.8,0,0,18159.45
2021-10-25 11:49:59,NIFTY,28OCT21,18700,CE,2021-10-25,11:49:59,7.85,7.9,7.7,7.85,0,0,18153.45
2021-10-25 11:50:59,NIFTY,28OCT21,18700,CE,2021-10-25,11:50:59,7.8,7.85,7.7,7.75,0,0,18158.15
2021-10-25 11:51:59,NIFTY,28OCT21,18700,CE,2021-10-25,11:51:59,7.7,7.85,7.65,7.8,0,0,18168.95
2021-10-25 11:52:59,NIFTY,28OCT21,18700,CE,2021-10-25,11:52:59,7.85,8.05,7.8,7.95,0,0,18166.75
2021-10-25 11:53:59,NIFTY,28OCT21,18700,CE,2021-10-25,11:53:59,7.9,8.0,7.75,7.8,0,0,18157.6
2021-10-25 11:54:59,NIFTY,28OCT21,18700,CE,2021-10-25,11:54:59,7.85,8.0,7.65,7.9,0,0,18165.9
2021-10-25 11:55:59,NIFTY,28OCT21,18700,CE,2021-10-25,11:55:59,7.9,7.95,7.8,7.85,0,0,18161.45
2021-10-25 11:56:59,NIFTY,28OCT21,18700,CE,2021-10-25,11:56:59,7.85,7.95,7.8,7.9,0,0,18161.65
2021-10-25 11:57:59,NIFTY,28OCT21,18700,CE,2021-10-25,11:57:59,7.9,7.95,7.7,7.75,0,0,18163.65
2021-10-25 11:58:59,NIFTY,28OCT21,18700,CE,2021-10-25,11:58:59,7.7,7.8,7.65,7.75,0,0,18164.9
2021-10-25 11:59:59,NIFTY,28OCT21,18700,CE,2021-10-25,11:59:59,7.75,7.85,7.7,7.85,0,0,18169.1
2021-10-25 12:00:59,NIFTY,28OCT21,18700,CE,2021-10-25,12:00:59,7.85,7.9,7.8,7.9,0,0,18162.95
2021-10-25 12:01:59,NIFTY,28OCT21,18700,CE,2021-10-25,12:01:59,7.9,8.05,7.9,7.95,0,0,18181.25
2021-10-25 12:02:59,NIFTY,28OCT21,18700,CE,2021-10-25,12:02:59,7.95,8.85,7.95,8.85,0,0,18200.7
2021-10-25 12:03:59,NIFTY,28OCT21,18700,CE,2021-10-25,12:03:59,9.0,9.5,8.9,9.4,0,0,18194.3
2021-10-25 12:04:59,NIFTY,28OCT21,18700,CE,2021-10-25,12:04:59,9.35,9.5,9.2,9.5,0,0,18196.7
2021-10-25 12:05:59,NIFTY,28OCT21,18700,CE,2021-10-25,12:05:59,9.5,11.5,9.5,11.5,0,0,18211.1
2021-10-25 12:06:59,NIFTY,28OCT21,18700,CE,2021-10-25,12:06:59,11.5,12.0,10.15,10.4,0,0,18188.05
2021-10-25 12:07:59,NIFTY,28OCT21,18700,CE,2021-10-25,12:07:59,10.55,11.6,10.55,10.65,0,0,18185.7
2021-10-25 12:08:59,NIFTY,28OCT21,18700,CE,2021-10-25,12:08:59,10.6,10.95,10.2,10.5,0,0,18177.3
2021-10-25 12:09:59,NIFTY,28OCT21,18700,CE,2021-10-25,12:09:59,10.6,10.95,10.35,10.5,0,0,18175.45
2021-10-25 12:10:59,NIFTY,28OCT21,18700,CE,2021-10-25,12:10:59,10.5,10.55,8.95,8.95,0,0,18158.0
2021-10-25 12:11:59,NIFTY,28OCT21,18700,CE,2021-10-25,12:11:59,8.95,9.15,8.6,8.8,0,0,18163.85
2021-10-25 12:12:59,NIFTY,28OCT21,18700,CE,2021-10-25,12:12:59,8.8,8.95,8.15,8.15,0,0,18149.15
2021-10-25 12:13:59,NIFTY,28OCT21,18700,CE,2021-10-25,12:13:59,8.2,8.3,7.8,7.8,0,0,18139.55
2021-10-25 12:14:59,NIFTY,28OCT21,18700,CE,2021-10-25,12:14:59,7.8,8.3,7.8,8.3,0,0,18154.0
2021-10-25 12:15:59,NIFTY,28OCT21,18700,CE,2021-10-25,12:15:59,8.3,8.35,7.95,8.35,0,0,18144.3
2021-10-25 12:16:59,NIFTY,28OCT21,18700,CE,2021-10-25,12:16:59,8.45,8.6,8.3,8.6,0,0,18148.65
2021-10-25 12:17:59,NIFTY,28OCT21,18700,CE,2021-10-25,12:17:59,8.6,9.75,8.6,9.7,0,0,18166.55
2021-10-25 12:18:59,NIFTY,28OCT21,18700,CE,2021-10-25,12:18:59,9.65,9.9,9.4,9.65,0,0,18164.15
2021-10-25 12:19:59,NIFTY,28OCT21,18700,CE,2021-10-25,12:19:59,9.65,9.65,9.0,9.0,0,0,18154.7
2021-10-25 12:20:59,NIFTY,28OCT21,18700,CE,2021-10-25,12:20:59,8.85,9.55,8.8,9.2,0,0,18159.45
2021-10-25 12:21:59,NIFTY,28OCT21,18700,CE,2021-10-25,12:21:59,9.3,9.65,9.15,9.2,0,0,18160.85
2021-10-25 12:22:59,NIFTY,28OCT21,18700,CE,2021-10-25,12:22:59,9.4,9.5,9.1,9.25,0,0,18159.05
2021-10-25 12:23:59,NIFTY,28OCT21,18700,CE,2021-10-25,12:23:59,9.3,9.45,8.3,8.3,0,0,18130.2
2021-10-25 12:24:59,NIFTY,28OCT21,18700,CE,2021-10-25,12:24:59,8.35,8.75,8.25,8.3,0,0,18122.85
2021-10-25 12:25:59,NIFTY,28OCT21,18700,CE,2021-10-25,12:25:59,8.25,8.5,8.1,8.5,0,0,18129.5
2021-10-25 12:26:59,NIFTY,28OCT21,18700,CE,2021-10-25,12:26:59,8.55,8.65,8.3,8.45,0,0,18132.55
2021-10-25 12:27:59,NIFTY,28OCT21,18700,CE,2021-10-25,12:27:59,8.45,8.5,8.35,8.5,0,0,18138.4
2021-10-25 12:28:59,NIFTY,28OCT21,18700,CE,2021-10-25,12:28:59,8.5,8.65,8.4,8.55,0,0,18149.1
2021-10-25 12:29:59,NIFTY,28OCT21,18700,CE,2021-10-25,12:29:59,8.55,8.65,8.35,8.5,0,0,18148.5
2021-10-25 12:30:59,NIFTY,28OCT21,18700,CE,2021-10-25,12:30:59,8.5,8.55,8.2,8.25,0,0,18138.4
2021-10-25 12:31:59,NIFTY,28OCT21,18700,CE,2021-10-25,12:31:59,8.3,8.55,8.25,8.45,0,0,18145.6
2021-10-25 12:32:59,NIFTY,28OCT21,18700,CE,2021-10-25,12:32:59,8.35,8.6,8.35,8.5,0,0,18146.5
2021-10-25 12:33:59,NIFTY,28OCT21,18700,CE,2021-10-25,12:33:59,8.5,8.65,8.35,8.65,0,0,18153.3
2021-10-25 12:34:59,NIFTY,28OCT21,18700,CE,2021-10-25,12:34:59,8.7,8.8,8.55,8.75,0,0,18152.1
2021-10-25 12:35:59,NIFTY,28OCT21,18700,CE,2021-10-25,12:35:59,8.75,8.8,8.5,8.7,0,0,18142.45
2021-10-25 12:36:59,NIFTY,28OCT21,18700,CE,2021-10-25,12:36:59,8.6,8.8,8.5,8.6,0,0,18145.4
2021-10-25 12:37:59,NIFTY,28OCT21,18700,CE,2021-10-25,12:37:59,8.55,8.7,8.5,8.6,0,0,18153.65
2021-10-25 12:38:59,NIFTY,28OCT21,18700,CE,2021-10-25,12:38:59,8.65,8.7,8.5,8.6,0,0,18148.6
2021-10-25 12:39:59,NIFTY,28OCT21,18700,CE,2021-10-25,12:39:59,8.6,8.7,8.45,8.5,0,0,18139.65
2021-10-25 12:40:59,NIFTY,28OCT21,18700,CE,2021-10-25,12:40:59,8.45,8.6,8.4,8.55,0,0,18141.85
2021-10-25 12:41:59,NIFTY,28OCT21,18700,CE,2021-10-25,12:41:59,8.5,8.55,8.4,8.5,0,0,18138.55
2021-10-25 12:42:59,NIFTY,28OCT21,18700,CE,2021-10-25,12:42:59,8.45,8.65,8.4,8.6,0,0,18149.85
2021-10-25 12:43:59,NIFTY,28OCT21,18700,CE,2021-10-25,12:43:59,8.6,8.7,8.6,8.7,0,0,18149.9
2021-10-25 12:44:59,NIFTY,28OCT21,18700,CE,2021-10-25,12:44:59,8.65,8.65,8.5,8.6,0,0,18144.9
2021-10-25 12:45:59,NIFTY,28OCT21,18700,CE,2021-10-25,12:45:59,8.65,8.95,8.65,8.85,0,0,18146.45
2021-10-25 12:46:59,NIFTY,28OCT21,18700,CE,2021-10-25,12:46:59,8.85,8.85,8.65,8.65,0,0,18138.25
2021-10-25 12:47:59,NIFTY,28OCT21,18700,CE,2021-10-25,12:47:59,8.65,8.85,8.65,8.75,0,0,18140.5
2021-10-25 12:48:59,NIFTY,28OCT21,18700,CE,2021-10-25,12:48:59,8.75,8.85,8.75,8.8,0,0,18148.1
2021-10-25 12:49:59,NIFTY,28OCT21,18700,CE,2021-10-25,12:49:59,8.8,8.9,8.8,8.85,0,0,18151.4
2021-10-25 12:50:59,NIFTY,28OCT21,18700,CE,2021-10-25,12:50:59,8.8,8.9,8.7,8.75,0,0,18147.2
2021-10-25 12:51:59,NIFTY,28OCT21,18700,CE,2021-10-25,12:51:59,8.7,9.0,8.65,9.0,0,0,18161.7
2021-10-25 12:52:59,NIFTY,28OCT21,18700,CE,2021-10-25,12:52:59,9.05,9.45,9.05,9.15,0,0,18151.45
2021-10-25 12:53:59,NIFTY,28OCT21,18700,CE,2021-10-25,12:53:59,9.05,9.35,9.05,9.3,0,0,18153.8
2021-10-25 12:54:59,NIFTY,28OCT21,18700,CE,2021-10-25,12:54:59,9.3,9.35,8.95,9.0,0,0,18148.25
2021-10-25 12:55:59,NIFTY,28OCT21,18700,CE,2021-10-25,12:55:59,9.05,9.15,8.85,8.85,0,0,18150.05
2021-10-25 12:56:59,NIFTY,28OCT21,18700,CE,2021-10-25,12:56:59,8.9,9.15,8.8,9.0,0,0,18160.65
2021-10-25 12:57:59,NIFTY,28OCT21,18700,CE,2021-10-25,12:57:59,9.0,9.0,8.7,8.75,0,0,18156.6
2021-10-25 12:58:59,NIFTY,28OCT21,18700,CE,2021-10-25,12:58:59,8.75,8.8,8.55,8.65,0,0,18154.0
2021-10-25 12:59:59,NIFTY,28OCT21,18700,CE,2021-10-25,12:59:59,8.6,8.65,8.5,8.55,0,0,18146.7
2021-10-25 13:00:59,NIFTY,28OCT21,18700,CE,2021-10-25,13:00:59,8.55,8.7,8.4,8.6,0,0,18155.95
2021-10-25 13:01:59,NIFTY,28OCT21,18700,CE,2021-10-25,13:01:59,8.6,8.6,8.45,8.5,0,0,18150.2
2021-10-25 13:02:59,NIFTY,28OCT21,18700,CE,2021-10-25,13:02:59,8.55,8.6,8.35,8.45,0,0,18145.9
2021-10-25 13:03:59,NIFTY,28OCT21,18700,CE,2021-10-25,13:03:59,8.4,8.45,8.35,8.4,0,0,18151.4
2021-10-25 13:04:59,NIFTY,28OCT21,18700,CE,2021-10-25,13:04:59,8.4,8.55,8.35,8.5,0,0,18160.65
2021-10-25 13:05:59,NIFTY,28OCT21,18700,CE,2021-10-25,13:05:59,8.55,8.75,8.5,8.75,0,0,18169.05
2021-10-25 13:06:59,NIFTY,28OCT21,18700,CE,2021-10-25,13:06:59,8.85,8.95,8.7,8.8,0,0,18171.35
2021-10-25 13:07:59,NIFTY,28OCT21,18700,CE,2021-10-25,13:07:59,8.75,8.85,8.6,8.65,0,0,18165.4
2021-10-25 13:08:59,NIFTY,28OCT21,18700,CE,2021-10-25,13:08:59,8.6,8.65,8.35,8.4,0,0,18163.1
2021-10-25 13:09:59,NIFTY,28OCT21,18700,CE,2021-10-25,13:09:59,8.5,8.55,8.3,8.3,0,0,18159.9
2021-10-25 13:10:59,NIFTY,28OCT21,18700,CE,2021-10-25,13:10:59,8.3,8.5,8.1,8.2,0,0,18153.8
2021-10-25 13:11:59,NIFTY,28OCT21,18700,CE,2021-10-25,13:11:59,8.2,8.4,8.15,8.25,0,0,18160.3
2021-10-25 13:12:59,NIFTY,28OCT21,18700,CE,2021-10-25,13:12:59,8.2,8.4,8.2,8.25,0,0,18166.25
2021-10-25 13:13:59,NIFTY,28OCT21,18700,CE,2021-10-25,13:13:59,8.25,8.25,8.05,8.05,0,0,18152.6
2021-10-25 13:14:59,NIFTY,28OCT21,18700,CE,2021-10-25,13:14:59,8.1,8.15,7.9,7.95,0,0,18146.3
2021-10-25 13:15:59,NIFTY,28OCT21,18700,CE,2021-10-25,13:15:59,7.9,8.1,7.65,7.85,0,0,18147.95
2021-10-25 13:16:59,NIFTY,28OCT21,18700,CE,2021-10-25,13:16:59,7.9,8.05,7.9,8.0,0,0,18156.4
2021-10-25 13:17:59,NIFTY,28OCT21,18700,CE,2021-10-25,13:17:59,8.05,8.1,7.85,7.95,0,0,18152.3
2021-10-25 13:18:59,NIFTY,28OCT21,18700,CE,2021-10-25,13:18:59,7.95,8.0,7.85,7.85,0,0,18152.35
2021-10-25 13:19:59,NIFTY,28OCT21,18700,CE,2021-10-25,13:19:59,7.9,7.9,7.75,7.75,0,0,18149.4
2021-10-25 13:20:59,NIFTY,28OCT21,18700,CE,2021-10-25,13:20:59,7.8,7.85,7.6,7.65,0,0,18157.8
2021-10-25 13:21:59,NIFTY,28OCT21,18700,CE,2021-10-25,13:21:59,7.65,7.75,7.6,7.7,0,0,18146.6
2021-10-25 13:22:59,NIFTY,28OCT21,18700,CE,2021-10-25,13:22:59,7.7,7.7,7.55,7.55,0,0,18146.0
2021-10-25 13:23:59,NIFTY,28OCT21,18700,CE,2021-10-25,13:23:59,7.6,7.65,7.55,7.55,0,0,18148.95
2021-10-25 13:24:59,NIFTY,28OCT21,18700,CE,2021-10-25,13:24:59,7.6,7.7,7.6,7.6,0,0,18155.1
2021-10-25 13:25:59,NIFTY,28OCT21,18700,CE,2021-10-25,13:25:59,7.65,7.7,7.6,7.65,0,0,18156.2
2021-10-25 13:26:59,NIFTY,28OCT21,18700,CE,2021-10-25,13:26:59,7.6,7.65,7.5,7.6,0,0,18153.5
2021-10-25 13:27:59,NIFTY,28OCT21,18700,CE,2021-10-25,13:27:59,7.6,7.7,7.55,7.55,0,0,18153.6
2021-10-25 13:28:59,NIFTY,28OCT21,18700,CE,2021-10-25,13:28:59,7.55,7.65,7.45,7.6,0,0,18160.3
2021-10-25 13:29:59,NIFTY,28OCT21,18700,CE,2021-10-25,13:29:59,7.6,7.75,7.5,7.65,0,0,18159.95
2021-10-25 13:30:59,NIFTY,28OCT21,18700,CE,2021-10-25,13:30:59,7.6,7.8,7.55,7.7,0,0,18157.15
2021-10-25 13:31:59,NIFTY,28OCT21,18700,CE,2021-10-25,13:31:59,7.7,7.7,7.6,7.65,0,0,18160.1
2021-10-25 13:32:59,NIFTY,28OCT21,18700,CE,2021-10-25,13:32:59,7.65,7.7,7.55,7.55,0,0,18151.7
2021-10-25 13:33:59,NIFTY,28OCT21,18700,CE,2021-10-25,13:33:59,7.55,7.6,6.55,6.65,0,0,18127.75
2021-10-25 13:34:59,NIFTY,28OCT21,18700,CE,2021-10-25,13:34:59,6.7,7.05,6.55,7.0,0,0,18135.55
2021-10-25 13:35:59,NIFTY,28OCT21,18700,CE,2021-10-25,13:35:59,6.95,7.45,6.85,7.4,0,0,18161.2
2021-10-25 13:36:59,NIFTY,28OCT21,18700,CE,2021-10-25,13:36:59,7.45,8.25,7.45,8.15,0,0,18180.45
2021-10-25 13:37:59,NIFTY,28OCT21,18700,CE,2021-10-25,13:37:59,8.1,8.25,7.85,8.25,0,0,18176.75
2021-10-25 13:38:59,NIFTY,28OCT21,18700,CE,2021-10-25,13:38:59,8.1,8.2,7.95,7.95,0,0,18170.05
2021-10-25 13:39:59,NIFTY,28OCT21,18700,CE,2021-10-25,13:39:59,8.0,8.1,7.9,8.05,0,0,18169.15
2021-10-25 13:40:59,NIFTY,28OCT21,18700,CE,2021-10-25,13:40:59,8.0,8.1,7.65,7.8,0,0,18164.15
2021-10-25 13:41:59,NIFTY,28OCT21,18700,CE,2021-10-25,13:41:59,7.8,8.2,7.8,8.0,0,0,18172.8
2021-10-25 13:42:59,NIFTY,28OCT21,18700,CE,2021-10-25,13:42:59,8.05,8.05,7.8,7.9,0,0,18167.45
2021-10-25 13:43:59,NIFTY,28OCT21,18700,CE,2021-10-25,13:43:59,7.9,8.1,7.75,7.85,0,0,18164.1
2021-10-25 13:44:59,NIFTY,28OCT21,18700,CE,2021-10-25,13:44:59,7.9,7.9,7.5,7.65,0,0,18154.55
2021-10-25 13:45:59,NIFTY,28OCT21,18700,CE,2021-10-25,13:45:59,7.55,7.7,7.25,7.4,0,0,18141.35
2021-10-25 13:46:59,NIFTY,28OCT21,18700,CE,2021-10-25,13:46:59,7.4,7.6,7.25,7.25,0,0,18140.7
2021-10-25 13:47:59,NIFTY,28OCT21,18700,CE,2021-10-25,13:47:59,7.2,7.3,7.0,7.0,0,0,18125.7
2021-10-25 13:48:59,NIFTY,28OCT21,18700,CE,2021-10-25,13:48:59,7.0,7.3,7.0,7.2,0,0,18140.7
2021-10-25 13:49:59,NIFTY,28OCT21,18700,CE,2021-10-25,13:49:59,7.2,7.4,7.1,7.1,0,0,18142.3
2021-10-25 13:50:59,NIFTY,28OCT21,18700,CE,2021-10-25,13:50:59,7.1,7.45,7.1,7.35,0,0,18150.05
2021-10-25 13:51:59,NIFTY,28OCT21,18700,CE,2021-10-25,13:51:59,7.3,7.5,7.25,7.3,0,0,18150.7
2021-10-25 13:52:59,NIFTY,28OCT21,18700,CE,2021-10-25,13:52:59,7.15,7.35,7.15,7.2,0,0,18152.05
2021-10-25 13:53:59,NIFTY,28OCT21,18700,CE,2021-10-25,13:53:59,7.1,7.35,7.05,7.15,0,0,18141.65
2021-10-25 13:54:59,NIFTY,28OCT21,18700,CE,2021-10-25,13:54:59,7.2,7.25,7.1,7.2,0,0,18144.85
2021-10-25 13:55:59,NIFTY,28OCT21,18700,CE,2021-10-25,13:55:59,7.15,7.3,7.15,7.2,0,0,18148.35
2021-10-25 13:56:59,NIFTY,28OCT21,18700,CE,2021-10-25,13:56:59,7.2,7.25,7.1,7.1,0,0,18144.05
2021-10-25 13:57:59,NIFTY,28OCT21,18700,CE,2021-10-25,13:57:59,7.15,7.25,7.1,7.15,0,0,18146.75
2021-10-25 13:58:59,NIFTY,28OCT21,18700,CE,2021-10-25,13:58:59,7.2,7.2,7.0,7.1,0,0,18146.05
2021-10-25 13:59:59,NIFTY,28OCT21,18700,CE,2021-10-25,13:59:59,7.1,7.3,7.0,7.2,0,0,18154.1
2021-10-25 14:00:59,NIFTY,28OCT21,18700,CE,2021-10-25,14:00:59,7.15,7.25,7.15,7.25,0,0,18156.1
2021-10-25 14:01:59,NIFTY,28OCT21,18700,CE,2021-10-25,14:01:59,7.2,7.3,7.15,7.25,0,0,18151.2
2021-10-25 14:02:59,NIFTY,28OCT21,18700,CE,2021-10-25,14:02:59,7.2,7.4,7.2,7.35,0,0,18154.15
2021-10-25 14:03:59,NIFTY,28OCT21,18700,CE,2021-10-25,14:03:59,7.35,7.4,7.2,7.3,0,0,18156.0
2021-10-25 14:04:59,NIFTY,28OCT21,18700,CE,2021-10-25,14:04:59,7.4,7.4,7.2,7.2,0,0,18149.75
2021-10-25 14:05:59,NIFTY,28OCT21,18700,CE,2021-10-25,14:05:59,7.2,7.4,7.2,7.3,0,0,18145.95
2021-10-25 14:06:59,NIFTY,28OCT21,18700,CE,2021-10-25,14:06:59,7.35,7.4,7.2,7.25,0,0,18148.35
2021-10-25 14:07:59,NIFTY,28OCT21,18700,CE,2021-10-25,14:07:59,7.25,7.35,7.2,7.3,0,0,18148.25
2021-10-25 14:08:59,NIFTY,28OCT21,18700,CE,2021-10-25,14:08:59,7.3,7.35,7.25,7.35,0,0,18155.85
2021-10-25 14:09:59,NIFTY,28OCT21,18700,CE,2021-10-25,14:09:59,7.35,7.35,7.15,7.2,0,0,18147.9
2021-10-25 14:10:59,NIFTY,28OCT21,18700,CE,2021-10-25,14:10:59,7.2,7.25,7.1,7.1,0,0,18143.0
2021-10-25 14:11:59,NIFTY,28OCT21,18700,CE,2021-10-25,14:11:59,7.15,7.15,6.9,7.0,0,0,18134.45
2021-10-25 14:12:59,NIFTY,28OCT21,18700,CE,2021-10-25,14:12:59,6.95,6.95,6.75,6.8,0,0,18123.95
2021-10-25 14:13:59,NIFTY,28OCT21,18700,CE,2021-10-25,14:13:59,6.75,7.05,6.75,7.0,0,0,18127.6
2021-10-25 14:14:59,NIFTY,28OCT21,18700,CE,2021-10-25,14:14:59,7.0,7.1,6.5,6.55,0,0,18098.8
2021-10-25 14:15:59,NIFTY,28OCT21,18700,CE,2021-10-25,14:15:59,6.45,6.65,6.3,6.5,0,0,18069.35
2021-10-25 14:16:59,NIFTY,28OCT21,18700,CE,2021-10-25,14:16:59,6.55,6.9,6.45,6.6,0,0,18089.45
2021-10-25 14:17:59,NIFTY,28OCT21,18700,CE,2021-10-25,14:17:59,6.6,6.75,6.5,6.55,0,0,18084.9
2021-10-25 14:18:59,NIFTY,28OCT21,18700,CE,2021-10-25,14:18:59,6.5,6.6,6.2,6.55,0,0,18083.1
2021-10-25 14:19:59,NIFTY,28OCT21,18700,CE,2021-10-25,14:19:59,6.6,6.75,6.5,6.6,0,0,18088.75
2021-10-25 14:20:59,NIFTY,28OCT21,18700,CE,2021-10-25,14:20:59,6.6,6.8,6.45,6.7,0,0,18097.95
2021-10-25 14:21:59,NIFTY,28OCT21,18700,CE,2021-10-25,14:21:59,6.7,6.7,6.55,6.55,0,0,18089.9
2021-10-25 14:22:59,NIFTY,28OCT21,18700,CE,2021-10-25,14:22:59,6.55,6.7,6.5,6.65,0,0,18092.85
2021-10-25 14:23:59,NIFTY,28OCT21,18700,CE,2021-10-25,14:23:59,6.7,6.8,6.65,6.8,0,0,18104.95
2021-10-25 14:24:59,NIFTY,28OCT21,18700,CE,2021-10-25,14:24:59,6.8,6.9,6.7,6.8,0,0,18104.15
2021-10-25 14:25:59,NIFTY,28OCT21,18700,CE,2021-10-25,14:25:59,6.9,7.25,6.85,7.2,0,0,18118.6
2021-10-25 14:26:59,NIFTY,28OCT21,18700,CE,2021-10-25,14:26:59,7.15,7.25,6.85,6.85,0,0,18119.85
2021-10-25 14:27:59,NIFTY,28OCT21,18700,CE,2021-10-25,14:27:59,6.85,6.95,6.6,6.75,0,0,18103.65
2021-10-25 14:28:59,NIFTY,28OCT21,18700,CE,2021-10-25,14:28:59,6.75,6.85,6.6,6.6,0,0,18102.95
2021-10-25 14:29:59,NIFTY,28OCT21,18700,CE,2021-10-25,14:29:59,6.65,6.7,6.5,6.55,0,0,18096.1
2021-10-25 14:30:59,NIFTY,28OCT21,18700,CE,2021-10-25,14:30:59,6.55,6.7,6.5,6.6,0,0,18091.2
2021-10-25 14:31:59,NIFTY,28OCT21,18700,CE,2021-10-25,14:31:59,6.6,6.65,6.45,6.45,0,0,18089.5
2021-10-25 14:32:59,NIFTY,28OCT21,18700,CE,2021-10-25,14:32:59,6.5,6.65,6.45,6.6,0,0,18106.8
2021-10-25 14:33:59,NIFTY,28OCT21,18700,CE,2021-10-25,14:33:59,6.55,6.65,6.5,6.6,0,0,18116.35
2021-10-25 14:34:59,NIFTY,28OCT21,18700,CE,2021-10-25,14:34:59,6.6,6.6,6.4,6.45,0,0,18095.85
2021-10-25 14:35:59,NIFTY,28OCT21,18700,CE,2021-10-25,14:35:59,6.4,6.6,6.4,6.5,0,0,18102.95
2021-10-25 14:36:59,NIFTY,28OCT21,18700,CE,2021-10-25,14:36:59,6.5,6.55,6.35,6.45,0,0,18099.6
2021-10-25 14:37:59,NIFTY,28OCT21,18700,CE,2021-10-25,14:37:59,6.4,6.45,6.3,6.35,0,0,18098.6
2021-10-25 14:38:59,NIFTY,28OCT21,18700,CE,2021-10-25,14:38:59,6.4,6.5,6.3,6.45,0,0,18104.85
2021-10-25 14:39:59,NIFTY,28OCT21,18700,CE,2021-10-25,14:39:59,6.5,6.5,6.4,6.45,0,0,18103.95
2021-10-25 14:40:59,NIFTY,28OCT21,18700,CE,2021-10-25,14:40:59,6.45,6.6,6.45,6.6,0,0,18112.95
2021-10-25 14:41:59,NIFTY,28OCT21,18700,CE,2021-10-25,14:41:59,6.55,6.65,6.5,6.65,0,0,18115.35
2021-10-25 14:42:59,NIFTY,28OCT21,18700,CE,2021-10-25,14:42:59,6.6,6.75,6.55,6.65,0,0,18114.55
2021-10-25 14:43:59,NIFTY,28OCT21,18700,CE,2021-10-25,14:43:59,6.65,6.75,6.6,6.65,0,0,18114.25
2021-10-25 14:44:59,NIFTY,28OCT21,18700,CE,2021-10-25,14:44:59,6.6,6.7,6.55,6.65,0,0,18109.35
2021-10-25 14:45:59,NIFTY,28OCT21,18700,CE,2021-10-25,14:45:59,6.65,6.65,6.45,6.45,0,0,18110.8
2021-10-25 14:46:59,NIFTY,28OCT21,18700,CE,2021-10-25,14:46:59,6.5,6.6,6.45,6.55,0,0,18118.4
2021-10-25 14:47:59,NIFTY,28OCT21,18700,CE,2021-10-25,14:47:59,6.55,6.55,6.45,6.5,0,0,18118.4
2021-10-25 14:48:59,NIFTY,28OCT21,18700,CE,2021-10-25,14:48:59,6.45,6.55,6.4,6.55,0,0,18133.0
2021-10-25 14:49:59,NIFTY,28OCT21,18700,CE,2021-10-25,14:49:59,6.55,6.6,6.5,6.55,0,0,18121.1
2021-10-25 14:50:59,NIFTY,28OCT21,18700,CE,2021-10-25,14:50:59,6.55,6.6,6.45,6.55,0,0,18127.05
2021-10-25 14:51:59,NIFTY,28OCT21,18700,CE,2021-10-25,14:51:59,6.55,6.6,6.5,6.5,0,0,18125.55
2021-10-25 14:52:59,NIFTY,28OCT21,18700,CE,2021-10-25,14:52:59,6.5,6.6,6.4,6.6,0,0,18125.65
2021-10-25 14:53:59,NIFTY,28OCT21,18700,CE,2021-10-25,14:53:59,6.6,6.6,6.5,6.5,0,0,18130.2
2021-10-25 14:54:59,NIFTY,28OCT21,18700,CE,2021-10-25,14:54:59,6.5,6.6,6.45,6.45,0,0,18130.9
2021-10-25 14:55:59,NIFTY,28OCT21,18700,CE,2021-10-25,14:55:59,6.45,6.5,6.35,6.4,0,0,18127.15
2021-10-25 14:56:59,NIFTY,28OCT21,18700,CE,2021-10-25,14:56:59,6.4,6.5,6.3,6.5,0,0,18142.45
2021-10-25 14:57:59,NIFTY,28OCT21,18700,CE,2021-10-25,14:57:59,6.5,6.75,6.45,6.65,0,0,18145.45
2021-10-25 14:58:59,NIFTY,28OCT21,18700,CE,2021-10-25,14:58:59,6.65,6.7,6.5,6.5,0,0,18141.55
2021-10-25 14:59:59,NIFTY,28OCT21,18700,CE,2021-10-25,14:59:59,6.5,6.55,6.3,6.3,0,0,18132.65
2021-10-25 15:00:59,NIFTY,28OCT21,18700,CE,2021-10-25,15:00:59,6.3,6.55,6.25,6.55,0,0,18127.85
2021-10-25 15:01:59,NIFTY,28OCT21,18700,CE,2021-10-25,15:01:59,6.55,6.65,6.5,6.55,0,0,18131.15
2021-10-25 15:02:59,NIFTY,28OCT21,18700,CE,2021-10-25,15:02:59,6.55,6.6,6.4,6.45,0,0,18118.75
2021-10-25 15:03:59,NIFTY,28OCT21,18700,CE,2021-10-25,15:03:59,6.45,6.5,6.3,6.3,0,0,18107.15
2021-10-25 15:04:59,NIFTY,28OCT21,18700,CE,2021-10-25,15:04:59,6.35,6.45,6.3,6.45,0,0,18117.6
2021-10-25 15:05:59,NIFTY,28OCT21,18700,CE,2021-10-25,15:05:59,6.45,6.5,6.25,6.35,0,0,18113.4
2021-10-25 15:06:59,NIFTY,28OCT21,18700,CE,2021-10-25,15:06:59,6.35,6.4,6.35,6.4,0,0,18123.75
2021-10-25 15:07:59,NIFTY,28OCT21,18700,CE,2021-10-25,15:07:59,6.35,6.4,6.3,6.35,0,0,18123.25
2021-10-25 15:08:59,NIFTY,28OCT21,18700,CE,2021-10-25,15:08:59,6.35,6.6,6.35,6.6,0,0,18134.6
2021-10-25 15:09:59,NIFTY,28OCT21,18700,CE,2021-10-25,15:09:59,6.5,6.7,6.5,6.55,0,0,18132.85
2021-10-25 15:10:59,NIFTY,28OCT21,18700,CE,2021-10-25,15:10:59,6.5,6.6,6.45,6.5,0,0,18126.4
2021-10-25 15:11:59,NIFTY,28OCT21,18700,CE,2021-10-25,15:11:59,6.45,6.5,6.4,6.4,0,0,18122.7
2021-10-25 15:12:59,NIFTY,28OCT21,18700,CE,2021-10-25,15:12:59,6.45,6.5,6.4,6.45,0,0,18121.2
2021-10-25 15:13:59,NIFTY,28OCT21,18700,CE,2021-10-25,15:13:59,6.5,6.55,6.45,6.55,0,0,18124.8
2021-10-25 15:14:59,NIFTY,28OCT21,18700,CE,2021-10-25,15:14:59,6.55,6.65,6.5,6.5,0,0,18119.25
2021-10-25 15:15:59,NIFTY,28OCT21,18700,CE,2021-10-25,15:15:59,6.5,6.6,6.5,6.55,0,0,18118.3
2021-10-25 15:16:59,NIFTY,28OCT21,18700,CE,2021-10-25,15:16:59,6.55,6.6,6.5,6.6,0,0,18116.55
2021-10-25 15:17:59,NIFTY,28OCT21,18700,CE,2021-10-25,15:17:59,6.6,6.75,6.55,6.7,0,0,18124.3
2021-10-25 15:18:59,NIFTY,28OCT21,18700,CE,2021-10-25,15:18:59,6.7,7.0,6.65,6.95,0,0,18127.3
2021-10-25 15:19:59,NIFTY,28OCT21,18700,CE,2021-10-25,15:19:59,6.9,6.95,6.75,6.75,0,0,18125.8
2021-10-25 15:20:59,NIFTY,28OCT21,18700,CE,2021-10-25,15:20:59,6.75,6.9,6.75,6.75,0,0,18133.25
2021-10-25 15:21:59,NIFTY,28OCT21,18700,CE,2021-10-25,15:21:59,6.75,6.8,6.7,6.8,0,0,18136.05
2021-10-25 15:22:59,NIFTY,28OCT21,18700,CE,2021-10-25,15:22:59,6.75,6.95,6.75,6.8,0,0,18133.8
2021-10-25 15:23:59,NIFTY,28OCT21,18700,CE,2021-10-25,15:23:59,6.8,6.85,6.7,6.7,0,0,18129.15
2021-10-25 15:24:59,NIFTY,28OCT21,18700,CE,2021-10-25,15:24:59,6.7,6.75,6.5,6.55,0,0,18137.45
2021-10-25 15:25:59,NIFTY,28OCT21,18700,CE,2021-10-25,15:25:59,6.55,6.6,6.45,6.45,0,0,18136.65
2021-10-25 15:26:59,NIFTY,28OCT21,18700,CE,2021-10-25,15:26:59,6.45,6.45,6.35,6.4,0,0,18133.4
2021-10-25 15:27:59,NIFTY,28OCT21,18700,CE,2021-10-25,15:27:59,6.45,6.5,6.4,6.45,0,0,18134.9
2021-10-25 15:28:59,NIFTY,28OCT21,18700,CE,2021-10-25,15:28:59,6.45,6.65,6.4,6.55,0,0,18131.05
2021-10-25 15:29:59,NIFTY,28OCT21,18700,CE,2021-10-25,15:29:59,6.55,6.65,6.3,6.45,0,0,18136.5
2021-10-26 09:15:59,NIFTY,28OCT21,18700,CE,2021-10-26,09:15:59,5.85,6.75,3.55,6.65,0,0,18165.05
2021-10-26 09:16:59,NIFTY,28OCT21,18700,CE,2021-10-26,09:16:59,6.45,6.65,6.35,6.45,0,0,18175.5
2021-10-26 09:17:59,NIFTY,28OCT21,18700,CE,2021-10-26,09:17:59,6.5,6.85,6.3,6.7,0,0,18190.2
2021-10-26 09:18:59,NIFTY,28OCT21,18700,CE,2021-10-26,09:18:59,6.7,7.15,6.7,6.85,0,0,18196.55
2021-10-26 09:19:59,NIFTY,28OCT21,18700,CE,2021-10-26,09:19:59,6.85,7.25,6.85,7.2,0,0,18204.65
2021-10-26 09:20:59,NIFTY,28OCT21,18700,CE,2021-10-26,09:20:59,7.3,7.45,7.15,7.25,0,0,18215.65
2021-10-26 09:21:59,NIFTY,28OCT21,18700,CE,2021-10-26,09:21:59,7.25,7.3,6.7,6.75,0,0,18198.1
2021-10-26 09:22:59,NIFTY,28OCT21,18700,CE,2021-10-26,09:22:59,6.7,7.1,6.65,7.0,0,0,18208.3
2021-10-26 09:23:59,NIFTY,28OCT21,18700,CE,2021-10-26,09:23:59,6.9,7.05,6.8,7.05,0,0,18219.4
2021-10-26 09:24:59,NIFTY,28OCT21,18700,CE,2021-10-26,09:24:59,7.05,7.15,6.75,6.85,0,0,18214.75
2021-10-26 09:25:59,NIFTY,28OCT21,18700,CE,2021-10-26,09:25:59,6.85,7.0,6.7,6.75,0,0,18215.55
2021-10-26 09:26:59,NIFTY,28OCT21,18700,CE,2021-10-26,09:26:59,6.75,6.9,6.55,6.75,0,0,18216.55
2021-10-26 09:27:59,NIFTY,28OCT21,18700,CE,2021-10-26,09:27:59,6.7,6.8,6.35,6.45,0,0,18209.3
2021-10-26 09:28:59,NIFTY,28OCT21,18700,CE,2021-10-26,09:28:59,6.4,6.8,6.4,6.75,0,0,18229.55
2021-10-26 09:29:59,NIFTY,28OCT21,18700,CE,2021-10-26,09:29:59,6.8,7.15,6.7,7.15,0,0,18235.65
2021-10-26 09:30:59,NIFTY,28OCT21,18700,CE,2021-10-26,09:30:59,7.0,7.5,7.0,7.45,0,0,18244.3
2021-10-26 09:31:59,NIFTY,28OCT21,18700,CE,2021-10-26,09:31:59,7.45,7.5,7.15,7.2,0,0,18245.6
2021-10-26 09:32:59,NIFTY,28OCT21,18700,CE,2021-10-26,09:32:59,7.2,7.65,7.2,7.5,0,0,18251.75
2021-10-26 09:33:59,NIFTY,28OCT21,18700,CE,2021-10-26,09:33:59,7.5,7.55,7.1,7.2,0,0,18242.75
2021-10-26 09:34:59,NIFTY,28OCT21,18700,CE,2021-10-26,09:34:59,7.2,7.6,7.2,7.55,0,0,18245.3
2021-10-26 09:35:59,NIFTY,28OCT21,18700,CE,2021-10-26,09:35:59,7.55,7.55,7.25,7.4,0,0,18243.3
2021-10-26 09:36:59,NIFTY,28OCT21,18700,CE,2021-10-26,09:36:59,7.35,7.45,7.25,7.45,0,0,18248.8
2021-10-26 09:37:59,NIFTY,28OCT21,18700,CE,2021-10-26,09:37:59,7.45,7.45,7.2,7.2,0,0,18238.5
2021-10-26 09:38:59,NIFTY,28OCT21,18700,CE,2021-10-26,09:38:59,7.25,7.35,7.1,7.25,0,0,18241.3
2021-10-26 09:39:59,NIFTY,28OCT21,18700,CE,2021-10-26,09:39:59,7.15,7.25,7.05,7.1,0,0,18242.85
2021-10-26 09:40:59,NIFTY,28OCT21,18700,CE,2021-10-26,09:40:59,7.15,7.15,6.45,6.65,0,0,18231.65
2021-10-26 09:41:59,NIFTY,28OCT21,18700,CE,2021-10-26,09:41:59,6.7,6.9,6.7,6.8,0,0,18236.35
2021-10-26 09:42:59,NIFTY,28OCT21,18700,CE,2021-10-26,09:42:59,6.75,6.75,6.4,6.55,0,0,18233.0
2021-10-26 09:43:59,NIFTY,28OCT21,18700,CE,2021-10-26,09:43:59,6.45,6.5,6.3,6.3,0,0,18226.2
2021-10-26 09:44:59,NIFTY,28OCT21,18700,CE,2021-10-26,09:44:59,6.35,6.4,6.05,6.15,0,0,18224.7
2021-10-26 09:45:59,NIFTY,28OCT21,18700,CE,2021-10-26,09:45:59,6.15,6.25,5.9,6.15,0,0,18225.75
2021-10-26 09:46:59,NIFTY,28OCT21,18700,CE,2021-10-26,09:46:59,6.15,6.4,6.15,6.15,0,0,18229.55
2021-10-26 09:47:59,NIFTY,28OCT21,18700,CE,2021-10-26,09:47:59,6.3,6.45,6.2,6.3,0,0,18230.35
2021-10-26 09:48:59,NIFTY,28OCT21,18700,CE,2021-10-26,09:48:59,6.35,6.5,6.3,6.4,0,0,18232.2
2021-10-26 09:49:59,NIFTY,28OCT21,18700,CE,2021-10-26,09:49:59,6.45,6.6,6.4,6.4,0,0,18234.45
2021-10-26 09:50:59,NIFTY,28OCT21,18700,CE,2021-10-26,09:50:59,6.4,6.8,6.4,6.75,0,0,18246.9
2021-10-26 09:51:59,NIFTY,28OCT21,18700,CE,2021-10-26,09:51:59,6.75,6.9,6.7,6.85,0,0,18243.95
2021-10-26 09:52:59,NIFTY,28OCT21,18700,CE,2021-10-26,09:52:59,6.85,7.0,6.8,6.9,0,0,18244.85
2021-10-26 09:53:59,NIFTY,28OCT21,18700,CE,2021-10-26,09:53:59,6.9,7.0,6.8,6.95,0,0,18253.85
2021-10-26 09:54:59,NIFTY,28OCT21,18700,CE,2021-10-26,09:54:59,7.0,7.45,6.95,7.45,0,0,18253.65
2021-10-26 09:55:59,NIFTY,28OCT21,18700,CE,2021-10-26,09:55:59,7.45,7.5,7.15,7.45,0,0,18250.65
2021-10-26 09:56:59,NIFTY,28OCT21,18700,CE,2021-10-26,09:56:59,7.4,7.75,7.25,7.65,0,0,18259.05
2021-10-26 09:57:59,NIFTY,28OCT21,18700,CE,2021-10-26,09:57:59,7.5,8.1,7.5,7.65,0,0,18253.55
2021-10-26 09:58:59,NIFTY,28OCT21,18700,CE,2021-10-26,09:58:59,7.5,7.6,7.4,7.5,0,0,18256.8
2021-10-26 09:59:59,NIFTY,28OCT21,18700,CE,2021-10-26,09:59:59,7.45,7.75,7.4,7.6,0,0,18259.3
2021-10-26 10:00:59,NIFTY,28OCT21,18700,CE,2021-10-26,10:00:59,7.65,7.8,7.35,7.35,0,0,18251.6
2021-10-26 10:01:59,NIFTY,28OCT21,18700,CE,2021-10-26,10:01:59,7.3,7.45,6.4,6.8,0,0,18239.85
2021-10-26 10:02:59,NIFTY,28OCT21,18700,CE,2021-10-26,10:02:59,6.7,6.95,6.55,6.6,0,0,18239.8
2021-10-26 10:03:59,NIFTY,28OCT21,18700,CE,2021-10-26,10:03:59,6.7,7.05,6.65,6.95,0,0,18253.4
2021-10-26 10:04:59,NIFTY,28OCT21,18700,CE,2021-10-26,10:04:59,7.0,7.0,6.7,6.7,0,0,18251.25
2021-10-26 10:05:59,NIFTY,28OCT21,18700,CE,2021-10-26,10:05:59,6.65,6.75,6.5,6.5,0,0,18247.85
2021-10-26 10:06:59,NIFTY,28OCT21,18700,CE,2021-10-26,10:06:59,6.55,6.7,6.5,6.7,0,0,18255.65
2021-10-26 10:07:59,NIFTY,28OCT21,18700,CE,2021-10-26,10:07:59,6.7,6.7,6.55,6.65,0,0,18249.45
2021-10-26 10:08:59,NIFTY,28OCT21,18700,CE,2021-10-26,10:08:59,6.65,6.65,6.4,6.6,0,0,18246.6
2021-10-26 10:09:59,NIFTY,28OCT21,18700,CE,2021-10-26,10:09:59,6.5,6.55,6.2,6.25,0,0,18252.3
2021-10-26 10:10:59,NIFTY,28OCT21,18700,CE,2021-10-26,10:10:59,6.2,6.3,5.95,5.95,0,0,18244.65
2021-10-26 10:11:59,NIFTY,28OCT21,18700,CE,2021-10-26,10:11:59,5.95,6.0,5.75,5.85,0,0,18242.6
2021-10-26 10:12:59,NIFTY,28OCT21,18700,CE,2021-10-26,10:12:59,5.9,5.95,5.8,5.95,0,0,18243.65
2021-10-26 10:13:59,NIFTY,28OCT21,18700,CE,2021-10-26,10:13:59,5.9,5.9,5.55,5.75,0,0,18235.85
2021-10-26 10:14:59,NIFTY,28OCT21,18700,CE,2021-10-26,10:14:59,5.65,5.9,5.65,5.85,0,0,18234.65
2021-10-26 10:15:59,NIFTY,28OCT21,18700,CE,2021-10-26,10:15:59,5.85,5.9,5.65,5.85,0,0,18236.5
2021-10-26 10:16:59,NIFTY,28OCT21,18700,CE,2021-10-26,10:16:59,5.85,6.1,5.7,5.7,0,0,18226.95
2021-10-26 10:17:59,NIFTY,28OCT21,18700,CE,2021-10-26,10:17:59,5.7,5.75,5.6,5.6,0,0,18227.6
2021-10-26 10:18:59,NIFTY,28OCT21,18700,CE,2021-10-26,10:18:59,5.6,5.7,5.55,5.7,0,0,18225.7
2021-10-26 10:19:59,NIFTY,28OCT21,18700,CE,2021-10-26,10:19:59,5.65,5.7,5.45,5.6,0,0,18216.75
2021-10-26 10:20:59,NIFTY,28OCT21,18700,CE,2021-10-26,10:20:59,5.6,5.6,4.9,5.05,0,0,18192.0
2021-10-26 10:21:59,NIFTY,28OCT21,18700,CE,2021-10-26,10:21:59,5.05,5.2,4.9,5.1,0,0,18181.25
2021-10-26 10:22:59,NIFTY,28OCT21,18700,CE,2021-10-26,10:22:59,5.05,5.15,4.95,5.0,0,0,18176.45
2021-10-26 10:23:59,NIFTY,28OCT21,18700,CE,2021-10-26,10:23:59,5.0,5.05,4.9,5.0,0,0,18191.25
2021-10-26 10:24:59,NIFTY,28OCT21,18700,CE,2021-10-26,10:24:59,4.95,5.15,4.95,5.15,0,0,18184.95
2021-10-26 10:25:59,NIFTY,28OCT21,18700,CE,2021-10-26,10:25:59,5.15,5.15,4.8,5.05,0,0,18174.5
2021-10-26 10:26:59,NIFTY,28OCT21,18700,CE,2021-10-26,10:26:59,5.1,5.25,5.05,5.2,0,0,18189.7
2021-10-26 10:27:59,NIFTY,28OCT21,18700,CE,2021-10-26,10:27:59,5.3,5.3,5.15,5.15,0,0,18196.65
2021-10-26 10:28:59,NIFTY,28OCT21,18700,CE,2021-10-26,10:28:59,5.15,5.35,5.15,5.25,0,0,18204.0
2021-10-26 10:29:59,NIFTY,28OCT21,18700,CE,2021-10-26,10:29:59,5.25,5.5,5.25,5.45,0,0,18208.65
2021-10-26 10:30:59,NIFTY,28OCT21,18700,CE,2021-10-26,10:30:59,5.4,5.65,5.4,5.5,0,0,18205.85
2021-10-26 10:31:59,NIFTY,28OCT21,18700,CE,2021-10-26,10:31:59,5.5,5.55,5.2,5.45,0,0,18203.15
2021-10-26 10:32:59,NIFTY,28OCT21,18700,CE,2021-10-26,10:32:59,5.45,5.45,5.25,5.3,0,0,18195.25
2021-10-26 10:33:59,NIFTY,28OCT21,18700,CE,2021-10-26,10:33:59,5.3,5.4,5.25,5.3,0,0,18193.5
2021-10-26 10:34:59,NIFTY,28OCT21,18700,CE,2021-10-26,10:34:59,5.3,5.35,5.2,5.2,0,0,18196.75
2021-10-26 10:35:59,NIFTY,28OCT21,18700,CE,2021-10-26,10:35:59,5.25,5.3,5.2,5.3,0,0,18196.0
2021-10-26 10:36:59,NIFTY,28OCT21,18700,CE,2021-10-26,10:36:59,5.25,5.25,5.15,5.2,0,0,18196.1
2021-10-26 10:37:59,NIFTY,28OCT21,18700,CE,2021-10-26,10:37:59,5.2,5.2,5.05,5.1,0,0,18189.0
2021-10-26 10:38:59,NIFTY,28OCT21,18700,CE,2021-10-26,10:38:59,5.05,5.2,5.05,5.1,0,0,18187.3
2021-10-26 10:39:59,NIFTY,28OCT21,18700,CE,2021-10-26,10:39:59,5.1,5.1,5.0,5.05,0,0,18185.25
2021-10-26 10:40:59,NIFTY,28OCT21,18700,CE,2021-10-26,10:40:59,5.05,5.15,4.95,5.1,0,0,18184.2
2021-10-26 10:41:59,NIFTY,28OCT21,18700,CE,2021-10-26,10:41:59,5.1,5.15,5.05,5.1,0,0,18181.7
2021-10-26 10:42:59,NIFTY,28OCT21,18700,CE,2021-10-26,10:42:59,5.1,5.15,5.05,5.05,0,0,18175.55
2021-10-26 10:43:59,NIFTY,28OCT21,18700,CE,2021-10-26,10:43:59,5.05,5.2,5.05,5.15,0,0,18181.25
2021-10-26 10:44:59,NIFTY,28OCT21,18700,CE,2021-10-26,10:44:59,5.15,5.15,5.0,5.1,0,0,18165.5
2021-10-26 10:45:59,NIFTY,28OCT21,18700,CE,2021-10-26,10:45:59,5.1,5.1,4.85,5.0,0,0,18144.9
2021-10-26 10:46:59,NIFTY,28OCT21,18700,CE,2021-10-26,10:46:59,5.0,5.0,4.8,4.9,0,0,18143.8
2021-10-26 10:47:59,NIFTY,28OCT21,18700,CE,2021-10-26,10:47:59,4.85,4.9,4.75,4.8,0,0,18135.6
2021-10-26 10:48:59,NIFTY,28OCT21,18700,CE,2021-10-26,10:48:59,4.85,4.9,4.65,4.7,0,0,18120.7
2021-10-26 10:49:59,NIFTY,28OCT21,18700,CE,2021-10-26,10:49:59,4.7,4.9,4.65,4.85,0,0,18132.55
2021-10-26 10:50:59,NIFTY,28OCT21,18700,CE,2021-10-26,10:50:59,4.9,5.0,4.8,4.95,0,0,18136.05
2021-10-26 10:51:59,NIFTY,28OCT21,18700,CE,2021-10-26,10:51:59,5.0,5.2,4.95,5.15,0,0,18143.15
2021-10-26 10:52:59,NIFTY,28OCT21,18700,CE,2021-10-26,10:52:59,5.15,5.2,5.1,5.15,0,0,18148.4
2021-10-26 10:53:59,NIFTY,28OCT21,18700,CE,2021-10-26,10:53:59,5.15,5.35,5.1,5.2,0,0,18140.6
2021-10-26 10:54:59,NIFTY,28OCT21,18700,CE,2021-10-26,10:54:59,5.2,5.45,5.2,5.25,0,0,18139.4
2021-10-26 10:55:59,NIFTY,28OCT21,18700,CE,2021-10-26,10:55:59,5.2,5.5,5.2,5.45,0,0,18151.5
2021-10-26 10:56:59,NIFTY,28OCT21,18700,CE,2021-10-26,10:56:59,5.4,5.55,5.4,5.45,0,0,18158.05
2021-10-26 10:57:59,NIFTY,28OCT21,18700,CE,2021-10-26,10:57:59,5.45,5.65,5.35,5.55,0,0,18152.85
2021-10-26 10:58:59,NIFTY,28OCT21,18700,CE,2021-10-26,10:58:59,5.55,5.6,5.45,5.55,0,0,18145.3
2021-10-26 10:59:59,NIFTY,28OCT21,18700,CE,2021-10-26,10:59:59,5.5,5.65,5.45,5.6,0,0,18150.0
2021-10-26 11:00:59,NIFTY,28OCT21,18700,CE,2021-10-26,11:00:59,5.55,5.65,5.55,5.65,0,0,18154.4
2021-10-26 11:01:59,NIFTY,28OCT21,18700,CE,2021-10-26,11:01:59,5.65,5.7,5.6,5.65,0,0,18154.55
2021-10-26 11:02:59,NIFTY,28OCT21,18700,CE,2021-10-26,11:02:59,5.65,5.7,5.55,5.55,0,0,18155.45
2021-10-26 11:03:59,NIFTY,28OCT21,18700,CE,2021-10-26,11:03:59,5.6,5.6,5.45,5.5,0,0,18149.85
2021-10-26 11:04:59,NIFTY,28OCT21,18700,CE,2021-10-26,11:04:59,5.45,5.6,5.45,5.45,0,0,18160.6
2021-10-26 11:05:59,NIFTY,28OCT21,18700,CE,2021-10-26,11:05:59,5.5,5.55,5.35,5.4,0,0,18159.7
2021-10-26 11:06:59,NIFTY,28OCT21,18700,CE,2021-10-26,11:06:59,5.35,5.5,5.25,5.3,0,0,18162.8
2021-10-26 11:07:59,NIFTY,28OCT21,18700,CE,2021-10-26,11:07:59,5.3,5.35,5.2,5.3,0,0,18160.95
2021-10-26 11:08:59,NIFTY,28OCT21,18700,CE,2021-10-26,11:08:59,5.25,5.35,5.2,5.2,0,0,18154.0
2021-10-26 11:09:59,NIFTY,28OCT21,18700,CE,2021-10-26,11:09:59,5.25,5.3,5.15,5.3,0,0,18149.5
2021-10-26 11:10:59,NIFTY,28OCT21,18700,CE,2021-10-26,11:10:59,5.35,5.4,5.25,5.35,0,0,18142.45
2021-10-26 11:11:59,NIFTY,28OCT21,18700,CE,2021-10-26,11:11:59,5.35,5.55,5.3,5.45,0,0,18145.35
2021-10-26 11:12:59,NIFTY,28OCT21,18700,CE,2021-10-26,11:12:59,5.45,5.6,5.4,5.5,0,0,18148.55
2021-10-26 11:13:59,NIFTY,28OCT21,18700,CE,2021-10-26,11:13:59,5.55,5.55,5.4,5.45,0,0,18154.8
2021-10-26 11:14:59,NIFTY,28OCT21,18700,CE,2021-10-26,11:14:59,5.45,5.5,5.4,5.45,0,0,18161.65
2021-10-26 11:15:59,NIFTY,28OCT21,18700,CE,2021-10-26,11:15:59,5.45,5.5,5.4,5.4,0,0,18155.45
2021-10-26 11:16:59,NIFTY,28OCT21,18700,CE,2021-10-26,11:16:59,5.45,5.45,5.35,5.35,0,0,18154.15
2021-10-26 11:17:59,NIFTY,28OCT21,18700,CE,2021-10-26,11:17:59,5.4,5.4,5.35,5.4,0,0,18153.15
2021-10-26 11:18:59,NIFTY,28OCT21,18700,CE,2021-10-26,11:18:59,5.4,5.45,5.35,5.45,0,0,18150.95
2021-10-26 11:19:59,NIFTY,28OCT21,18700,CE,2021-10-26,11:19:59,5.4,5.5,5.35,5.4,0,0,18146.1
2021-10-26 11:20:59,NIFTY,28OCT21,18700,CE,2021-10-26,11:20:59,5.4,5.4,5.35,5.4,0,0,18148.0
2021-10-26 11:21:59,NIFTY,28OCT21,18700,CE,2021-10-26,11:21:59,5.4,5.45,5.4,5.45,0,0,18144.25
2021-10-26 11:22:59,NIFTY,28OCT21,18700,CE,2021-10-26,11:22:59,5.45,5.55,5.4,5.4,0,0,18136.4
2021-10-26 11:23:59,NIFTY,28OCT21,18700,CE,2021-10-26,11:23:59,5.45,5.55,5.4,5.45,0,0,18123.95
2021-10-26 11:24:59,NIFTY,28OCT21,18700,CE,2021-10-26,11:24:59,5.45,5.7,5.4,5.55,0,0,18108.6
2021-10-26 11:25:59,NIFTY,28OCT21,18700,CE,2021-10-26,11:25:59,5.55,5.6,5.45,5.55,0,0,18106.2
2021-10-26 11:26:59,NIFTY,28OCT21,18700,CE,2021-10-26,11:26:59,5.6,5.6,5.4,5.5,0,0,18116.05
2021-10-26 11:27:59,NIFTY,28OCT21,18700,CE,2021-10-26,11:27:59,5.55,5.55,5.45,5.5,0,0,18118.45
2021-10-26 11:28:59,NIFTY,28OCT21,18700,CE,2021-10-26,11:28:59,5.45,5.6,5.45,5.55,0,0,18115.35
2021-10-26 11:29:59,NIFTY,28OCT21,18700,CE,2021-10-26,11:29:59,5.5,5.6,5.4,5.45,0,0,18117.3
2021-10-26 11:30:59,NIFTY,28OCT21,18700,CE,2021-10-26,11:30:59,5.45,5.5,5.35,5.4,0,0,18117.75
2021-10-26 11:31:59,NIFTY,28OCT21,18700,CE,2021-10-26,11:31:59,5.4,5.55,5.4,5.45,0,0,18120.9
2021-10-26 11:32:59,NIFTY,28OCT21,18700,CE,2021-10-26,11:32:59,5.5,5.6,5.45,5.55,0,0,18127.8
2021-10-26 11:33:59,NIFTY,28OCT21,18700,CE,2021-10-26,11:33:59,5.5,5.6,5.45,5.5,0,0,18124.15
2021-10-26 11:34:59,NIFTY,28OCT21,18700,CE,2021-10-26,11:34:59,5.5,5.55,5.45,5.5,0,0,18127.0
2021-10-26 11:35:59,NIFTY,28OCT21,18700,CE,2021-10-26,11:35:59,5.5,5.55,5.45,5.5,0,0,18121.1
2021-10-26 11:36:59,NIFTY,28OCT21,18700,CE,2021-10-26,11:36:59,5.5,5.5,5.4,5.45,0,0,18128.6
2021-10-26 11:37:59,NIFTY,28OCT21,18700,CE,2021-10-26,11:37:59,5.5,5.5,5.4,5.45,0,0,18126.95
2021-10-26 11:38:59,NIFTY,28OCT21,18700,CE,2021-10-26,11:38:59,5.4,5.45,5.35,5.45,0,0,18131.2
2021-10-26 11:39:59,NIFTY,28OCT21,18700,CE,2021-10-26,11:39:59,5.45,5.45,5.35,5.4,0,0,18129.35
2021-10-26 11:40:59,NIFTY,28OCT21,18700,CE,2021-10-26,11:40:59,5.4,5.4,5.3,5.35,0,0,18131.85
2021-10-26 11:41:59,NIFTY,28OCT21,18700,CE,2021-10-26,11:41:59,5.35,5.4,5.3,5.35,0,0,18136.5
2021-10-26 11:42:59,NIFTY,28OCT21,18700,CE,2021-10-26,11:42:59,5.4,5.5,5.35,5.5,0,0,18142.1
2021-10-26 11:43:59,NIFTY,28OCT21,18700,CE,2021-10-26,11:43:59,5.55,5.55,5.4,5.45,0,0,18133.7
2021-10-26 11:44:59,NIFTY,28OCT21,18700,CE,2021-10-26,11:44:59,5.4,5.55,5.4,5.5,0,0,18135.35
2021-10-26 11:45:59,NIFTY,28OCT21,18700,CE,2021-10-26,11:45:59,5.45,5.5,5.45,5.5,0,0,18139.45
2021-10-26 11:46:59,NIFTY,28OCT21,18700,CE,2021-10-26,11:46:59,5.5,5.7,5.45,5.65,0,0,18143.85
2021-10-26 11:47:59,NIFTY,28OCT21,18700,CE,2021-10-26,11:47:59,5.6,5.65,5.55,5.55,0,0,18143.95
2021-10-26 11:48:59,NIFTY,28OCT21,18700,CE,2021-10-26,11:48:59,5.55,5.6,5.45,5.45,0,0,18139.95
2021-10-26 11:49:59,NIFTY,28OCT21,18700,CE,2021-10-26,11:49:59,5.45,5.5,5.4,5.45,0,0,18126.05
2021-10-26 11:50:59,NIFTY,28OCT21,18700,CE,2021-10-26,11:50:59,5.4,5.55,5.4,5.5,0,0,18131.5
2021-10-26 11:51:59,NIFTY,28OCT21,18700,CE,2021-10-26,11:51:59,5.55,5.6,5.45,5.5,0,0,18135.7
2021-10-26 11:52:59,NIFTY,28OCT21,18700,CE,2021-10-26,11:52:59,5.5,5.5,5.45,5.45,0,0,18129.65
2021-10-26 11:53:59,NIFTY,28OCT21,18700,CE,2021-10-26,11:53:59,5.45,5.5,5.45,5.5,0,0,18131.25
2021-10-26 11:54:59,NIFTY,28OCT21,18700,CE,2021-10-26,11:54:59,5.5,5.5,5.4,5.5,0,0,18135.05
2021-10-26 11:55:59,NIFTY,28OCT21,18700,CE,2021-10-26,11:55:59,5.5,5.5,5.45,5.45,0,0,18134.1
2021-10-26 11:56:59,NIFTY,28OCT21,18700,CE,2021-10-26,11:56:59,5.5,5.5,5.45,5.5,0,0,18143.15
2021-10-26 11:57:59,NIFTY,28OCT21,18700,CE,2021-10-26,11:57:59,5.5,5.55,5.45,5.55,0,0,18140.05
2021-10-26 11:58:59,NIFTY,28OCT21,18700,CE,2021-10-26,11:58:59,5.55,5.6,5.5,5.55,0,0,18135.55
2021-10-26 11:59:59,NIFTY,28OCT21,18700,CE,2021-10-26,11:59:59,5.55,5.55,5.45,5.45,0,0,18136.65
2021-10-26 12:00:59,NIFTY,28OCT21,18700,CE,2021-10-26,12:00:59,5.45,5.5,5.4,5.5,0,0,18137.45
2021-10-26 12:01:59,NIFTY,28OCT21,18700,CE,2021-10-26,12:01:59,5.5,5.5,5.45,5.45,0,0,18144.05
2021-10-26 12:02:59,NIFTY,28OCT21,18700,CE,2021-10-26,12:02:59,5.45,5.6,5.4,5.6,0,0,18171.05
2021-10-26 12:03:59,NIFTY,28OCT21,18700,CE,2021-10-26,12:03:59,5.55,5.7,5.55,5.65,0,0,18182.95
2021-10-26 12:04:59,NIFTY,28OCT21,18700,CE,2021-10-26,12:04:59,5.6,5.7,5.55,5.6,0,0,18177.35
2021-10-26 12:05:59,NIFTY,28OCT21,18700,CE,2021-10-26,12:05:59,5.6,5.65,5.5,5.5,0,0,18181.0
2021-10-26 12:06:59,NIFTY,28OCT21,18700,CE,2021-10-26,12:06:59,5.5,5.55,5.45,5.5,0,0,18177.25
2021-10-26 12:07:59,NIFTY,28OCT21,18700,CE,2021-10-26,12:07:59,5.55,5.55,5.35,5.4,0,0,18173.75
2021-10-26 12:08:59,NIFTY,28OCT21,18700,CE,2021-10-26,12:08:59,5.4,5.45,5.25,5.35,0,0,18169.65
2021-10-26 12:09:59,NIFTY,28OCT21,18700,CE,2021-10-26,12:09:59,5.3,5.45,5.3,5.45,0,0,18166.35
2021-10-26 12:10:59,NIFTY,28OCT21,18700,CE,2021-10-26,12:10:59,5.45,5.5,5.4,5.4,0,0,18164.9
2021-10-26 12:11:59,NIFTY,28OCT21,18700,CE,2021-10-26,12:11:59,5.45,5.55,5.45,5.55,0,0,18167.85
2021-10-26 12:12:59,NIFTY,28OCT21,18700,CE,2021-10-26,12:12:59,5.55,5.55,5.45,5.45,0,0,18166.6
2021-10-26 12:13:59,NIFTY,28OCT21,18700,CE,2021-10-26,12:13:59,5.45,5.5,5.4,5.4,0,0,18166.6
2021-10-26 12:14:59,NIFTY,28OCT21,18700,CE,2021-10-26,12:14:59,5.45,5.45,5.2,5.25,0,0,18160.45
2021-10-26 12:15:59,NIFTY,28OCT21,18700,CE,2021-10-26,12:15:59,5.25,5.3,5.2,5.25,0,0,18164.4
2021-10-26 12:16:59,NIFTY,28OCT21,18700,CE,2021-10-26,12:16:59,5.2,5.2,5.15,5.15,0,0,18165.05
2021-10-26 12:17:59,NIFTY,28OCT21,18700,CE,2021-10-26,12:17:59,5.15,5.2,5.0,5.05,0,0,18168.7
2021-10-26 12:18:59,NIFTY,28OCT21,18700,CE,2021-10-26,12:18:59,5.1,5.1,4.95,5.0,0,0,18164.75
2021-10-26 12:19:59,NIFTY,28OCT21,18700,CE,2021-10-26,12:19:59,5.0,5.05,4.95,5.05,0,0,18160.15
2021-10-26 12:20:59,NIFTY,28OCT21,18700,CE,2021-10-26,12:20:59,5.0,5.1,5.0,5.0,0,0,18158.95
2021-10-26 12:21:59,NIFTY,28OCT21,18700,CE,2021-10-26,12:21:59,5.0,5.05,4.95,5.0,0,0,18163.7
2021-10-26 12:22:59,NIFTY,28OCT21,18700,CE,2021-10-26,12:22:59,5.0,5.1,5.0,5.05,0,0,18167.25
2021-10-26 12:23:59,NIFTY,28OCT21,18700,CE,2021-10-26,12:23:59,5.1,5.1,5.05,5.1,0,0,18166.65
2021-10-26 12:24:59,NIFTY,28OCT21,18700,CE,2021-10-26,12:24:59,5.05,5.15,5.05,5.15,0,0,18175.3
2021-10-26 12:25:59,NIFTY,28OCT21,18700,CE,2021-10-26,12:25:59,5.1,5.2,5.05,5.2,0,0,18178.05
2021-10-26 12:26:59,NIFTY,28OCT21,18700,CE,2021-10-26,12:26:59,5.15,5.2,5.1,5.15,0,0,18175.65
2021-10-26 12:27:59,NIFTY,28OCT21,18700,CE,2021-10-26,12:27:59,5.15,5.15,5.05,5.1,0,0,18173.65
2021-10-26 12:28:59,NIFTY,28OCT21,18700,CE,2021-10-26,12:28:59,5.1,5.1,4.95,5.0,0,0,18167.5
2021-10-26 12:29:59,NIFTY,28OCT21,18700,CE,2021-10-26,12:29:59,5.0,5.05,5.0,5.0,0,0,18170.6
2021-10-26 12:30:59,NIFTY,28OCT21,18700,CE,2021-10-26,12:30:59,5.0,5.05,4.95,4.95,0,0,18173.15
2021-10-26 12:31:59,NIFTY,28OCT21,18700,CE,2021-10-26,12:31:59,4.95,5.0,4.95,5.0,0,0,18180.3
2021-10-26 12:32:59,NIFTY,28OCT21,18700,CE,2021-10-26,12:32:59,5.0,5.0,4.9,4.9,0,0,18175.75
2021-10-26 12:33:59,NIFTY,28OCT21,18700,CE,2021-10-26,12:33:59,4.9,4.95,4.85,4.9,0,0,18175.0
2021-10-26 12:34:59,NIFTY,28OCT21,18700,CE,2021-10-26,12:34:59,4.85,4.9,4.8,4.85,0,0,18177.85
2021-10-26 12:35:59,NIFTY,28OCT21,18700,CE,2021-10-26,12:35:59,4.85,4.9,4.8,4.85,0,0,18179.2
2021-10-26 12:36:59,NIFTY,28OCT21,18700,CE,2021-10-26,12:36:59,4.85,4.85,4.7,4.8,0,0,18169.25
2021-10-26 12:37:59,NIFTY,28OCT21,18700,CE,2021-10-26,12:37:59,4.8,4.8,4.7,4.75,0,0,18166.45
2021-10-26 12:38:59,NIFTY,28OCT21,18700,CE,2021-10-26,12:38:59,4.75,4.75,4.45,4.55,0,0,18133.65
2021-10-26 12:39:59,NIFTY,28OCT21,18700,CE,2021-10-26,12:39:59,4.55,4.7,4.5,4.7,0,0,18125.65
2021-10-26 12:40:59,NIFTY,28OCT21,18700,CE,2021-10-26,12:40:59,4.7,4.75,4.55,4.6,0,0,18112.4
2021-10-26 12:41:59,NIFTY,28OCT21,18700,CE,2021-10-26,12:41:59,4.6,4.6,4.5,4.55,0,0,18127.15
2021-10-26 12:42:59,NIFTY,28OCT21,18700,CE,2021-10-26,12:42:59,4.6,4.65,4.5,4.55,0,0,18137.15
2021-10-26 12:43:59,NIFTY,28OCT21,18700,CE,2021-10-26,12:43:59,4.55,4.55,4.45,4.55,0,0,18125.95
2021-10-26 12:44:59,NIFTY,28OCT21,18700,CE,2021-10-26,12:44:59,4.6,4.6,4.45,4.55,0,0,18123.75
2021-10-26 12:45:59,NIFTY,28OCT21,18700,CE,2021-10-26,12:45:59,4.55,4.6,4.5,4.5,0,0,18132.35
2021-10-26 12:46:59,NIFTY,28OCT21,18700,CE,2021-10-26,12:46:59,4.5,4.55,4.4,4.4,0,0,18135.3
2021-10-26 12:47:59,NIFTY,28OCT21,18700,CE,2021-10-26,12:47:59,4.45,4.55,4.45,4.45,0,0,18137.8
2021-10-26 12:48:59,NIFTY,28OCT21,18700,CE,2021-10-26,12:48:59,4.4,4.45,4.4,4.4,0,0,18136.05
2021-10-26 12:49:59,NIFTY,28OCT21,18700,CE,2021-10-26,12:49:59,4.45,4.5,4.4,4.45,0,0,18134.7
2021-10-26 12:50:59,NIFTY,28OCT21,18700,CE,2021-10-26,12:50:59,4.45,4.5,4.4,4.45,0,0,18139.2
2021-10-26 12:51:59,NIFTY,28OCT21,18700,CE,2021-10-26,12:51:59,4.45,4.45,4.4,4.4,0,0,18143.4
2021-10-26 12:52:59,NIFTY,28OCT21,18700,CE,2021-10-26,12:52:59,4.45,4.45,4.35,4.35,0,0,18143.3
2021-10-26 12:53:59,NIFTY,28OCT21,18700,CE,2021-10-26,12:53:59,4.35,4.4,4.35,4.4,0,0,18146.45
2021-10-26 12:54:59,NIFTY,28OCT21,18700,CE,2021-10-26,12:54:59,4.4,4.4,4.35,4.35,0,0,18150.3
2021-10-26 12:55:59,NIFTY,28OCT21,18700,CE,2021-10-26,12:55:59,4.35,4.5,4.35,4.45,0,0,18168.1
2021-10-26 12:56:59,NIFTY,28OCT21,18700,CE,2021-10-26,12:56:59,4.45,4.5,4.4,4.5,0,0,18172.55
2021-10-26 12:57:59,NIFTY,28OCT21,18700,CE,2021-10-26,12:57:59,4.45,4.45,4.35,4.4,0,0,18160.2
2021-10-26 12:58:59,NIFTY,28OCT21,18700,CE,2021-10-26,12:58:59,4.4,4.45,4.35,4.4,0,0,18161.4
2021-10-26 12:59:59,NIFTY,28OCT21,18700,CE,2021-10-26,12:59:59,4.35,4.45,4.35,4.35,0,0,18172.8
2021-10-26 13:00:59,NIFTY,28OCT21,18700,CE,2021-10-26,13:00:59,4.4,4.4,4.35,4.4,0,0,18179.15
2021-10-26 13:01:59,NIFTY,28OCT21,18700,CE,2021-10-26,13:01:59,4.35,4.4,4.35,4.35,0,0,18171.05
2021-10-26 13:02:59,NIFTY,28OCT21,18700,CE,2021-10-26,13:02:59,4.4,4.4,4.35,4.4,0,0,18166.4
2021-10-26 13:03:59,NIFTY,28OCT21,18700,CE,2021-10-26,13:03:59,4.35,4.4,4.3,4.35,0,0,18161.25
2021-10-26 13:04:59,NIFTY,28OCT21,18700,CE,2021-10-26,13:04:59,4.35,4.4,4.3,4.3,0,0,18158.45
2021-10-26 13:05:59,NIFTY,28OCT21,18700,CE,2021-10-26,13:05:59,4.3,4.35,4.25,4.3,0,0,18164.2
2021-10-26 13:06:59,NIFTY,28OCT21,18700,CE,2021-10-26,13:06:59,4.35,4.35,4.3,4.3,0,0,18171.6
2021-10-26 13:07:59,NIFTY,28OCT21,18700,CE,2021-10-26,13:07:59,4.3,4.35,4.25,4.35,0,0,18166.85
2021-10-26 13:08:59,NIFTY,28OCT21,18700,CE,2021-10-26,13:08:59,4.3,4.35,4.25,4.25,0,0,18164.3
2021-10-26 13:09:59,NIFTY,28OCT21,18700,CE,2021-10-26,13:09:59,4.25,4.35,4.25,4.25,0,0,18173.65
2021-10-26 13:10:59,NIFTY,28OCT21,18700,CE,2021-10-26,13:10:59,4.3,4.35,4.3,4.35,0,0,18171.75
2021-10-26 13:11:59,NIFTY,28OCT21,18700,CE,2021-10-26,13:11:59,4.3,4.4,4.3,4.4,0,0,18170.6
2021-10-26 13:12:59,NIFTY,28OCT21,18700,CE,2021-10-26,13:12:59,4.35,4.4,4.3,4.35,0,0,18171.05
2021-10-26 13:13:59,NIFTY,28OCT21,18700,CE,2021-10-26,13:13:59,4.35,4.4,4.3,4.35,0,0,18170.05
2021-10-26 13:14:59,NIFTY,28OCT21,18700,CE,2021-10-26,13:14:59,4.35,4.35,4.25,4.3,0,0,18165.0
2021-10-26 13:15:59,NIFTY,28OCT21,18700,CE,2021-10-26,13:15:59,4.3,4.3,4.25,4.3,0,0,18163.25
2021-10-26 13:16:59,NIFTY,28OCT21,18700,CE,2021-10-26,13:16:59,4.3,4.35,4.25,4.35,0,0,18175.05
2021-10-26 13:17:59,NIFTY,28OCT21,18700,CE,2021-10-26,13:17:59,4.35,4.35,4.3,4.35,0,0,18178.4
2021-10-26 13:18:59,NIFTY,28OCT21,18700,CE,2021-10-26,13:18:59,4.3,4.35,4.3,4.35,0,0,18176.3
2021-10-26 13:19:59,NIFTY,28OCT21,18700,CE,2021-10-26,13:19:59,4.35,4.35,4.25,4.35,0,0,18177.8
2021-10-26 13:20:59,NIFTY,28OCT21,18700,CE,2021-10-26,13:20:59,4.3,4.35,4.2,4.25,0,0,18175.2
2021-10-26 13:21:59,NIFTY,28OCT21,18700,CE,2021-10-26,13:21:59,4.2,4.3,4.2,4.2,0,0,18172.5
2021-10-26 13:22:59,NIFTY,28OCT21,18700,CE,2021-10-26,13:22:59,4.2,4.25,4.2,4.2,0,0,18169.25
2021-10-26 13:23:59,NIFTY,28OCT21,18700,CE,2021-10-26,13:23:59,4.2,4.25,4.15,4.15,0,0,18168.25
2021-10-26 13:24:59,NIFTY,28OCT21,18700,CE,2021-10-26,13:24:59,4.15,4.15,4.1,4.15,0,0,18169.15
2021-10-26 13:25:59,NIFTY,28OCT21,18700,CE,2021-10-26,13:25:59,4.15,4.15,4.1,4.1,0,0,18169.2
2021-10-26 13:26:59,NIFTY,28OCT21,18700,CE,2021-10-26,13:26:59,4.1,4.25,4.05,4.25,0,0,18173.4
2021-10-26 13:27:59,NIFTY,28OCT21,18700,CE,2021-10-26,13:27:59,4.25,4.55,4.25,4.5,0,0,18187.1
2021-10-26 13:28:59,NIFTY,28OCT21,18700,CE,2021-10-26,13:28:59,4.5,4.5,4.3,4.3,0,0,18183.0
2021-10-26 13:29:59,NIFTY,28OCT21,18700,CE,2021-10-26,13:29:59,4.3,4.45,4.3,4.4,0,0,18192.45
2021-10-26 13:30:59,NIFTY,28OCT21,18700,CE,2021-10-26,13:30:59,4.4,4.45,4.35,4.35,0,0,18189.75
2021-10-26 13:31:59,NIFTY,28OCT21,18700,CE,2021-10-26,13:31:59,4.4,4.45,4.3,4.3,0,0,18196.7
2021-10-26 13:32:59,NIFTY,28OCT21,18700,CE,2021-10-26,13:32:59,4.3,4.35,4.2,4.2,0,0,18194.95
2021-10-26 13:33:59,NIFTY,28OCT21,18700,CE,2021-10-26,13:33:59,4.25,4.25,4.05,4.15,0,0,18188.8
2021-10-26 13:34:59,NIFTY,28OCT21,18700,CE,2021-10-26,13:34:59,4.1,4.15,4.05,4.1,0,0,18189.95
2021-10-26 13:35:59,NIFTY,28OCT21,18700,CE,2021-10-26,13:35:59,4.1,4.1,4.05,4.05,0,0,18193.5
2021-10-26 13:36:59,NIFTY,28OCT21,18700,CE,2021-10-26,13:36:59,4.1,4.2,4.05,4.2,0,0,18205.75
2021-10-26 13:37:59,NIFTY,28OCT21,18700,CE,2021-10-26,13:37:59,4.2,4.4,4.15,4.35,0,0,18217.15
2021-10-26 13:38:59,NIFTY,28OCT21,18700,CE,2021-10-26,13:38:59,4.4,4.4,4.3,4.4,0,0,18211.05
2021-10-26 13:39:59,NIFTY,28OCT21,18700,CE,2021-10-26,13:39:59,4.4,4.5,4.4,4.4,0,0,18213.25
2021-10-26 13:40:59,NIFTY,28OCT21,18700,CE,2021-10-26,13:40:59,4.45,4.65,4.4,4.6,0,0,18212.25
2021-10-26 13:41:59,NIFTY,28OCT21,18700,CE,2021-10-26,13:41:59,4.65,4.7,4.55,4.6,0,0,18212.55
2021-10-26 13:42:59,NIFTY,28OCT21,18700,CE,2021-10-26,13:42:59,4.6,4.6,4.45,4.5,0,0,18211.65
2021-10-26 13:43:59,NIFTY,28OCT21,18700,CE,2021-10-26,13:43:59,4.5,4.8,4.5,4.8,0,0,18224.2
2021-10-26 13:44:59,NIFTY,28OCT21,18700,CE,2021-10-26,13:44:59,4.8,4.95,4.65,4.8,0,0,18230.95
2021-10-26 13:45:59,NIFTY,28OCT21,18700,CE,2021-10-26,13:45:59,4.8,4.9,4.6,4.7,0,0,18223.25
2021-10-26 13:46:59,NIFTY,28OCT21,18700,CE,2021-10-26,13:46:59,4.7,4.75,4.45,4.5,0,0,18217.65
2021-10-26 13:47:59,NIFTY,28OCT21,18700,CE,2021-10-26,13:47:59,4.55,4.7,4.5,4.6,0,0,18217.05
2021-10-26 13:48:59,NIFTY,28OCT21,18700,CE,2021-10-26,13:48:59,4.65,4.75,4.55,4.6,0,0,18222.2
2021-10-26 13:49:59,NIFTY,28OCT21,18700,CE,2021-10-26,13:49:59,4.55,4.7,4.55,4.55,0,0,18220.8
2021-10-26 13:50:59,NIFTY,28OCT21,18700,CE,2021-10-26,13:50:59,4.6,4.65,4.5,4.55,0,0,18224.35
2021-10-26 13:51:59,NIFTY,28OCT21,18700,CE,2021-10-26,13:51:59,4.6,4.6,4.45,4.5,0,0,18229.8
2021-10-26 13:52:59,NIFTY,28OCT21,18700,CE,2021-10-26,13:52:59,4.5,4.5,4.3,4.45,0,0,18223.85
2021-10-26 13:53:59,NIFTY,28OCT21,18700,CE,2021-10-26,13:53:59,4.35,4.4,4.2,4.25,0,0,18217.15
2021-10-26 13:54:59,NIFTY,28OCT21,18700,CE,2021-10-26,13:54:59,4.25,4.3,4.2,4.2,0,0,18223.35
2021-10-26 13:55:59,NIFTY,28OCT21,18700,CE,2021-10-26,13:55:59,4.2,4.3,4.2,4.2,0,0,18227.65
2021-10-26 13:56:59,NIFTY,28OCT21,18700,CE,2021-10-26,13:56:59,4.2,4.25,4.15,4.25,0,0,18219.75
2021-10-26 13:57:59,NIFTY,28OCT21,18700,CE,2021-10-26,13:57:59,4.3,4.4,4.25,4.35,0,0,18224.95
2021-10-26 13:58:59,NIFTY,28OCT21,18700,CE,2021-10-26,13:58:59,4.35,4.4,4.25,4.25,0,0,18224.8
2021-10-26 13:59:59,NIFTY,28OCT21,18700,CE,2021-10-26,13:59:59,4.3,4.35,4.25,4.35,0,0,18225.85
2021-10-26 14:00:59,NIFTY,28OCT21,18700,CE,2021-10-26,14:00:59,4.35,4.35,4.25,4.3,0,0,18225.75
2021-10-26 14:01:59,NIFTY,28OCT21,18700,CE,2021-10-26,14:01:59,4.3,4.5,4.3,4.5,0,0,18230.25
2021-10-26 14:02:59,NIFTY,28OCT21,18700,CE,2021-10-26,14:02:59,4.4,4.45,4.35,4.35,0,0,18222.35
2021-10-26 14:03:59,NIFTY,28OCT21,18700,CE,2021-10-26,14:03:59,4.3,4.4,4.3,4.3,0,0,18221.25
2021-10-26 14:04:59,NIFTY,28OCT21,18700,CE,2021-10-26,14:04:59,4.3,4.45,4.3,4.4,0,0,18224.65
2021-10-26 14:05:59,NIFTY,28OCT21,18700,CE,2021-10-26,14:05:59,4.45,4.45,4.35,4.35,0,0,18228.25
2021-10-26 14:06:59,NIFTY,28OCT21,18700,CE,2021-10-26,14:06:59,4.35,4.4,4.3,4.35,0,0,18222.25
2021-10-26 14:07:59,NIFTY,28OCT21,18700,CE,2021-10-26,14:07:59,4.35,4.35,4.25,4.25,0,0,18218.45
2021-10-26 14:08:59,NIFTY,28OCT21,18700,CE,2021-10-26,14:08:59,4.25,4.25,4.0,4.2,0,0,18219.75
2021-10-26 14:09:59,NIFTY,28OCT21,18700,CE,2021-10-26,14:09:59,4.15,4.3,4.15,4.3,0,0,18231.75
2021-10-26 14:10:59,NIFTY,28OCT21,18700,CE,2021-10-26,14:10:59,4.25,4.35,4.15,4.2,0,0,18236.85
2021-10-26 14:11:59,NIFTY,28OCT21,18700,CE,2021-10-26,14:11:59,4.25,4.25,4.1,4.1,0,0,18225.55
2021-10-26 14:12:59,NIFTY,28OCT21,18700,CE,2021-10-26,14:12:59,4.1,4.15,4.05,4.1,0,0,18226.25
2021-10-26 14:13:59,NIFTY,28OCT21,18700,CE,2021-10-26,14:13:59,4.1,4.2,4.05,4.05,0,0,18231.2
2021-10-26 14:14:59,NIFTY,28OCT21,18700,CE,2021-10-26,14:14:59,4.05,4.2,4.05,4.2,0,0,18246.35
2021-10-26 14:15:59,NIFTY,28OCT21,18700,CE,2021-10-26,14:15:59,4.15,4.5,4.15,4.5,0,0,18249.35
2021-10-26 14:16:59,NIFTY,28OCT21,18700,CE,2021-10-26,14:16:59,4.5,4.6,4.45,4.6,0,0,18238.35
2021-10-26 14:17:59,NIFTY,28OCT21,18700,CE,2021-10-26,14:17:59,4.6,4.65,4.25,4.3,0,0,18242.35
2021-10-26 14:18:59,NIFTY,28OCT21,18700,CE,2021-10-26,14:18:59,4.3,4.4,4.2,4.25,0,0,18243.45
2021-10-26 14:19:59,NIFTY,28OCT21,18700,CE,2021-10-26,14:19:59,4.2,4.25,4.05,4.1,0,0,18239.75
2021-10-26 14:20:59,NIFTY,28OCT21,18700,CE,2021-10-26,14:20:59,4.05,4.15,3.95,4.1,0,0,18239.75
2021-10-26 14:21:59,NIFTY,28OCT21,18700,CE,2021-10-26,14:21:59,4.1,4.2,4.05,4.1,0,0,18241.25
2021-10-26 14:22:59,NIFTY,28OCT21,18700,CE,2021-10-26,14:22:59,4.1,4.15,4.05,4.05,0,0,18238.1
2021-10-26 14:23:59,NIFTY,28OCT21,18700,CE,2021-10-26,14:23:59,4.05,4.1,4.0,4.05,0,0,18238.35
2021-10-26 14:24:59,NIFTY,28OCT21,18700,CE,2021-10-26,14:24:59,4.0,4.05,3.9,3.9,0,0,18235.2
2021-10-26 14:25:59,NIFTY,28OCT21,18700,CE,2021-10-26,14:25:59,3.95,4.0,3.9,3.9,0,0,18242.65
2021-10-26 14:26:59,NIFTY,28OCT21,18700,CE,2021-10-26,14:26:59,3.9,3.95,3.85,3.9,0,0,18242.8
2021-10-26 14:27:59,NIFTY,28OCT21,18700,CE,2021-10-26,14:27:59,3.9,3.9,3.8,3.85,0,0,18245.75
2021-10-26 14:28:59,NIFTY,28OCT21,18700,CE,2021-10-26,14:28:59,3.85,3.85,3.8,3.85,0,0,18251.0
2021-10-26 14:29:59,NIFTY,28OCT21,18700,CE,2021-10-26,14:29:59,3.85,3.85,3.75,3.8,0,0,18248.45
2021-10-26 14:30:59,NIFTY,28OCT21,18700,CE,2021-10-26,14:30:59,3.8,3.8,3.7,3.75,0,0,18242.95
2021-10-26 14:31:59,NIFTY,28OCT21,18700,CE,2021-10-26,14:31:59,3.75,3.85,3.7,3.85,0,0,18246.75
2021-10-26 14:32:59,NIFTY,28OCT21,18700,CE,2021-10-26,14:32:59,3.85,3.85,3.7,3.75,0,0,18244.4
2021-10-26 14:33:59,NIFTY,28OCT21,18700,CE,2021-10-26,14:33:59,3.7,3.8,3.7,3.75,0,0,18243.75
2021-10-26 14:34:59,NIFTY,28OCT21,18700,CE,2021-10-26,14:34:59,3.7,3.8,3.7,3.75,0,0,18246.75
2021-10-26 14:35:59,NIFTY,28OCT21,18700,CE,2021-10-26,14:35:59,3.75,3.95,3.75,3.9,0,0,18254.75
2021-10-26 14:36:59,NIFTY,28OCT21,18700,CE,2021-10-26,14:36:59,3.85,3.9,3.75,3.75,0,0,18248.6
2021-10-26 14:37:59,NIFTY,28OCT21,18700,CE,2021-10-26,14:37:59,3.75,3.8,3.65,3.7,0,0,18239.3
2021-10-26 14:38:59,NIFTY,28OCT21,18700,CE,2021-10-26,14:38:59,3.65,3.7,3.6,3.65,0,0,18236.65
2021-10-26 14:39:59,NIFTY,28OCT21,18700,CE,2021-10-26,14:39:59,3.65,3.8,3.65,3.8,0,0,18237.9
2021-10-26 14:40:59,NIFTY,28OCT21,18700,CE,2021-10-26,14:40:59,3.8,3.85,3.65,3.65,0,0,18230.15
2021-10-26 14:41:59,NIFTY,28OCT21,18700,CE,2021-10-26,14:41:59,3.65,3.65,3.3,3.5,0,0,18217.2
2021-10-26 14:42:59,NIFTY,28OCT21,18700,CE,2021-10-26,14:42:59,3.5,3.65,3.45,3.6,0,0,18230.55
2021-10-26 14:43:59,NIFTY,28OCT21,18700,CE,2021-10-26,14:43:59,3.6,3.6,3.4,3.45,0,0,18225.85
2021-10-26 14:44:59,NIFTY,28OCT21,18700,CE,2021-10-26,14:44:59,3.45,3.6,3.45,3.55,0,0,18232.25
2021-10-26 14:45:59,NIFTY,28OCT21,18700,CE,2021-10-26,14:45:59,3.55,3.6,3.5,3.55,0,0,18229.95
2021-10-26 14:46:59,NIFTY,28OCT21,18700,CE,2021-10-26,14:46:59,3.5,3.55,3.5,3.5,0,0,18230.7
2021-10-26 14:47:59,NIFTY,28OCT21,18700,CE,2021-10-26,14:47:59,3.5,3.55,3.4,3.5,0,0,18232.1
2021-10-26 14:48:59,NIFTY,28OCT21,18700,CE,2021-10-26,14:48:59,3.45,3.65,3.4,3.65,0,0,18237.8
2021-10-26 14:49:59,NIFTY,28OCT21,18700,CE,2021-10-26,14:49:59,3.6,3.65,3.4,3.45,0,0,18236.85
2021-10-26 14:50:59,NIFTY,28OCT21,18700,CE,2021-10-26,14:50:59,3.4,3.5,3.4,3.45,0,0,18232.55
2021-10-26 14:51:59,NIFTY,28OCT21,18700,CE,2021-10-26,14:51:59,3.45,3.55,3.35,3.4,0,0,18233.15
2021-10-26 14:52:59,NIFTY,28OCT21,18700,CE,2021-10-26,14:52:59,3.4,3.45,3.35,3.4,0,0,18234.9
2021-10-26 14:53:59,NIFTY,28OCT21,18700,CE,2021-10-26,14:53:59,3.4,3.5,3.4,3.4,0,0,18236.95
2021-10-26 14:54:59,NIFTY,28OCT21,18700,CE,2021-10-26,14:54:59,3.45,3.6,3.4,3.55,0,0,18241.7
2021-10-26 14:55:59,NIFTY,28OCT21,18700,CE,2021-10-26,14:55:59,3.55,3.65,3.55,3.6,0,0,18240.8
2021-10-26 14:56:59,NIFTY,28OCT21,18700,CE,2021-10-26,14:56:59,3.6,3.75,3.55,3.6,0,0,18238.0
2021-10-26 14:57:59,NIFTY,28OCT21,18700,CE,2021-10-26,14:57:59,3.55,3.75,3.55,3.75,0,0,18248.4
2021-10-26 14:58:59,NIFTY,28OCT21,18700,CE,2021-10-26,14:58:59,3.75,3.75,3.6,3.65,0,0,18243.65
2021-10-26 14:59:59,NIFTY,28OCT21,18700,CE,2021-10-26,14:59:59,3.65,3.65,3.55,3.55,0,0,18242.75
2021-10-26 15:00:59,NIFTY,28OCT21,18700,CE,2021-10-26,15:00:59,3.6,3.6,3.4,3.45,0,0,18236.25
2021-10-26 15:01:59,NIFTY,28OCT21,18700,CE,2021-10-26,15:01:59,3.45,3.5,3.4,3.45,0,0,18234.4
2021-10-26 15:02:59,NIFTY,28OCT21,18700,CE,2021-10-26,15:02:59,3.4,3.45,3.3,3.3,0,0,18229.55
2021-10-26 15:03:59,NIFTY,28OCT21,18700,CE,2021-10-26,15:03:59,3.35,3.4,3.3,3.4,0,0,18234.75
2021-10-26 15:04:59,NIFTY,28OCT21,18700,CE,2021-10-26,15:04:59,3.4,3.4,3.3,3.35,0,0,18229.7
2021-10-26 15:05:59,NIFTY,28OCT21,18700,CE,2021-10-26,15:05:59,3.35,3.4,3.25,3.25,0,0,18232.35
2021-10-26 15:06:59,NIFTY,28OCT21,18700,CE,2021-10-26,15:06:59,3.3,3.4,3.15,3.25,0,0,18236.15
2021-10-26 15:07:59,NIFTY,28OCT21,18700,CE,2021-10-26,15:07:59,3.25,3.35,3.25,3.3,0,0,18241.85
2021-10-26 15:08:59,NIFTY,28OCT21,18700,CE,2021-10-26,15:08:59,3.35,3.75,3.3,3.7,0,0,18251.7
2021-10-26 15:09:59,NIFTY,28OCT21,18700,CE,2021-10-26,15:09:59,3.7,4.05,3.7,3.95,0,0,18257.8
2021-10-26 15:10:59,NIFTY,28OCT21,18700,CE,2021-10-26,15:10:59,3.95,4.5,3.95,4.4,0,0,18261.35
2021-10-26 15:11:59,NIFTY,28OCT21,18700,CE,2021-10-26,15:11:59,4.4,4.65,4.25,4.35,0,0,18260.25
2021-10-26 15:12:59,NIFTY,28OCT21,18700,CE,2021-10-26,15:12:59,4.3,4.4,4.1,4.2,0,0,18257.5
2021-10-26 15:13:59,NIFTY,28OCT21,18700,CE,2021-10-26,15:13:59,4.2,4.4,4.15,4.4,0,0,18260.15
2021-10-26 15:14:59,NIFTY,28OCT21,18700,CE,2021-10-26,15:14:59,4.35,4.55,4.3,4.3,0,0,18262.7
2021-10-26 15:15:59,NIFTY,28OCT21,18700,CE,2021-10-26,15:15:59,4.35,4.45,4.15,4.25,0,0,18268.35
2021-10-26 15:16:59,NIFTY,28OCT21,18700,CE,2021-10-26,15:16:59,4.25,4.4,4.15,4.4,0,0,18280.8
2021-10-26 15:17:59,NIFTY,28OCT21,18700,CE,2021-10-26,15:17:59,4.4,4.6,4.4,4.45,0,0,18274.45
2021-10-26 15:18:59,NIFTY,28OCT21,18700,CE,2021-10-26,15:18:59,4.45,4.65,4.3,4.6,0,0,18270.4
2021-10-26 15:19:59,NIFTY,28OCT21,18700,CE,2021-10-26,15:19:59,4.6,5.1,4.55,4.95,0,0,18279.55
2021-10-26 15:20:59,NIFTY,28OCT21,18700,CE,2021-10-26,15:20:59,5.0,5.0,4.75,4.75,0,0,18285.45
2021-10-26 15:21:59,NIFTY,28OCT21,18700,CE,2021-10-26,15:21:59,4.75,4.85,4.55,4.55,0,0,18283.65
2021-10-26 15:22:59,NIFTY,28OCT21,18700,CE,2021-10-26,15:22:59,4.6,4.6,4.3,4.4,0,0,18284.1
2021-10-26 15:23:59,NIFTY,28OCT21,18700,CE,2021-10-26,15:23:59,4.4,4.8,4.4,4.75,0,0,18286.25
2021-10-26 15:24:59,NIFTY,28OCT21,18700,CE,2021-10-26,15:24:59,4.75,5.0,4.75,4.75,0,0,18289.85
2021-10-26 15:25:59,NIFTY,28OCT21,18700,CE,2021-10-26,15:25:59,4.75,4.8,4.55,4.55,0,0,18292.45
2021-10-26 15:26:59,NIFTY,28OCT21,18700,CE,2021-10-26,15:26:59,4.6,4.7,4.45,4.5,0,0,18294.55
2021-10-26 15:27:59,NIFTY,28OCT21,18700,CE,2021-10-26,15:27:59,4.5,4.6,4.35,4.5,0,0,18292.9
2021-10-26 15:28:59,NIFTY,28OCT21,18700,CE,2021-10-26,15:28:59,4.55,4.55,4.35,4.5,0,0,18297.55
2021-10-26 15:29:59,NIFTY,28OCT21,18700,CE,2021-10-26,15:29:59,4.5,4.7,4.4,4.65,0,0,18308.95
2021-10-27 09:15:59,NIFTY,28OCT21,18700,CE,2021-10-27,09:15:59,3.45,3.85,3.15,3.65,0,0,18321.5
2021-10-27 09:16:59,NIFTY,28OCT21,18700,CE,2021-10-27,09:16:59,3.6,3.65,2.95,3.15,0,0,18274.65
2021-10-27 09:17:59,NIFTY,28OCT21,18700,CE,2021-10-27,09:17:59,3.2,3.25,3.05,3.1,0,0,18262.25
2021-10-27 09:18:59,NIFTY,28OCT21,18700,CE,2021-10-27,09:18:59,3.1,3.2,3.0,3.15,0,0,18291.75
2021-10-27 09:19:59,NIFTY,28OCT21,18700,CE,2021-10-27,09:19:59,3.15,3.2,3.0,3.0,0,0,18290.15
2021-10-27 09:20:59,NIFTY,28OCT21,18700,CE,2021-10-27,09:20:59,3.1,3.1,3.0,3.05,0,0,18297.75
2021-10-27 09:21:59,NIFTY,28OCT21,18700,CE,2021-10-27,09:21:59,3.05,3.45,3.0,3.2,0,0,18315.1
2021-10-27 09:22:59,NIFTY,28OCT21,18700,CE,2021-10-27,09:22:59,3.2,3.55,3.2,3.35,0,0,18327.55
2021-10-27 09:23:59,NIFTY,28OCT21,18700,CE,2021-10-27,09:23:59,3.35,3.45,3.2,3.3,0,0,18316.8
2021-10-27 09:24:59,NIFTY,28OCT21,18700,CE,2021-10-27,09:24:59,3.25,3.4,3.0,3.25,0,0,18300.55
2021-10-27 09:25:59,NIFTY,28OCT21,18700,CE,2021-10-27,09:25:59,3.25,3.25,3.0,3.1,0,0,18283.7
2021-10-27 09:26:59,NIFTY,28OCT21,18700,CE,2021-10-27,09:26:59,3.15,3.35,3.05,3.35,0,0,18291.65
2021-10-27 09:27:59,NIFTY,28OCT21,18700,CE,2021-10-27,09:27:59,3.3,3.5,3.25,3.35,0,0,18304.1
2021-10-27 09:28:59,NIFTY,28OCT21,18700,CE,2021-10-27,09:28:59,3.4,3.45,3.25,3.4,0,0,18300.7
2021-10-27 09:29:59,NIFTY,28OCT21,18700,CE,2021-10-27,09:29:59,3.35,3.4,3.25,3.3,0,0,18308.5
2021-10-27 09:30:59,NIFTY,28OCT21,18700,CE,2021-10-27,09:30:59,3.35,3.45,3.25,3.4,0,0,18310.1
2021-10-27 09:31:59,NIFTY,28OCT21,18700,CE,2021-10-27,09:31:59,3.4,3.5,3.3,3.35,0,0,18313.4
2021-10-27 09:32:59,NIFTY,28OCT21,18700,CE,2021-10-27,09:32:59,3.35,3.4,3.25,3.25,0,0,18310.65
2021-10-27 09:33:59,NIFTY,28OCT21,18700,CE,2021-10-27,09:33:59,3.25,3.25,3.1,3.2,0,0,18305.1
2021-10-27 09:34:59,NIFTY,28OCT21,18700,CE,2021-10-27,09:34:59,3.2,3.25,3.15,3.2,0,0,18287.7
2021-10-27 09:35:59,NIFTY,28OCT21,18700,CE,2021-10-27,09:35:59,3.25,3.25,3.2,3.2,0,0,18293.9
2021-10-27 09:36:59,NIFTY,28OCT21,18700,CE,2021-10-27,09:36:59,3.2,3.35,3.2,3.35,0,0,18302.5
2021-10-27 09:37:59,NIFTY,28OCT21,18700,CE,2021-10-27,09:37:59,3.3,3.35,3.25,3.3,0,0,18301.25
2021-10-27 09:38:59,NIFTY,28OCT21,18700,CE,2021-10-27,09:38:59,3.3,3.4,3.3,3.3,0,0,18301.65
2021-10-27 09:39:59,NIFTY,28OCT21,18700,CE,2021-10-27,09:39:59,3.35,3.35,3.25,3.35,0,0,18281.1
2021-10-27 09:40:59,NIFTY,28OCT21,18700,CE,2021-10-27,09:40:59,3.3,3.4,3.3,3.3,0,0,18289.0
2021-10-27 09:41:59,NIFTY,28OCT21,18700,CE,2021-10-27,09:41:59,3.3,3.4,3.25,3.4,0,0,18291.7
2021-10-27 09:42:59,NIFTY,28OCT21,18700,CE,2021-10-27,09:42:59,3.35,3.4,3.3,3.35,0,0,18295.65
2021-10-27 09:43:59,NIFTY,28OCT21,18700,CE,2021-10-27,09:43:59,3.4,3.4,3.3,3.35,0,0,18292.1
2021-10-27 09:44:59,NIFTY,28OCT21,18700,CE,2021-10-27,09:44:59,3.3,3.3,3.25,3.3,0,0,18292.5
2021-10-27 09:45:59,NIFTY,28OCT21,18700,CE,2021-10-27,09:45:59,3.25,3.45,3.25,3.45,0,0,18311.55
2021-10-27 09:46:59,NIFTY,28OCT21,18700,CE,2021-10-27,09:46:59,3.4,3.45,3.35,3.4,0,0,18309.95
2021-10-27 09:47:59,NIFTY,28OCT21,18700,CE,2021-10-27,09:47:59,3.45,3.45,3.35,3.35,0,0,18307.85
2021-10-27 09:48:59,NIFTY,28OCT21,18700,CE,2021-10-27,09:48:59,3.4,3.4,3.3,3.3,0,0,18310.45
2021-10-27 09:49:59,NIFTY,28OCT21,18700,CE,2021-10-27,09:49:59,3.25,3.3,3.2,3.25,0,0,18313.5
2021-10-27 09:50:59,NIFTY,28OCT21,18700,CE,2021-10-27,09:50:59,3.25,3.3,3.2,3.3,0,0,18316.8
2021-10-27 09:51:59,NIFTY,28OCT21,18700,CE,2021-10-27,09:51:59,3.3,3.35,3.25,3.3,0,0,18315.6
2021-10-27 09:52:59,NIFTY,28OCT21,18700,CE,2021-10-27,09:52:59,3.3,3.35,3.3,3.3,0,0,18309.7
2021-10-27 09:53:59,NIFTY,28OCT21,18700,CE,2021-10-27,09:53:59,3.35,3.35,3.25,3.3,0,0,18315.45
2021-10-27 09:54:59,NIFTY,28OCT21,18700,CE,2021-10-27,09:54:59,3.25,3.3,3.2,3.2,0,0,18307.6
2021-10-27 09:55:59,NIFTY,28OCT21,18700,CE,2021-10-27,09:55:59,3.15,3.2,3.1,3.15,0,0,18307.35
2021-10-27 09:56:59,NIFTY,28OCT21,18700,CE,2021-10-27,09:56:59,3.1,3.2,3.1,3.1,0,0,18312.15
2021-10-27 09:57:59,NIFTY,28OCT21,18700,CE,2021-10-27,09:57:59,3.1,3.2,3.1,3.1,0,0,18317.6
2021-10-27 09:58:59,NIFTY,28OCT21,18700,CE,2021-10-27,09:58:59,3.1,3.15,2.95,3.0,0,0,18317.7
2021-10-27 09:59:59,NIFTY,28OCT21,18700,CE,2021-10-27,09:59:59,2.95,3.0,2.85,2.85,0,0,18313.85
2021-10-27 10:00:59,NIFTY,28OCT21,18700,CE,2021-10-27,10:00:59,2.85,2.95,2.85,2.95,0,0,18316.65
2021-10-27 10:01:59,NIFTY,28OCT21,18700,CE,2021-10-27,10:01:59,2.9,2.95,2.9,2.9,0,0,18309.45
2021-10-27 10:02:59,NIFTY,28OCT21,18700,CE,2021-10-27,10:02:59,2.9,2.9,2.85,2.85,0,0,18300.7
2021-10-27 10:03:59,NIFTY,28OCT21,18700,CE,2021-10-27,10:03:59,2.85,2.9,2.75,2.8,0,0,18307.45
2021-10-27 10:04:59,NIFTY,28OCT21,18700,CE,2021-10-27,10:04:59,2.8,2.85,2.75,2.75,0,0,18302.35
2021-10-27 10:05:59,NIFTY,28OCT21,18700,CE,2021-10-27,10:05:59,2.75,2.8,2.7,2.7,0,0,18302.45
2021-10-27 10:06:59,NIFTY,28OCT21,18700,CE,2021-10-27,10:06:59,2.7,2.75,2.6,2.6,0,0,18304.85
2021-10-27 10:07:59,NIFTY,28OCT21,18700,CE,2021-10-27,10:07:59,2.6,2.75,2.6,2.7,0,0,18303.25
2021-10-27 10:08:59,NIFTY,28OCT21,18700,CE,2021-10-27,10:08:59,2.7,2.75,2.6,2.7,0,0,18297.95
2021-10-27 10:09:59,NIFTY,28OCT21,18700,CE,2021-10-27,10:09:59,2.65,2.7,2.6,2.6,0,0,18286.0
2021-10-27 10:10:59,NIFTY,28OCT21,18700,CE,2021-10-27,10:10:59,2.6,2.7,2.6,2.65,0,0,18293.35
2021-10-27 10:11:59,NIFTY,28OCT21,18700,CE,2021-10-27,10:11:59,2.7,2.7,2.6,2.6,0,0,18287.45
2021-10-27 10:12:59,NIFTY,28OCT21,18700,CE,2021-10-27,10:12:59,2.6,2.65,2.6,2.65,0,0,18286.15
2021-10-27 10:13:59,NIFTY,28OCT21,18700,CE,2021-10-27,10:13:59,2.65,2.8,2.6,2.8,0,0,18300.9
2021-10-27 10:14:59,NIFTY,28OCT21,18700,CE,2021-10-27,10:14:59,2.75,2.8,2.7,2.75,0,0,18298.95
2021-10-27 10:15:59,NIFTY,28OCT21,18700,CE,2021-10-27,10:15:59,2.75,2.8,2.7,2.75,0,0,18297.65
2021-10-27 10:16:59,NIFTY,28OCT21,18700,CE,2021-10-27,10:16:59,2.75,2.8,2.7,2.8,0,0,18297.75
2021-10-27 10:17:59,NIFTY,28OCT21,18700,CE,2021-10-27,10:17:59,2.8,2.8,2.75,2.75,0,0,18300.9
2021-10-27 10:18:59,NIFTY,28OCT21,18700,CE,2021-10-27,10:18:59,2.8,2.85,2.75,2.85,0,0,18302.1
2021-10-27 10:19:59,NIFTY,28OCT21,18700,CE,2021-10-27,10:19:59,2.8,2.9,2.8,2.8,0,0,18301.4
2021-10-27 10:20:59,NIFTY,28OCT21,18700,CE,2021-10-27,10:20:59,2.8,2.8,2.7,2.75,0,0,18294.35
2021-10-27 10:21:59,NIFTY,28OCT21,18700,CE,2021-10-27,10:21:59,2.7,2.8,2.7,2.75,0,0,18295.75
2021-10-27 10:22:59,NIFTY,28OCT21,18700,CE,2021-10-27,10:22:59,2.8,2.85,2.75,2.8,0,0,18304.35
2021-10-27 10:23:59,NIFTY,28OCT21,18700,CE,2021-10-27,10:23:59,2.85,2.85,2.75,2.75,0,0,18313.4
2021-10-27 10:24:59,NIFTY,28OCT21,18700,CE,2021-10-27,10:24:59,2.8,2.85,2.75,2.85,0,0,18304.9
2021-10-27 10:25:59,NIFTY,28OCT21,18700,CE,2021-10-27,10:25:59,2.8,2.85,2.8,2.8,0,0,18306.15
2021-10-27 10:26:59,NIFTY,28OCT21,18700,CE,2021-10-27,10:26:59,2.85,2.85,2.75,2.75,0,0,18291.4
2021-10-27 10:27:59,NIFTY,28OCT21,18700,CE,2021-10-27,10:27:59,2.75,2.8,2.75,2.75,0,0,18287.25
2021-10-27 10:28:59,NIFTY,28OCT21,18700,CE,2021-10-27,10:28:59,2.8,2.85,2.75,2.85,0,0,18289.15
2021-10-27 10:29:59,NIFTY,28OCT21,18700,CE,2021-10-27,10:29:59,2.9,3.0,2.85,2.95,0,0,18297.3
2021-10-27 10:30:59,NIFTY,28OCT21,18700,CE,2021-10-27,10:30:59,2.9,2.95,2.85,2.9,0,0,18294.6
2021-10-27 10:31:59,NIFTY,28OCT21,18700,CE,2021-10-27,10:31:59,2.9,2.9,2.8,2.85,0,0,18280.25
2021-10-27 10:32:59,NIFTY,28OCT21,18700,CE,2021-10-27,10:32:59,2.85,2.95,2.85,2.9,0,0,18280.85
2021-10-27 10:33:59,NIFTY,28OCT21,18700,CE,2021-10-27,10:33:59,2.9,2.9,2.85,2.85,0,0,18285.7
2021-10-27 10:34:59,NIFTY,28OCT21,18700,CE,2021-10-27,10:34:59,2.9,2.95,2.85,2.9,0,0,18285.05
2021-10-27 10:35:59,NIFTY,28OCT21,18700,CE,2021-10-27,10:35:59,2.9,2.95,2.85,2.85,0,0,18288.7
2021-10-27 10:36:59,NIFTY,28OCT21,18700,CE,2021-10-27,10:36:59,2.85,2.9,2.85,2.85,0,0,18286.4
2021-10-27 10:37:59,NIFTY,28OCT21,18700,CE,2021-10-27,10:37:59,2.9,2.9,2.8,2.85,0,0,18283.3
2021-10-27 10:38:59,NIFTY,28OCT21,18700,CE,2021-10-27,10:38:59,2.85,2.9,2.85,2.9,0,0,18280.6
2021-10-27 10:39:59,NIFTY,28OCT21,18700,CE,2021-10-27,10:39:59,2.9,2.95,2.85,2.9,0,0,18270.05
2021-10-27 10:40:59,NIFTY,28OCT21,18700,CE,2021-10-27,10:40:59,2.85,2.85,2.8,2.8,0,0,18280.25
2021-10-27 10:41:59,NIFTY,28OCT21,18700,CE,2021-10-27,10:41:59,2.85,2.85,2.8,2.8,0,0,18288.75
2021-10-27 10:42:59,NIFTY,28OCT21,18700,CE,2021-10-27,10:42:59,2.85,2.85,2.8,2.8,0,0,18285.0
2021-10-27 10:43:59,NIFTY,28OCT21,18700,CE,2021-10-27,10:43:59,2.85,2.85,2.8,2.85,0,0,18293.35
2021-10-27 10:44:59,NIFTY,28OCT21,18700,CE,2021-10-27,10:44:59,2.8,2.85,2.8,2.85,0,0,18294.75
2021-10-27 10:45:59,NIFTY,28OCT21,18700,CE,2021-10-27,10:45:59,2.85,2.9,2.8,2.9,0,0,18290.85
2021-10-27 10:46:59,NIFTY,28OCT21,18700,CE,2021-10-27,10:46:59,2.85,2.95,2.85,2.9,0,0,18287.1
2021-10-27 10:47:59,NIFTY,28OCT21,18700,CE,2021-10-27,10:47:59,2.95,3.0,2.9,2.95,0,0,18295.35
2021-10-27 10:48:59,NIFTY,28OCT21,18700,CE,2021-10-27,10:48:59,3.0,3.05,2.95,2.95,0,0,18297.2
2021-10-27 10:49:59,NIFTY,28OCT21,18700,CE,2021-10-27,10:49:59,3.0,3.05,2.95,3.05,0,0,18303.05
2021-10-27 10:50:59,NIFTY,28OCT21,18700,CE,2021-10-27,10:50:59,3.05,3.05,3.0,3.0,0,0,18300.3
2021-10-27 10:51:59,NIFTY,28OCT21,18700,CE,2021-10-27,10:51:59,3.0,3.05,3.0,3.05,0,0,18299.6
2021-10-27 10:52:59,NIFTY,28OCT21,18700,CE,2021-10-27,10:52:59,3.05,3.05,3.0,3.05,0,0,18302.7
2021-10-27 10:53:59,NIFTY,28OCT21,18700,CE,2021-10-27,10:53:59,3.05,3.1,3.0,3.05,0,0,18301.45
2021-10-27 10:54:59,NIFTY,28OCT21,18700,CE,2021-10-27,10:54:59,3.0,3.05,3.0,3.05,0,0,18299.7
2021-10-27 10:55:59,NIFTY,28OCT21,18700,CE,2021-10-27,10:55:59,3.0,3.0,2.9,2.9,0,0,18291.4
2021-10-27 10:56:59,NIFTY,28OCT21,18700,CE,2021-10-27,10:56:59,2.95,3.0,2.9,2.95,0,0,18297.0
2021-10-27 10:57:59,NIFTY,28OCT21,18700,CE,2021-10-27,10:57:59,2.95,3.0,2.95,2.95,0,0,18295.35
2021-10-27 10:58:59,NIFTY,28OCT21,18700,CE,2021-10-27,10:58:59,3.0,3.0,2.9,3.0,0,0,18296.3
2021-10-27 10:59:59,NIFTY,28OCT21,18700,CE,2021-10-27,10:59:59,2.95,3.05,2.95,3.0,0,0,18295.8
2021-10-27 11:00:59,NIFTY,28OCT21,18700,CE,2021-10-27,11:00:59,3.0,3.05,3.0,3.05,0,0,18300.05
2021-10-27 11:01:59,NIFTY,28OCT21,18700,CE,2021-10-27,11:01:59,3.0,3.05,2.95,3.0,0,0,18296.0
2021-10-27 11:02:59,NIFTY,28OCT21,18700,CE,2021-10-27,11:02:59,3.0,3.0,2.95,3.0,0,0,18297.8
2021-10-27 11:03:59,NIFTY,28OCT21,18700,CE,2021-10-27,11:03:59,3.0,3.1,2.95,3.1,0,0,18299.5
2021-10-27 11:04:59,NIFTY,28OCT21,18700,CE,2021-10-27,11:04:59,3.1,3.25,3.1,3.25,0,0,18304.55
2021-10-27 11:05:59,NIFTY,28OCT21,18700,CE,2021-10-27,11:05:59,3.25,3.25,3.15,3.15,0,0,18304.3
2021-10-27 11:06:59,NIFTY,28OCT21,18700,CE,2021-10-27,11:06:59,3.15,3.2,3.1,3.15,0,0,18305.6
2021-10-27 11:07:59,NIFTY,28OCT21,18700,CE,2021-10-27,11:07:59,3.15,3.15,3.1,3.15,0,0,18300.2
2021-10-27 11:08:59,NIFTY,28OCT21,18700,CE,2021-10-27,11:08:59,3.1,3.15,3.05,3.1,0,0,18300.6
2021-10-27 11:09:59,NIFTY,28OCT21,18700,CE,2021-10-27,11:09:59,3.05,3.1,3.0,3.0,0,0,18301.05
2021-10-27 11:10:59,NIFTY,28OCT21,18700,CE,2021-10-27,11:10:59,3.0,3.05,3.0,3.0,0,0,18302.15
2021-10-27 11:11:59,NIFTY,28OCT21,18700,CE,2021-10-27,11:11:59,3.0,3.15,3.0,3.1,0,0,18311.55
2021-10-27 11:12:59,NIFTY,28OCT21,18700,CE,2021-10-27,11:12:59,3.1,3.15,3.05,3.05,0,0,18304.3
2021-10-27 11:13:59,NIFTY,28OCT21,18700,CE,2021-10-27,11:13:59,3.0,3.1,3.0,3.05,0,0,18309.25
2021-10-27 11:14:59,NIFTY,28OCT21,18700,CE,2021-10-27,11:14:59,3.05,3.1,3.05,3.05,0,0,18308.35
2021-10-27 11:15:59,NIFTY,28OCT21,18700,CE,2021-10-27,11:15:59,3.05,3.1,2.95,2.95,0,0,18309.15
2021-10-27 11:16:59,NIFTY,28OCT21,18700,CE,2021-10-27,11:16:59,3.0,3.1,2.95,3.1,0,0,18313.15
2021-10-27 11:17:59,NIFTY,28OCT21,18700,CE,2021-10-27,11:17:59,3.1,3.1,3.0,3.0,0,0,18309.7
2021-10-27 11:18:59,NIFTY,28OCT21,18700,CE,2021-10-27,11:18:59,3.0,3.1,3.0,3.05,0,0,18310.9
2021-10-27 11:19:59,NIFTY,28OCT21,18700,CE,2021-10-27,11:19:59,3.1,3.15,3.05,3.05,0,0,18311.2
2021-10-27 11:20:59,NIFTY,28OCT21,18700,CE,2021-10-27,11:20:59,3.1,3.1,3.05,3.1,0,0,18310.75
2021-10-27 11:21:59,NIFTY,28OCT21,18700,CE,2021-10-27,11:21:59,3.1,3.1,3.0,3.0,0,0,18310.0
2021-10-27 11:22:59,NIFTY,28OCT21,18700,CE,2021-10-27,11:22:59,2.95,3.0,2.95,2.95,0,0,18310.7
2021-10-27 11:23:59,NIFTY,28OCT21,18700,CE,2021-10-27,11:23:59,2.95,3.0,2.9,2.95,0,0,18310.1
2021-10-27 11:24:59,NIFTY,28OCT21,18700,CE,2021-10-27,11:24:59,2.95,2.95,2.85,2.85,0,0,18310.95
2021-10-27 11:25:59,NIFTY,28OCT21,18700,CE,2021-10-27,11:25:59,2.9,2.95,2.85,2.9,0,0,18321.8
2021-10-27 11:26:59,NIFTY,28OCT21,18700,CE,2021-10-27,11:26:59,2.9,2.95,2.85,2.9,0,0,18318.0
2021-10-27 11:27:59,NIFTY,28OCT21,18700,CE,2021-10-27,11:27:59,2.9,2.95,2.9,2.95,0,0,18318.75
2021-10-27 11:28:59,NIFTY,28OCT21,18700,CE,2021-10-27,11:28:59,2.9,3.15,2.9,3.0,0,0,18324.0
2021-10-27 11:29:59,NIFTY,28OCT21,18700,CE,2021-10-27,11:29:59,3.0,3.05,2.9,2.9,0,0,18324.25
2021-10-27 11:30:59,NIFTY,28OCT21,18700,CE,2021-10-27,11:30:59,2.9,3.1,2.9,3.0,0,0,18325.95
2021-10-27 11:31:59,NIFTY,28OCT21,18700,CE,2021-10-27,11:31:59,2.95,3.1,2.95,3.0,0,0,18324.7
2021-10-27 11:32:59,NIFTY,28OCT21,18700,CE,2021-10-27,11:32:59,2.95,3.0,2.8,2.9,0,0,18320.6
2021-10-27 11:33:59,NIFTY,28OCT21,18700,CE,2021-10-27,11:33:59,2.9,2.95,2.85,2.9,0,0,18321.2
2021-10-27 11:34:59,NIFTY,28OCT21,18700,CE,2021-10-27,11:34:59,2.85,2.95,2.85,2.95,0,0,18318.9
2021-10-27 11:35:59,NIFTY,28OCT21,18700,CE,2021-10-27,11:35:59,2.95,3.0,2.85,2.85,0,0,18311.95
2021-10-27 11:36:59,NIFTY,28OCT21,18700,CE,2021-10-27,11:36:59,2.85,2.95,2.85,2.85,0,0,18318.75
2021-10-27 11:37:59,NIFTY,28OCT21,18700,CE,2021-10-27,11:37:59,2.85,2.9,2.85,2.9,0,0,18319.7
2021-10-27 11:38:59,NIFTY,28OCT21,18700,CE,2021-10-27,11:38:59,2.9,3.0,2.9,2.95,0,0,18328.9
2021-10-27 11:39:59,NIFTY,28OCT21,18700,CE,2021-10-27,11:39:59,2.95,3.05,2.95,3.05,0,0,18331.85
2021-10-27 11:40:59,NIFTY,28OCT21,18700,CE,2021-10-27,11:40:59,3.05,3.05,3.0,3.05,0,0,18331.7
2021-10-27 11:41:59,NIFTY,28OCT21,18700,CE,2021-10-27,11:41:59,3.0,3.05,2.9,2.95,0,0,18331.5
2021-10-27 11:42:59,NIFTY,28OCT21,18700,CE,2021-10-27,11:42:59,2.95,3.0,2.9,2.95,0,0,18331.3
2021-10-27 11:43:59,NIFTY,28OCT21,18700,CE,2021-10-27,11:43:59,2.95,3.0,2.9,2.95,0,0,18337.55
2021-10-27 11:44:59,NIFTY,28OCT21,18700,CE,2021-10-27,11:44:59,2.95,3.0,2.95,3.0,0,0,18337.7
2021-10-27 11:45:59,NIFTY,28OCT21,18700,CE,2021-10-27,11:45:59,3.0,3.05,2.9,2.95,0,0,18336.6
2021-10-27 11:46:59,NIFTY,28OCT21,18700,CE,2021-10-27,11:46:59,2.9,2.95,2.85,2.85,0,0,18332.75
2021-10-27 11:47:59,NIFTY,28OCT21,18700,CE,2021-10-27,11:47:59,2.85,2.9,2.75,2.75,0,0,18328.2
2021-10-27 11:48:59,NIFTY,28OCT21,18700,CE,2021-10-27,11:48:59,2.8,2.85,2.75,2.8,0,0,18333.75
2021-10-27 11:49:59,NIFTY,28OCT21,18700,CE,2021-10-27,11:49:59,2.85,2.85,2.8,2.85,0,0,18334.9
2021-10-27 11:50:59,NIFTY,28OCT21,18700,CE,2021-10-27,11:50:59,2.85,2.95,2.8,2.9,0,0,18333.05
2021-10-27 11:51:59,NIFTY,28OCT21,18700,CE,2021-10-27,11:51:59,2.9,3.05,2.9,3.0,0,0,18339.1
2021-10-27 11:52:59,NIFTY,28OCT21,18700,CE,2021-10-27,11:52:59,3.0,3.05,2.95,3.05,0,0,18337.1
2021-10-27 11:53:59,NIFTY,28OCT21,18700,CE,2021-10-27,11:53:59,3.05,3.05,3.0,3.0,0,0,18336.2
2021-10-27 11:54:59,NIFTY,28OCT21,18700,CE,2021-10-27,11:54:59,3.0,3.05,2.95,2.95,0,0,18332.5
2021-10-27 11:55:59,NIFTY,28OCT21,18700,CE,2021-10-27,11:55:59,2.95,3.05,2.9,2.95,0,0,18329.65
2021-10-27 11:56:59,NIFTY,28OCT21,18700,CE,2021-10-27,11:56:59,2.9,2.95,2.85,2.9,0,0,18327.65
2021-10-27 11:57:59,NIFTY,28OCT21,18700,CE,2021-10-27,11:57:59,2.9,2.95,2.85,2.9,0,0,18330.15
2021-10-27 11:58:59,NIFTY,28OCT21,18700,CE,2021-10-27,11:58:59,2.9,2.95,2.85,2.85,0,0,18329.85
2021-10-27 11:59:59,NIFTY,28OCT21,18700,CE,2021-10-27,11:59:59,2.85,2.9,2.8,2.8,0,0,18328.65
2021-10-27 12:00:59,NIFTY,28OCT21,18700,CE,2021-10-27,12:00:59,2.85,2.9,2.8,2.85,0,0,18320.8
2021-10-27 12:01:59,NIFTY,28OCT21,18700,CE,2021-10-27,12:01:59,2.85,2.85,2.8,2.85,0,0,18319.25
2021-10-27 12:02:59,NIFTY,28OCT21,18700,CE,2021-10-27,12:02:59,2.85,2.85,2.7,2.8,0,0,18315.2
2021-10-27 12:03:59,NIFTY,28OCT21,18700,CE,2021-10-27,12:03:59,2.75,2.8,2.7,2.8,0,0,18312.9
2021-10-27 12:04:59,NIFTY,28OCT21,18700,CE,2021-10-27,12:04:59,2.8,2.8,2.75,2.75,0,0,18307.95
2021-10-27 12:05:59,NIFTY,28OCT21,18700,CE,2021-10-27,12:05:59,2.75,2.85,2.75,2.8,0,0,18312.7
2021-10-27 12:06:59,NIFTY,28OCT21,18700,CE,2021-10-27,12:06:59,2.85,2.85,2.75,2.75,0,0,18308.0
2021-10-27 12:07:59,NIFTY,28OCT21,18700,CE,2021-10-27,12:07:59,2.8,2.8,2.7,2.75,0,0,18315.6
2021-10-27 12:08:59,NIFTY,28OCT21,18700,CE,2021-10-27,12:08:59,2.75,2.75,2.7,2.7,0,0,18307.8
2021-10-27 12:09:59,NIFTY,28OCT21,18700,CE,2021-10-27,12:09:59,2.75,2.75,2.7,2.75,0,0,18307.95
2021-10-27 12:10:59,NIFTY,28OCT21,18700,CE,2021-10-27,12:10:59,2.7,2.7,2.65,2.65,0,0,18307.65
2021-10-27 12:11:59,NIFTY,28OCT21,18700,CE,2021-10-27,12:11:59,2.65,2.7,2.65,2.65,0,0,18299.15
2021-10-27 12:12:59,NIFTY,28OCT21,18700,CE,2021-10-27,12:12:59,2.7,2.75,2.65,2.65,0,0,18298.45
2021-10-27 12:13:59,NIFTY,28OCT21,18700,CE,2021-10-27,12:13:59,2.7,2.7,2.65,2.65,0,0,18295.2
2021-10-27 12:14:59,NIFTY,28OCT21,18700,CE,2021-10-27,12:14:59,2.65,2.7,2.65,2.7,0,0,18294.15
2021-10-27 12:15:59,NIFTY,28OCT21,18700,CE,2021-10-27,12:15:59,2.65,2.7,2.65,2.65,0,0,18291.5
2021-10-27 12:16:59,NIFTY,28OCT21,18700,CE,2021-10-27,12:16:59,2.7,2.7,2.65,2.7,0,0,18296.7
2021-10-27 12:17:59,NIFTY,28OCT21,18700,CE,2021-10-27,12:17:59,2.7,2.75,2.65,2.7,0,0,18299.8
2021-10-27 12:18:59,NIFTY,28OCT21,18700,CE,2021-10-27,12:18:59,2.75,2.85,2.7,2.8,0,0,18301.45
2021-10-27 12:19:59,NIFTY,28OCT21,18700,CE,2021-10-27,12:19:59,2.8,2.85,2.8,2.85,0,0,18301.25
2021-10-27 12:20:59,NIFTY,28OCT21,18700,CE,2021-10-27,12:20:59,2.8,2.85,2.8,2.8,0,0,18301.85
2021-10-27 12:21:59,NIFTY,28OCT21,18700,CE,2021-10-27,12:21:59,2.8,2.85,2.8,2.8,0,0,18305.95
2021-10-27 12:22:59,NIFTY,28OCT21,18700,CE,2021-10-27,12:22:59,2.8,2.8,2.75,2.75,0,0,18303.5
2021-10-27 12:23:59,NIFTY,28OCT21,18700,CE,2021-10-27,12:23:59,2.8,2.8,2.7,2.7,0,0,18308.0
2021-10-27 12:24:59,NIFTY,28OCT21,18700,CE,2021-10-27,12:24:59,2.7,2.8,2.7,2.75,0,0,18305.55
2021-10-27 12:25:59,NIFTY,28OCT21,18700,CE,2021-10-27,12:25:59,2.7,2.75,2.7,2.75,0,0,18301.8
2021-10-27 12:26:59,NIFTY,28OCT21,18700,CE,2021-10-27,12:26:59,2.75,2.75,2.7,2.7,0,0,18306.0
2021-10-27 12:27:59,NIFTY,28OCT21,18700,CE,2021-10-27,12:27:59,2.7,2.75,2.7,2.75,0,0,18304.25
2021-10-27 12:28:59,NIFTY,28OCT21,18700,CE,2021-10-27,12:28:59,2.7,2.75,2.7,2.7,0,0,18304.55
2021-10-27 12:29:59,NIFTY,28OCT21,18700,CE,2021-10-27,12:29:59,2.7,2.75,2.7,2.75,0,0,18305.7
2021-10-27 12:30:59,NIFTY,28OCT21,18700,CE,2021-10-27,12:30:59,2.7,2.75,2.7,2.7,0,0,18309.55
2021-10-27 12:31:59,NIFTY,28OCT21,18700,CE,2021-10-27,12:31:59,2.7,2.8,2.7,2.8,0,0,18312.45
2021-10-27 12:32:59,NIFTY,28OCT21,18700,CE,2021-10-27,12:32:59,2.8,2.8,2.75,2.75,0,0,18311.9
2021-10-27 12:33:59,NIFTY,28OCT21,18700,CE,2021-10-27,12:33:59,2.75,2.8,2.7,2.7,0,0,18312.8
2021-10-27 12:34:59,NIFTY,28OCT21,18700,CE,2021-10-27,12:34:59,2.7,2.75,2.7,2.7,0,0,18314.05
2021-10-27 12:35:59,NIFTY,28OCT21,18700,CE,2021-10-27,12:35:59,2.7,2.75,2.7,2.7,0,0,18316.55
2021-10-27 12:36:59,NIFTY,28OCT21,18700,CE,2021-10-27,12:36:59,2.7,2.75,2.65,2.65,0,0,18313.3
2021-10-27 12:37:59,NIFTY,28OCT21,18700,CE,2021-10-27,12:37:59,2.65,2.7,2.65,2.7,0,0,18312.4
2021-10-27 12:38:59,NIFTY,28OCT21,18700,CE,2021-10-27,12:38:59,2.7,2.7,2.6,2.6,0,0,18314.9
2021-10-27 12:39:59,NIFTY,28OCT21,18700,CE,2021-10-27,12:39:59,2.65,2.65,2.6,2.6,0,0,18313.6
2021-10-27 12:40:59,NIFTY,28OCT21,18700,CE,2021-10-27,12:40:59,2.65,2.65,2.6,2.6,0,0,18305.3
2021-10-27 12:41:59,NIFTY,28OCT21,18700,CE,2021-10-27,12:41:59,2.65,2.65,2.6,2.65,0,0,18305.45
2021-10-27 12:42:59,NIFTY,28OCT21,18700,CE,2021-10-27,12:42:59,2.65,2.65,2.55,2.55,0,0,18301.85
2021-10-27 12:43:59,NIFTY,28OCT21,18700,CE,2021-10-27,12:43:59,2.55,2.6,2.55,2.6,0,0,18297.8
2021-10-27 12:44:59,NIFTY,28OCT21,18700,CE,2021-10-27,12:44:59,2.6,2.65,2.55,2.6,0,0,18295.1
2021-10-27 12:45:59,NIFTY,28OCT21,18700,CE,2021-10-27,12:45:59,2.6,2.7,2.6,2.65,0,0,18301.15
2021-10-27 12:46:59,NIFTY,28OCT21,18700,CE,2021-10-27,12:46:59,2.7,2.7,2.6,2.65,0,0,18303.25
2021-10-27 12:47:59,NIFTY,28OCT21,18700,CE,2021-10-27,12:47:59,2.65,2.65,2.6,2.6,0,0,18305.15
2021-10-27 12:48:59,NIFTY,28OCT21,18700,CE,2021-10-27,12:48:59,2.6,2.65,2.6,2.65,0,0,18308.0
2021-10-27 12:49:59,NIFTY,28OCT21,18700,CE,2021-10-27,12:49:59,2.65,2.65,2.55,2.65,0,0,18307.25
2021-10-27 12:50:59,NIFTY,28OCT21,18700,CE,2021-10-27,12:50:59,2.6,2.65,2.6,2.6,0,0,18308.45
2021-10-27 12:51:59,NIFTY,28OCT21,18700,CE,2021-10-27,12:51:59,2.6,2.65,2.55,2.55,0,0,18308.15
2021-10-27 12:52:59,NIFTY,28OCT21,18700,CE,2021-10-27,12:52:59,2.55,2.6,2.55,2.55,0,0,18305.1
2021-10-27 12:53:59,NIFTY,28OCT21,18700,CE,2021-10-27,12:53:59,2.55,2.6,2.55,2.55,0,0,18303.35
2021-10-27 12:54:59,NIFTY,28OCT21,18700,CE,2021-10-27,12:54:59,2.55,2.6,2.55,2.55,0,0,18301.5
2021-10-27 12:55:59,NIFTY,28OCT21,18700,CE,2021-10-27,12:55:59,2.6,2.6,2.55,2.6,0,0,18300.35
2021-10-27 12:56:59,NIFTY,28OCT21,18700,CE,2021-10-27,12:56:59,2.55,2.6,2.55,2.6,0,0,18297.55
2021-10-27 12:57:59,NIFTY,28OCT21,18700,CE,2021-10-27,12:57:59,2.55,2.65,2.55,2.6,0,0,18295.1
2021-10-27 12:58:59,NIFTY,28OCT21,18700,CE,2021-10-27,12:58:59,2.6,2.65,2.6,2.65,0,0,18291.05
2021-10-27 12:59:59,NIFTY,28OCT21,18700,CE,2021-10-27,12:59:59,2.65,2.65,2.6,2.65,0,0,18293.7
2021-10-27 13:00:59,NIFTY,28OCT21,18700,CE,2021-10-27,13:00:59,2.6,2.7,2.6,2.65,0,0,18300.55
2021-10-27 13:01:59,NIFTY,28OCT21,18700,CE,2021-10-27,13:01:59,2.65,2.7,2.6,2.65,0,0,18303.15
2021-10-27 13:02:59,NIFTY,28OCT21,18700,CE,2021-10-27,13:02:59,2.7,2.75,2.65,2.7,0,0,18313.2
2021-10-27 13:03:59,NIFTY,28OCT21,18700,CE,2021-10-27,13:03:59,2.7,2.8,2.7,2.75,0,0,18314.6
2021-10-27 13:04:59,NIFTY,28OCT21,18700,CE,2021-10-27,13:04:59,2.75,2.8,2.7,2.8,0,0,18310.55
2021-10-27 13:05:59,NIFTY,28OCT21,18700,CE,2021-10-27,13:05:59,2.75,2.75,2.7,2.7,0,0,18311.65
2021-10-27 13:06:59,NIFTY,28OCT21,18700,CE,2021-10-27,13:06:59,2.75,2.75,2.7,2.75,0,0,18313.55
2021-10-27 13:07:59,NIFTY,28OCT21,18700,CE,2021-10-27,13:07:59,2.7,2.75,2.7,2.7,0,0,18309.8
2021-10-27 13:08:59,NIFTY,28OCT21,18700,CE,2021-10-27,13:08:59,2.7,2.75,2.7,2.7,0,0,18313.35
2021-10-27 13:09:59,NIFTY,28OCT21,18700,CE,2021-10-27,13:09:59,2.7,2.7,2.65,2.7,0,0,18305.6
2021-10-27 13:10:59,NIFTY,28OCT21,18700,CE,2021-10-27,13:10:59,2.7,2.7,2.6,2.65,0,0,18297.15
2021-10-27 13:11:59,NIFTY,28OCT21,18700,CE,2021-10-27,13:11:59,2.65,2.65,2.6,2.65,0,0,18298.05
2021-10-27 13:12:59,NIFTY,28OCT21,18700,CE,2021-10-27,13:12:59,2.65,2.7,2.6,2.6,0,0,18302.15
2021-10-27 13:13:59,NIFTY,28OCT21,18700,CE,2021-10-27,13:13:59,2.65,2.7,2.65,2.7,0,0,18308.1
2021-10-27 13:14:59,NIFTY,28OCT21,18700,CE,2021-10-27,13:14:59,2.7,2.7,2.65,2.65,0,0,18310.55
2021-10-27 13:15:59,NIFTY,28OCT21,18700,CE,2021-10-27,13:15:59,2.65,2.7,2.6,2.6,0,0,18312.5
2021-10-27 13:16:59,NIFTY,28OCT21,18700,CE,2021-10-27,13:16:59,2.6,2.7,2.6,2.7,0,0,18314.3
2021-10-27 13:17:59,NIFTY,28OCT21,18700,CE,2021-10-27,13:17:59,2.7,2.75,2.65,2.7,0,0,18312.8
2021-10-27 13:18:59,NIFTY,28OCT21,18700,CE,2021-10-27,13:18:59,2.65,2.7,2.6,2.65,0,0,18308.4
2021-10-27 13:19:59,NIFTY,28OCT21,18700,CE,2021-10-27,13:19:59,2.65,2.65,2.6,2.65,0,0,18307.25
2021-10-27 13:20:59,NIFTY,28OCT21,18700,CE,2021-10-27,13:20:59,2.6,2.65,2.6,2.6,0,0,18302.75
2021-10-27 13:21:59,NIFTY,28OCT21,18700,CE,2021-10-27,13:21:59,2.6,2.65,2.6,2.65,0,0,18301.7
2021-10-27 13:22:59,NIFTY,28OCT21,18700,CE,2021-10-27,13:22:59,2.65,2.65,2.55,2.6,0,0,18302.95
2021-10-27 13:23:59,NIFTY,28OCT21,18700,CE,2021-10-27,13:23:59,2.55,2.6,2.55,2.55,0,0,18304.3
2021-10-27 13:24:59,NIFTY,28OCT21,18700,CE,2021-10-27,13:24:59,2.55,2.6,2.55,2.6,0,0,18307.7
2021-10-27 13:25:59,NIFTY,28OCT21,18700,CE,2021-10-27,13:25:59,2.6,2.6,2.55,2.6,0,0,18308.05
2021-10-27 13:26:59,NIFTY,28OCT21,18700,CE,2021-10-27,13:26:59,2.55,2.6,2.55,2.55,0,0,18302.5
2021-10-27 13:27:59,NIFTY,28OCT21,18700,CE,2021-10-27,13:27:59,2.55,2.6,2.55,2.6,0,0,18306.35
2021-10-27 13:28:59,NIFTY,28OCT21,18700,CE,2021-10-27,13:28:59,2.55,2.6,2.55,2.55,0,0,18301.1
2021-10-27 13:29:59,NIFTY,28OCT21,18700,CE,2021-10-27,13:29:59,2.55,2.6,2.55,2.6,0,0,18301.8
2021-10-27 13:30:59,NIFTY,28OCT21,18700,CE,2021-10-27,13:30:59,2.55,2.6,2.55,2.6,0,0,18305.6
2021-10-27 13:31:59,NIFTY,28OCT21,18700,CE,2021-10-27,13:31:59,2.6,2.6,2.55,2.55,0,0,18302.6
2021-10-27 13:32:59,NIFTY,28OCT21,18700,CE,2021-10-27,13:32:59,2.55,2.6,2.5,2.55,0,0,18307.75
2021-10-27 13:33:59,NIFTY,28OCT21,18700,CE,2021-10-27,13:33:59,2.55,2.65,2.55,2.55,0,0,18317.6
2021-10-27 13:34:59,NIFTY,28OCT21,18700,CE,2021-10-27,13:34:59,2.55,2.65,2.55,2.55,0,0,18319.5
2021-10-27 13:35:59,NIFTY,28OCT21,18700,CE,2021-10-27,13:35:59,2.55,2.6,2.5,2.55,0,0,18312.8
2021-10-27 13:36:59,NIFTY,28OCT21,18700,CE,2021-10-27,13:36:59,2.5,2.55,2.5,2.5,0,0,18311.45
2021-10-27 13:37:59,NIFTY,28OCT21,18700,CE,2021-10-27,13:37:59,2.55,2.55,2.5,2.5,0,0,18307.5
2021-10-27 13:38:59,NIFTY,28OCT21,18700,CE,2021-10-27,13:38:59,2.55,2.6,2.5,2.55,0,0,18309.35
2021-10-27 13:39:59,NIFTY,28OCT21,18700,CE,2021-10-27,13:39:59,2.5,2.55,2.5,2.5,0,0,18311.9
2021-10-27 13:40:59,NIFTY,28OCT21,18700,CE,2021-10-27,13:40:59,2.5,2.55,2.45,2.5,0,0,18307.55
2021-10-27 13:41:59,NIFTY,28OCT21,18700,CE,2021-10-27,13:41:59,2.5,2.5,2.45,2.5,0,0,18309.9
2021-10-27 13:42:59,NIFTY,28OCT21,18700,CE,2021-10-27,13:42:59,2.45,2.5,2.45,2.45,0,0,18308.7
2021-10-27 13:43:59,NIFTY,28OCT21,18700,CE,2021-10-27,13:43:59,2.5,2.5,2.45,2.5,0,0,18305.95
2021-10-27 13:44:59,NIFTY,28OCT21,18700,CE,2021-10-27,13:44:59,2.5,2.5,2.45,2.5,0,0,18302.65
2021-10-27 13:45:59,NIFTY,28OCT21,18700,CE,2021-10-27,13:45:59,2.45,2.5,2.45,2.5,0,0,18299.35
2021-10-27 13:46:59,NIFTY,28OCT21,18700,CE,2021-10-27,13:46:59,2.5,2.55,2.45,2.5,0,0,18302.9
2021-10-27 13:47:59,NIFTY,28OCT21,18700,CE,2021-10-27,13:47:59,2.5,2.6,2.5,2.55,0,0,18304.0
2021-10-27 13:48:59,NIFTY,28OCT21,18700,CE,2021-10-27,13:48:59,2.6,2.6,2.5,2.55,0,0,18303.35
2021-10-27 13:49:59,NIFTY,28OCT21,18700,CE,2021-10-27,13:49:59,2.55,2.55,2.5,2.5,0,0,18299.8
2021-10-27 13:50:59,NIFTY,28OCT21,18700,CE,2021-10-27,13:50:59,2.5,2.6,2.45,2.6,0,0,18303.0
2021-10-27 13:51:59,NIFTY,28OCT21,18700,CE,2021-10-27,13:51:59,2.6,2.65,2.55,2.6,0,0,18308.7
2021-10-27 13:52:59,NIFTY,28OCT21,18700,CE,2021-10-27,13:52:59,2.6,2.65,2.55,2.55,0,0,18302.95
2021-10-27 13:53:59,NIFTY,28OCT21,18700,CE,2021-10-27,13:53:59,2.6,2.6,2.5,2.5,0,0,18309.85
2021-10-27 13:54:59,NIFTY,28OCT21,18700,CE,2021-10-27,13:54:59,2.55,2.6,2.5,2.6,0,0,18311.4
2021-10-27 13:55:59,NIFTY,28OCT21,18700,CE,2021-10-27,13:55:59,2.6,2.6,2.55,2.55,0,0,18311.35
2021-10-27 13:56:59,NIFTY,28OCT21,18700,CE,2021-10-27,13:56:59,2.6,2.7,2.6,2.6,0,0,18309.95
2021-10-27 13:57:59,NIFTY,28OCT21,18700,CE,2021-10-27,13:57:59,2.6,2.7,2.6,2.7,0,0,18313.2
2021-10-27 13:58:59,NIFTY,28OCT21,18700,CE,2021-10-27,13:58:59,2.7,2.7,2.65,2.7,0,0,18311.45
2021-10-27 13:59:59,NIFTY,28OCT21,18700,CE,2021-10-27,13:59:59,2.65,2.7,2.65,2.7,0,0,18313.85
2021-10-27 14:00:59,NIFTY,28OCT21,18700,CE,2021-10-27,14:00:59,2.7,2.7,2.65,2.65,0,0,18307.5
2021-10-27 14:01:59,NIFTY,28OCT21,18700,CE,2021-10-27,14:01:59,2.65,2.65,2.55,2.6,0,0,18307.85
2021-10-27 14:02:59,NIFTY,28OCT21,18700,CE,2021-10-27,14:02:59,2.6,2.6,2.5,2.5,0,0,18310.15
2021-10-27 14:03:59,NIFTY,28OCT21,18700,CE,2021-10-27,14:03:59,2.5,2.55,2.5,2.55,0,0,18308.3
2021-10-27 14:04:59,NIFTY,28OCT21,18700,CE,2021-10-27,14:04:59,2.5,2.55,2.35,2.4,0,0,18306.65
2021-10-27 14:05:59,NIFTY,28OCT21,18700,CE,2021-10-27,14:05:59,2.4,2.5,2.4,2.5,0,0,18304.75
2021-10-27 14:06:59,NIFTY,28OCT21,18700,CE,2021-10-27,14:06:59,2.55,2.65,2.5,2.6,0,0,18306.9
2021-10-27 14:07:59,NIFTY,28OCT21,18700,CE,2021-10-27,14:07:59,2.6,2.6,2.5,2.5,0,0,18310.65
2021-10-27 14:08:59,NIFTY,28OCT21,18700,CE,2021-10-27,14:08:59,2.55,2.55,2.5,2.55,0,0,18315.4
2021-10-27 14:09:59,NIFTY,28OCT21,18700,CE,2021-10-27,14:09:59,2.5,2.55,2.5,2.55,0,0,18315.55
2021-10-27 14:10:59,NIFTY,28OCT21,18700,CE,2021-10-27,14:10:59,2.55,2.65,2.55,2.6,0,0,18313.55
2021-10-27 14:11:59,NIFTY,28OCT21,18700,CE,2021-10-27,14:11:59,2.6,2.7,2.6,2.65,0,0,18312.15
2021-10-27 14:12:59,NIFTY,28OCT21,18700,CE,2021-10-27,14:12:59,2.65,2.65,2.5,2.5,0,0,18311.0
2021-10-27 14:13:59,NIFTY,28OCT21,18700,CE,2021-10-27,14:13:59,2.5,2.6,2.5,2.55,0,0,18311.85
2021-10-27 14:14:59,NIFTY,28OCT21,18700,CE,2021-10-27,14:14:59,2.55,2.6,2.5,2.55,0,0,18313.15
2021-10-27 14:15:59,NIFTY,28OCT21,18700,CE,2021-10-27,14:15:59,2.6,2.7,2.55,2.65,0,0,18318.9
2021-10-27 14:16:59,NIFTY,28OCT21,18700,CE,2021-10-27,14:16:59,2.7,2.7,2.45,2.5,0,0,18284.0
2021-10-27 14:17:59,NIFTY,28OCT21,18700,CE,2021-10-27,14:17:59,2.55,2.65,2.4,2.6,0,0,18262.6
2021-10-27 14:18:59,NIFTY,28OCT21,18700,CE,2021-10-27,14:18:59,2.6,2.7,2.5,2.65,0,0,18275.6
2021-10-27 14:19:59,NIFTY,28OCT21,18700,CE,2021-10-27,14:19:59,2.65,2.65,2.45,2.5,0,0,18268.2
2021-10-27 14:20:59,NIFTY,28OCT21,18700,CE,2021-10-27,14:20:59,2.45,2.65,2.45,2.6,0,0,18251.65
2021-10-27 14:21:59,NIFTY,28OCT21,18700,CE,2021-10-27,14:21:59,2.65,2.65,2.45,2.5,0,0,18242.15
2021-10-27 14:22:59,NIFTY,28OCT21,18700,CE,2021-10-27,14:22:59,2.5,2.6,2.4,2.6,0,0,18253.0
2021-10-27 14:23:59,NIFTY,28OCT21,18700,CE,2021-10-27,14:23:59,2.6,2.65,2.5,2.55,0,0,18261.8
2021-10-27 14:24:59,NIFTY,28OCT21,18700,CE,2021-10-27,14:24:59,2.55,2.55,2.45,2.55,0,0,18258.25
2021-10-27 14:25:59,NIFTY,28OCT21,18700,CE,2021-10-27,14:25:59,2.55,2.7,2.5,2.6,0,0,18259.7
2021-10-27 14:26:59,NIFTY,28OCT21,18700,CE,2021-10-27,14:26:59,2.65,2.65,2.55,2.55,0,0,18258.3
2021-10-27 14:27:59,NIFTY,28OCT21,18700,CE,2021-10-27,14:27:59,2.6,2.7,2.55,2.65,0,0,18262.1
2021-10-27 14:28:59,NIFTY,28OCT21,18700,CE,2021-10-27,14:28:59,2.7,2.75,2.65,2.7,0,0,18265.85
2021-10-27 14:29:59,NIFTY,28OCT21,18700,CE,2021-10-27,14:29:59,2.65,2.7,2.6,2.65,0,0,18260.1
2021-10-27 14:30:59,NIFTY,28OCT21,18700,CE,2021-10-27,14:30:59,2.7,2.7,2.6,2.65,0,0,18235.8
2021-10-27 14:31:59,NIFTY,28OCT21,18700,CE,2021-10-27,14:31:59,2.65,2.8,2.6,2.75,0,0,18231.55
2021-10-27 14:32:59,NIFTY,28OCT21,18700,CE,2021-10-27,14:32:59,2.75,2.8,2.65,2.75,0,0,18216.35
2021-10-27 14:33:59,NIFTY,28OCT21,18700,CE,2021-10-27,14:33:59,2.7,2.75,2.5,2.6,0,0,18220.85
2021-10-27 14:34:59,NIFTY,28OCT21,18700,CE,2021-10-27,14:34:59,2.6,2.75,2.55,2.6,0,0,18229.45
2021-10-27 14:35:59,NIFTY,28OCT21,18700,CE,2021-10-27,14:35:59,2.6,2.7,2.6,2.6,0,0,18220.3
2021-10-27 14:36:59,NIFTY,28OCT21,18700,CE,2021-10-27,14:36:59,2.65,2.75,2.55,2.7,0,0,18218.3
2021-10-27 14:37:59,NIFTY,28OCT21,18700,CE,2021-10-27,14:37:59,2.7,2.8,2.65,2.7,0,0,18224.25
2021-10-27 14:38:59,NIFTY,28OCT21,18700,CE,2021-10-27,14:38:59,2.75,2.85,2.7,2.85,0,0,18219.55
2021-10-27 14:39:59,NIFTY,28OCT21,18700,CE,2021-10-27,14:39:59,2.85,2.9,2.75,2.8,0,0,18202.7
2021-10-27 14:40:59,NIFTY,28OCT21,18700,CE,2021-10-27,14:40:59,2.85,2.95,2.8,2.9,0,0,18213.0
2021-10-27 14:41:59,NIFTY,28OCT21,18700,CE,2021-10-27,14:41:59,2.9,2.95,2.85,2.9,0,0,18221.75
2021-10-27 14:42:59,NIFTY,28OCT21,18700,CE,2021-10-27,14:42:59,2.85,2.9,2.8,2.8,0,0,18223.35
2021-10-27 14:43:59,NIFTY,28OCT21,18700,CE,2021-10-27,14:43:59,2.8,2.95,2.8,2.9,0,0,18220.7
2021-10-27 14:44:59,NIFTY,28OCT21,18700,CE,2021-10-27,14:44:59,2.85,2.9,2.75,2.8,0,0,18221.55
2021-10-27 14:45:59,NIFTY,28OCT21,18700,CE,2021-10-27,14:45:59,2.8,2.9,2.75,2.75,0,0,18232.3
2021-10-27 14:46:59,NIFTY,28OCT21,18700,CE,2021-10-27,14:46:59,2.8,2.8,2.7,2.75,0,0,18239.15
2021-10-27 14:47:59,NIFTY,28OCT21,18700,CE,2021-10-27,14:47:59,2.75,2.8,2.7,2.7,0,0,18236.95
2021-10-27 14:48:59,NIFTY,28OCT21,18700,CE,2021-10-27,14:48:59,2.7,2.75,2.65,2.75,0,0,18245.4
2021-10-27 14:49:59,NIFTY,28OCT21,18700,CE,2021-10-27,14:49:59,2.75,2.8,2.65,2.65,0,0,18242.7
2021-10-27 14:50:59,NIFTY,28OCT21,18700,CE,2021-10-27,14:50:59,2.65,2.7,2.6,2.7,0,0,18243.55
2021-10-27 14:51:59,NIFTY,28OCT21,18700,CE,2021-10-27,14:51:59,2.7,2.7,2.6,2.6,0,0,18241.45
2021-10-27 14:52:59,NIFTY,28OCT21,18700,CE,2021-10-27,14:52:59,2.6,2.7,2.6,2.65,0,0,18238.85
2021-10-27 14:53:59,NIFTY,28OCT21,18700,CE,2021-10-27,14:53:59,2.65,2.7,2.65,2.7,0,0,18235.55
2021-10-27 14:54:59,NIFTY,28OCT21,18700,CE,2021-10-27,14:54:59,2.7,2.7,2.6,2.65,0,0,18236.6
2021-10-27 14:55:59,NIFTY,28OCT21,18700,CE,2021-10-27,14:55:59,2.7,2.8,2.65,2.75,0,0,18245.35
2021-10-27 14:56:59,NIFTY,28OCT21,18700,CE,2021-10-27,14:56:59,2.8,2.85,2.7,2.7,0,0,18243.6
2021-10-27 14:57:59,NIFTY,28OCT21,18700,CE,2021-10-27,14:57:59,2.75,2.8,2.7,2.75,0,0,18243.75
2021-10-27 14:58:59,NIFTY,28OCT21,18700,CE,2021-10-27,14:58:59,2.7,2.75,2.65,2.7,0,0,18246.6
2021-10-27 14:59:59,NIFTY,28OCT21,18700,CE,2021-10-27,14:59:59,2.7,2.75,2.65,2.75,0,0,18249.15
2021-10-27 15:00:59,NIFTY,28OCT21,18700,CE,2021-10-27,15:00:59,2.7,2.8,2.7,2.7,0,0,18242.75
2021-10-27 15:01:59,NIFTY,28OCT21,18700,CE,2021-10-27,15:01:59,2.7,2.75,2.65,2.7,0,0,18226.15
2021-10-27 15:02:59,NIFTY,28OCT21,18700,CE,2021-10-27,15:02:59,2.7,2.75,2.65,2.7,0,0,18210.55
2021-10-27 15:03:59,NIFTY,28OCT21,18700,CE,2021-10-27,15:03:59,2.75,2.8,2.7,2.75,0,0,18208.7
2021-10-27 15:04:59,NIFTY,28OCT21,18700,CE,2021-10-27,15:04:59,2.8,2.8,2.7,2.75,0,0,18213.0
2021-10-27 15:05:59,NIFTY,28OCT21,18700,CE,2021-10-27,15:05:59,2.8,2.85,2.7,2.8,0,0,18215.55
2021-10-27 15:06:59,NIFTY,28OCT21,18700,CE,2021-10-27,15:06:59,2.75,2.85,2.75,2.8,0,0,18230.5
2021-10-27 15:07:59,NIFTY,28OCT21,18700,CE,2021-10-27,15:07:59,2.75,2.85,2.65,2.65,0,0,18226.55
2021-10-27 15:08:59,NIFTY,28OCT21,18700,CE,2021-10-27,15:08:59,2.65,2.75,2.65,2.7,0,0,18231.85
2021-10-27 15:09:59,NIFTY,28OCT21,18700,CE,2021-10-27,15:09:59,2.7,2.7,2.6,2.65,0,0,18228.0
2021-10-27 15:10:59,NIFTY,28OCT21,18700,CE,2021-10-27,15:10:59,2.65,2.7,2.6,2.65,0,0,18229.3
2021-10-27 15:11:59,NIFTY,28OCT21,18700,CE,2021-10-27,15:11:59,2.7,2.75,2.65,2.65,0,0,18232.1
2021-10-27 15:12:59,NIFTY,28OCT21,18700,CE,2021-10-27,15:12:59,2.65,2.7,2.6,2.6,0,0,18228.45
2021-10-27 15:13:59,NIFTY,28OCT21,18700,CE,2021-10-27,15:13:59,2.6,2.65,2.55,2.6,0,0,18232.0
2021-10-27 15:14:59,NIFTY,28OCT21,18700,CE,2021-10-27,15:14:59,2.55,2.55,2.45,2.5,0,0,18227.45
2021-10-27 15:15:59,NIFTY,28OCT21,18700,CE,2021-10-27,15:15:59,2.5,2.6,2.45,2.55,0,0,18219.45
2021-10-27 15:16:59,NIFTY,28OCT21,18700,CE,2021-10-27,15:16:59,2.5,2.6,2.45,2.55,0,0,18221.65
2021-10-27 15:17:59,NIFTY,28OCT21,18700,CE,2021-10-27,15:17:59,2.55,2.65,2.5,2.55,0,0,18221.05
2021-10-27 15:18:59,NIFTY,28OCT21,18700,CE,2021-10-27,15:18:59,2.55,2.6,2.5,2.5,0,0,18214.25
2021-10-27 15:19:59,NIFTY,28OCT21,18700,CE,2021-10-27,15:19:59,2.5,2.55,2.45,2.55,0,0,18214.9
2021-10-27 15:20:59,NIFTY,28OCT21,18700,CE,2021-10-27,15:20:59,2.55,2.65,2.45,2.45,0,0,18211.4
2021-10-27 15:21:59,NIFTY,28OCT21,18700,CE,2021-10-27,15:21:59,2.5,2.55,2.45,2.5,0,0,18204.35
2021-10-27 15:22:59,NIFTY,28OCT21,18700,CE,2021-10-27,15:22:59,2.5,2.8,2.5,2.8,0,0,18192.1
2021-10-27 15:23:59,NIFTY,28OCT21,18700,CE,2021-10-27,15:23:59,2.75,2.85,2.6,2.65,0,0,18187.95
2021-10-27 15:24:59,NIFTY,28OCT21,18700,CE,2021-10-27,15:24:59,2.6,2.6,2.5,2.55,0,0,18184.05
2021-10-27 15:25:59,NIFTY,28OCT21,18700,CE,2021-10-27,15:25:59,2.5,2.75,2.5,2.7,0,0,18179.75
2021-10-27 15:26:59,NIFTY,28OCT21,18700,CE,2021-10-27,15:26:59,2.7,2.7,2.6,2.65,0,0,18174.15
2021-10-27 15:27:59,NIFTY,28OCT21,18700,CE,2021-10-27,15:27:59,2.65,2.8,2.65,2.75,0,0,18170.25
2021-10-27 15:28:59,NIFTY,28OCT21,18700,CE,2021-10-27,15:28:59,2.8,2.9,2.7,2.9,0,0,18173.0
2021-10-27 15:29:59,NIFTY,28OCT21,18700,CE,2021-10-27,15:29:59,2.9,3.15,2.6,2.6,0,0,18181.5
2021-10-28 09:15:59,NIFTY,28OCT21,18700,CE,2021-10-28,09:15:59,1.4,1.95,1.35,1.65,0,0,18152.3
2021-10-28 09:16:59,NIFTY,28OCT21,18700,CE,2021-10-28,09:16:59,1.7,1.75,1.65,1.7,0,0,18150.25
2021-10-28 09:17:59,NIFTY,28OCT21,18700,CE,2021-10-28,09:17:59,1.75,1.8,1.7,1.75,0,0,18146.35
2021-10-28 09:18:59,NIFTY,28OCT21,18700,CE,2021-10-28,09:18:59,1.75,1.8,1.65,1.7,0,0,18152.05
2021-10-28 09:19:59,NIFTY,28OCT21,18700,CE,2021-10-28,09:19:59,1.7,1.8,1.7,1.8,0,0,18141.85
2021-10-28 09:20:59,NIFTY,28OCT21,18700,CE,2021-10-28,09:20:59,1.75,1.9,1.75,1.85,0,0,18139.9
2021-10-28 09:21:59,NIFTY,28OCT21,18700,CE,2021-10-28,09:21:59,1.8,2.0,1.8,1.9,0,0,18146.55
2021-10-28 09:22:59,NIFTY,28OCT21,18700,CE,2021-10-28,09:22:59,1.95,1.95,1.85,1.9,0,0,18150.85
2021-10-28 09:23:59,NIFTY,28OCT21,18700,CE,2021-10-28,09:23:59,1.9,1.95,1.85,1.9,0,0,18146.15
2021-10-28 09:24:59,NIFTY,28OCT21,18700,CE,2021-10-28,09:24:59,1.95,1.95,1.85,1.9,0,0,18156.95
2021-10-28 09:25:59,NIFTY,28OCT21,18700,CE,2021-10-28,09:25:59,1.95,1.95,1.85,1.85,0,0,18142.8
2021-10-28 09:26:59,NIFTY,28OCT21,18700,CE,2021-10-28,09:26:59,1.85,1.95,1.8,1.95,0,0,18139.65
2021-10-28 09:27:59,NIFTY,28OCT21,18700,CE,2021-10-28,09:27:59,1.95,2.05,1.9,2.05,0,0,18142.45
2021-10-28 09:28:59,NIFTY,28OCT21,18700,CE,2021-10-28,09:28:59,2.0,2.15,1.95,2.15,0,0,18127.35
2021-10-28 09:29:59,NIFTY,28OCT21,18700,CE,2021-10-28,09:29:59,2.1,2.2,2.1,2.15,0,0,18129.75
2021-10-28 09:30:59,NIFTY,28OCT21,18700,CE,2021-10-28,09:30:59,2.15,2.3,2.15,2.2,0,0,18126.85
2021-10-28 09:31:59,NIFTY,28OCT21,18700,CE,2021-10-28,09:31:59,2.2,2.3,2.15,2.25,0,0,18127.85
2021-10-28 09:32:59,NIFTY,28OCT21,18700,CE,2021-10-28,09:32:59,2.2,2.3,2.2,2.25,0,0,18124.05
2021-10-28 09:33:59,NIFTY,28OCT21,18700,CE,2021-10-28,09:33:59,2.3,2.4,2.25,2.35,0,0,18109.5
2021-10-28 09:34:59,NIFTY,28OCT21,18700,CE,2021-10-28,09:34:59,2.35,2.45,2.35,2.4,0,0,18105.6
2021-10-28 09:35:59,NIFTY,28OCT21,18700,CE,2021-10-28,09:35:59,2.35,2.5,2.35,2.45,0,0,18099.25
2021-10-28 09:36:59,NIFTY,28OCT21,18700,CE,2021-10-28,09:36:59,2.45,2.6,2.45,2.55,0,0,18092.65
2021-10-28 09:37:59,NIFTY,28OCT21,18700,CE,2021-10-28,09:37:59,2.6,2.8,2.55,2.7,0,0,18090.05
2021-10-28 09:38:59,NIFTY,28OCT21,18700,CE,2021-10-28,09:38:59,2.7,2.85,2.7,2.85,0,0,18089.25
2021-10-28 09:39:59,NIFTY,28OCT21,18700,CE,2021-10-28,09:39:59,2.85,2.95,2.75,2.9,0,0,18078.7
2021-10-28 09:40:59,NIFTY,28OCT21,18700,CE,2021-10-28,09:40:59,2.9,3.0,2.85,2.95,0,0,18081.5
2021-10-28 09:41:59,NIFTY,28OCT21,18700,CE,2021-10-28,09:41:59,2.95,2.95,2.65,2.65,0,0,18096.45
2021-10-28 09:42:59,NIFTY,28OCT21,18700,CE,2021-10-28,09:42:59,2.6,2.65,2.45,2.5,0,0,18084.6
2021-10-28 09:43:59,NIFTY,28OCT21,18700,CE,2021-10-28,09:43:59,2.5,2.65,2.5,2.6,0,0,18082.1
2021-10-28 09:44:59,NIFTY,28OCT21,18700,CE,2021-10-28,09:44:59,2.65,2.7,2.55,2.55,0,0,18070.45
2021-10-28 09:45:59,NIFTY,28OCT21,18700,CE,2021-10-28,09:45:59,2.6,2.8,2.55,2.8,0,0,18077.45
2021-10-28 09:46:59,NIFTY,28OCT21,18700,CE,2021-10-28,09:46:59,2.8,2.8,2.65,2.7,0,0,18075.2
2021-10-28 09:47:59,NIFTY,28OCT21,18700,CE,2021-10-28,09:47:59,2.7,2.8,2.65,2.65,0,0,18075.95
2021-10-28 09:48:59,NIFTY,28OCT21,18700,CE,2021-10-28,09:48:59,2.65,2.75,2.6,2.65,0,0,18090.1
2021-10-28 09:49:59,NIFTY,28OCT21,18700,CE,2021-10-28,09:49:59,2.65,2.7,2.55,2.65,0,0,18097.25
2021-10-28 09:50:59,NIFTY,28OCT21,18700,CE,2021-10-28,09:50:59,2.6,2.6,2.5,2.6,0,0,18094.95
2021-10-28 09:51:59,NIFTY,28OCT21,18700,CE,2021-10-28,09:51:59,2.55,2.7,2.55,2.65,0,0,18095.8
2021-10-28 09:52:59,NIFTY,28OCT21,18700,CE,2021-10-28,09:52:59,2.65,2.7,2.55,2.6,0,0,18100.55
2021-10-28 09:53:59,NIFTY,28OCT21,18700,CE,2021-10-28,09:53:59,2.65,2.65,2.6,2.6,0,0,18100.5
2021-10-28 09:54:59,NIFTY,28OCT21,18700,CE,2021-10-28,09:54:59,2.6,2.65,2.55,2.55,0,0,18098.65
2021-10-28 09:55:59,NIFTY,28OCT21,18700,CE,2021-10-28,09:55:59,2.6,2.6,2.5,2.5,0,0,18101.5
2021-10-28 09:56:59,NIFTY,28OCT21,18700,CE,2021-10-28,09:56:59,2.55,2.65,2.5,2.6,0,0,18083.35
2021-10-28 09:57:59,NIFTY,28OCT21,18700,CE,2021-10-28,09:57:59,2.6,2.65,2.55,2.6,0,0,18070.7
2021-10-28 09:58:59,NIFTY,28OCT21,18700,CE,2021-10-28,09:58:59,2.55,2.6,2.35,2.4,0,0,18063.95
2021-10-28 09:59:59,NIFTY,28OCT21,18700,CE,2021-10-28,09:59:59,2.4,2.45,2.3,2.45,0,0,18066.7
2021-10-28 10:00:59,NIFTY,28OCT21,18700,CE,2021-10-28,10:00:59,2.4,2.6,2.4,2.5,0,0,18071.15
2021-10-28 10:01:59,NIFTY,28OCT21,18700,CE,2021-10-28,10:01:59,2.5,2.75,2.45,2.65,0,0,18074.2
2021-10-28 10:02:59,NIFTY,28OCT21,18700,CE,2021-10-28,10:02:59,2.65,2.7,2.6,2.6,0,0,18070.5
2021-10-28 10:03:59,NIFTY,28OCT21,18700,CE,2021-10-28,10:03:59,2.6,2.7,2.6,2.65,0,0,18066.8
2021-10-28 10:04:59,NIFTY,28OCT21,18700,CE,2021-10-28,10:04:59,2.65,2.7,2.6,2.65,0,0,18066.6
2021-10-28 10:05:59,NIFTY,28OCT21,18700,CE,2021-10-28,10:05:59,2.65,2.7,2.55,2.55,0,0,18064.5
2021-10-28 10:06:59,NIFTY,28OCT21,18700,CE,2021-10-28,10:06:59,2.55,2.6,2.55,2.55,0,0,18064.4
2021-10-28 10:07:59,NIFTY,28OCT21,18700,CE,2021-10-28,10:07:59,2.55,2.6,2.5,2.55,0,0,18071.65
2021-10-28 10:08:59,NIFTY,28OCT21,18700,CE,2021-10-28,10:08:59,2.55,2.6,2.55,2.55,0,0,18071.9
2021-10-28 10:09:59,NIFTY,28OCT21,18700,CE,2021-10-28,10:09:59,2.55,2.55,2.5,2.55,0,0,18080.05
2021-10-28 10:10:59,NIFTY,28OCT21,18700,CE,2021-10-28,10:10:59,2.55,2.55,2.5,2.5,0,0,18082.05
2021-10-28 10:11:59,NIFTY,28OCT21,18700,CE,2021-10-28,10:11:59,2.55,2.6,2.5,2.55,0,0,18088.15
2021-10-28 10:12:59,NIFTY,28OCT21,18700,CE,2021-10-28,10:12:59,2.55,2.55,2.45,2.45,0,0,18092.0
2021-10-28 10:13:59,NIFTY,28OCT21,18700,CE,2021-10-28,10:13:59,2.45,2.5,2.35,2.4,0,0,18096.2
2021-10-28 10:14:59,NIFTY,28OCT21,18700,CE,2021-10-28,10:14:59,2.4,2.45,2.25,2.3,0,0,18092.05
2021-10-28 10:15:59,NIFTY,28OCT21,18700,CE,2021-10-28,10:15:59,2.3,2.35,2.3,2.35,0,0,18081.3
2021-10-28 10:16:59,NIFTY,28OCT21,18700,CE,2021-10-28,10:16:59,2.35,2.4,2.35,2.35,0,0,18086.2
2021-10-28 10:17:59,NIFTY,28OCT21,18700,CE,2021-10-28,10:17:59,2.35,2.45,2.35,2.4,0,0,18090.95
2021-10-28 10:18:59,NIFTY,28OCT21,18700,CE,2021-10-28,10:18:59,2.4,2.45,2.4,2.4,0,0,18084.45
2021-10-28 10:19:59,NIFTY,28OCT21,18700,CE,2021-10-28,10:19:59,2.35,2.45,2.35,2.4,0,0,18090.5
2021-10-28 10:20:59,NIFTY,28OCT21,18700,CE,2021-10-28,10:20:59,2.35,2.4,2.3,2.35,0,0,18091.0
2021-10-28 10:21:59,NIFTY,28OCT21,18700,CE,2021-10-28,10:21:59,2.35,2.4,2.3,2.4,0,0,18091.2
2021-10-28 10:22:59,NIFTY,28OCT21,18700,CE,2021-10-28,10:22:59,2.4,2.4,2.3,2.35,0,0,18099.45
2021-10-28 10:23:59,NIFTY,28OCT21,18700,CE,2021-10-28,10:23:59,2.4,2.45,2.35,2.45,0,0,18097.65
2021-10-28 10:24:59,NIFTY,28OCT21,18700,CE,2021-10-28,10:24:59,2.45,2.45,2.35,2.4,0,0,18096.9
2021-10-28 10:25:59,NIFTY,28OCT21,18700,CE,2021-10-28,10:25:59,2.4,2.4,2.25,2.3,0,0,18096.8
2021-10-28 10:26:59,NIFTY,28OCT21,18700,CE,2021-10-28,10:26:59,2.25,2.3,2.2,2.25,0,0,18097.05
2021-10-28 10:27:59,NIFTY,28OCT21,18700,CE,2021-10-28,10:27:59,2.25,2.3,2.2,2.25,0,0,18101.0
2021-10-28 10:28:59,NIFTY,28OCT21,18700,CE,2021-10-28,10:28:59,2.25,2.3,2.2,2.25,0,0,18092.05
2021-10-28 10:29:59,NIFTY,28OCT21,18700,CE,2021-10-28,10:29:59,2.2,2.25,2.1,2.15,0,0,18084.55
2021-10-28 10:30:59,NIFTY,28OCT21,18700,CE,2021-10-28,10:30:59,2.15,2.15,2.1,2.15,0,0,18078.9
2021-10-28 10:31:59,NIFTY,28OCT21,18700,CE,2021-10-28,10:31:59,2.1,2.2,2.1,2.1,0,0,18077.85
2021-10-28 10:32:59,NIFTY,28OCT21,18700,CE,2021-10-28,10:32:59,2.1,2.2,2.1,2.2,0,0,18079.65
2021-10-28 10:33:59,NIFTY,28OCT21,18700,CE,2021-10-28,10:33:59,2.2,2.3,2.15,2.3,0,0,18077.9
2021-10-28 10:34:59,NIFTY,28OCT21,18700,CE,2021-10-28,10:34:59,2.3,2.3,2.2,2.2,0,0,18073.9
2021-10-28 10:35:59,NIFTY,28OCT21,18700,CE,2021-10-28,10:35:59,2.2,2.2,2.15,2.2,0,0,18069.55
2021-10-28 10:36:59,NIFTY,28OCT21,18700,CE,2021-10-28,10:36:59,2.15,2.25,2.15,2.2,0,0,18069.0
2021-10-28 10:37:59,NIFTY,28OCT21,18700,CE,2021-10-28,10:37:59,2.2,2.3,2.2,2.25,0,0,18077.9
2021-10-28 10:38:59,NIFTY,28OCT21,18700,CE,2021-10-28,10:38:59,2.3,2.3,2.15,2.2,0,0,18072.8
2021-10-28 10:39:59,NIFTY,28OCT21,18700,CE,2021-10-28,10:39:59,2.15,2.2,2.15,2.2,0,0,18070.3
2021-10-28 10:40:59,NIFTY,28OCT21,18700,CE,2021-10-28,10:40:59,2.2,2.3,2.15,2.3,0,0,18068.5
2021-10-28 10:41:59,NIFTY,28OCT21,18700,CE,2021-10-28,10:41:59,2.25,2.35,2.25,2.35,0,0,18070.55
2021-10-28 10:42:59,NIFTY,28OCT21,18700,CE,2021-10-28,10:42:59,2.3,2.35,2.25,2.35,0,0,18064.2
2021-10-28 10:43:59,NIFTY,28OCT21,18700,CE,2021-10-28,10:43:59,2.35,2.35,2.3,2.35,0,0,18059.2
2021-10-28 10:44:59,NIFTY,28OCT21,18700,CE,2021-10-28,10:44:59,2.4,2.5,2.35,2.45,0,0,18046.1
2021-10-28 10:45:59,NIFTY,28OCT21,18700,CE,2021-10-28,10:45:59,2.45,2.5,2.4,2.45,0,0,18046.8
2021-10-28 10:46:59,NIFTY,28OCT21,18700,CE,2021-10-28,10:46:59,2.45,2.5,2.45,2.45,0,0,18045.2
2021-10-28 10:47:59,NIFTY,28OCT21,18700,CE,2021-10-28,10:47:59,2.45,2.55,2.45,2.5,0,0,18040.9
2021-10-28 10:48:59,NIFTY,28OCT21,18700,CE,2021-10-28,10:48:59,2.5,2.55,2.5,2.55,0,0,18035.75
2021-10-28 10:49:59,NIFTY,28OCT21,18700,CE,2021-10-28,10:49:59,2.55,2.7,2.5,2.65,0,0,18028.35
2021-10-28 10:50:59,NIFTY,28OCT21,18700,CE,2021-10-28,10:50:59,2.65,2.7,2.6,2.65,0,0,18033.2
2021-10-28 10:51:59,NIFTY,28OCT21,18700,CE,2021-10-28,10:51:59,2.65,2.7,2.6,2.6,0,0,18033.25
2021-10-28 10:52:59,NIFTY,28OCT21,18700,CE,2021-10-28,10:52:59,2.6,2.65,2.6,2.6,0,0,18037.8
2021-10-28 10:53:59,NIFTY,28OCT21,18700,CE,2021-10-28,10:53:59,2.65,2.65,2.6,2.65,0,0,18026.65
2021-10-28 10:54:59,NIFTY,28OCT21,18700,CE,2021-10-28,10:54:59,2.6,2.7,2.6,2.7,0,0,18021.95
2021-10-28 10:55:59,NIFTY,28OCT21,18700,CE,2021-10-28,10:55:59,2.75,2.75,2.65,2.65,0,0,18026.4
2021-10-28 10:56:59,NIFTY,28OCT21,18700,CE,2021-10-28,10:56:59,2.7,2.75,2.65,2.7,0,0,18030.1
2021-10-28 10:57:59,NIFTY,28OCT21,18700,CE,2021-10-28,10:57:59,2.7,2.75,2.7,2.7,0,0,18027.0
2021-10-28 10:58:59,NIFTY,28OCT21,18700,CE,2021-10-28,10:58:59,2.7,2.7,2.6,2.7,0,0,18024.5
2021-10-28 10:59:59,NIFTY,28OCT21,18700,CE,2021-10-28,10:59:59,2.7,2.7,2.65,2.7,0,0,18022.15
2021-10-28 11:00:59,NIFTY,28OCT21,18700,CE,2021-10-28,11:00:59,2.7,2.8,2.65,2.7,0,0,18029.05
2021-10-28 11:01:59,NIFTY,28OCT21,18700,CE,2021-10-28,11:01:59,2.75,2.75,2.55,2.55,0,0,18030.7
2021-10-28 11:02:59,NIFTY,28OCT21,18700,CE,2021-10-28,11:02:59,2.55,2.7,2.5,2.65,0,0,18022.6
2021-10-28 11:03:59,NIFTY,28OCT21,18700,CE,2021-10-28,11:03:59,2.65,2.7,2.6,2.7,0,0,18020.6
2021-10-28 11:04:59,NIFTY,28OCT21,18700,CE,2021-10-28,11:04:59,2.7,2.75,2.65,2.75,0,0,18007.25
2021-10-28 11:05:59,NIFTY,28OCT21,18700,CE,2021-10-28,11:05:59,2.75,2.75,2.65,2.7,0,0,18009.2
2021-10-28 11:06:59,NIFTY,28OCT21,18700,CE,2021-10-28,11:06:59,2.75,2.8,2.7,2.7,0,0,18018.35
2021-10-28 11:07:59,NIFTY,28OCT21,18700,CE,2021-10-28,11:07:59,2.7,2.75,2.7,2.7,0,0,18015.2
2021-10-28 11:08:59,NIFTY,28OCT21,18700,CE,2021-10-28,11:08:59,2.7,2.8,2.7,2.75,0,0,18015.95
2021-10-28 11:09:59,NIFTY,28OCT21,18700,CE,2021-10-28,11:09:59,2.75,2.8,2.7,2.8,0,0,18020.0
2021-10-28 11:10:59,NIFTY,28OCT21,18700,CE,2021-10-28,11:10:59,2.75,2.85,2.75,2.8,0,0,18026.2
2021-10-28 11:11:59,NIFTY,28OCT21,18700,CE,2021-10-28,11:11:59,2.8,2.9,2.8,2.85,0,0,18027.05
2021-10-28 11:12:59,NIFTY,28OCT21,18700,CE,2021-10-28,11:12:59,2.8,2.9,2.8,2.85,0,0,18025.45
2021-10-28 11:13:59,NIFTY,28OCT21,18700,CE,2021-10-28,11:13:59,2.85,2.85,2.75,2.8,0,0,18039.95
2021-10-28 11:14:59,NIFTY,28OCT21,18700,CE,2021-10-28,11:14:59,2.8,2.8,2.7,2.75,0,0,18038.1
2021-10-28 11:15:59,NIFTY,28OCT21,18700,CE,2021-10-28,11:15:59,2.7,2.75,2.7,2.75,0,0,18039.35
2021-10-28 11:16:59,NIFTY,28OCT21,18700,CE,2021-10-28,11:16:59,2.7,2.75,2.5,2.5,0,0,18039.0
2021-10-28 11:17:59,NIFTY,28OCT21,18700,CE,2021-10-28,11:17:59,2.5,2.6,2.4,2.5,0,0,18039.15
2021-10-28 11:18:59,NIFTY,28OCT21,18700,CE,2021-10-28,11:18:59,2.45,2.6,2.45,2.6,0,0,18051.3
2021-10-28 11:19:59,NIFTY,28OCT21,18700,CE,2021-10-28,11:19:59,2.55,2.6,2.55,2.55,0,0,18042.6
2021-10-28 11:20:59,NIFTY,28OCT21,18700,CE,2021-10-28,11:20:59,2.5,2.55,2.45,2.5,0,0,18043.05
2021-10-28 11:21:59,NIFTY,28OCT21,18700,CE,2021-10-28,11:21:59,2.45,2.55,2.45,2.55,0,0,18046.3
2021-10-28 11:22:59,NIFTY,28OCT21,18700,CE,2021-10-28,11:22:59,2.55,2.55,2.45,2.45,0,0,18049.45
2021-10-28 11:23:59,NIFTY,28OCT21,18700,CE,2021-10-28,11:23:59,2.5,2.55,2.45,2.45,0,0,18048.9
2021-10-28 11:24:59,NIFTY,28OCT21,18700,CE,2021-10-28,11:24:59,2.45,2.45,2.4,2.4,0,0,18047.75
2021-10-28 11:25:59,NIFTY,28OCT21,18700,CE,2021-10-28,11:25:59,2.4,2.45,2.4,2.45,0,0,18051.25
2021-10-28 11:26:59,NIFTY,28OCT21,18700,CE,2021-10-28,11:26:59,2.4,2.45,2.35,2.4,0,0,18046.85
2021-10-28 11:27:59,NIFTY,28OCT21,18700,CE,2021-10-28,11:27:59,2.4,2.4,2.3,2.3,0,0,18046.15
2021-10-28 11:28:59,NIFTY,28OCT21,18700,CE,2021-10-28,11:28:59,2.25,2.25,2.15,2.2,0,0,18033.65
2021-10-28 11:29:59,NIFTY,28OCT21,18700,CE,2021-10-28,11:29:59,2.2,2.3,2.2,2.25,0,0,18038.2
2021-10-28 11:30:59,NIFTY,28OCT21,18700,CE,2021-10-28,11:30:59,2.25,2.3,2.25,2.3,0,0,18044.85
2021-10-28 11:31:59,NIFTY,28OCT21,18700,CE,2021-10-28,11:31:59,2.25,2.25,2.15,2.2,0,0,18039.85
2021-10-28 11:32:59,NIFTY,28OCT21,18700,CE,2021-10-28,11:32:59,2.2,2.3,2.15,2.3,0,0,18042.1
2021-10-28 11:33:59,NIFTY,28OCT21,18700,CE,2021-10-28,11:33:59,2.25,2.25,2.2,2.2,0,0,18043.25
2021-10-28 11:34:59,NIFTY,28OCT21,18700,CE,2021-10-28,11:34:59,2.25,2.25,2.15,2.15,0,0,18042.7
2021-10-28 11:35:59,NIFTY,28OCT21,18700,CE,2021-10-28,11:35:59,2.1,2.15,1.95,1.95,0,0,18049.8
2021-10-28 11:36:59,NIFTY,28OCT21,18700,CE,2021-10-28,11:36:59,1.95,1.95,1.85,1.85,0,0,18042.4
2021-10-28 11:37:59,NIFTY,28OCT21,18700,CE,2021-10-28,11:37:59,1.85,1.9,1.8,1.85,0,0,18041.8
2021-10-28 11:38:59,NIFTY,28OCT21,18700,CE,2021-10-28,11:38:59,1.85,1.9,1.8,1.9,0,0,18044.4
2021-10-28 11:39:59,NIFTY,28OCT21,18700,CE,2021-10-28,11:39:59,1.9,1.9,1.8,1.8,0,0,18037.15
2021-10-28 11:40:59,NIFTY,28OCT21,18700,CE,2021-10-28,11:40:59,1.8,1.85,1.75,1.8,0,0,18038.75
2021-10-28 11:41:59,NIFTY,28OCT21,18700,CE,2021-10-28,11:41:59,1.85,1.85,1.75,1.75,0,0,18037.9
2021-10-28 11:42:59,NIFTY,28OCT21,18700,CE,2021-10-28,11:42:59,1.8,1.8,1.7,1.7,0,0,18039.5
2021-10-28 11:43:59,NIFTY,28OCT21,18700,CE,2021-10-28,11:43:59,1.7,1.75,1.6,1.75,0,0,18043.9
2021-10-28 11:44:59,NIFTY,28OCT21,18700,CE,2021-10-28,11:44:59,1.65,1.65,1.6,1.6,0,0,18040.35
2021-10-28 11:45:59,NIFTY,28OCT21,18700,CE,2021-10-28,11:45:59,1.6,1.6,1.5,1.5,0,0,18044.25
2021-10-28 11:46:59,NIFTY,28OCT21,18700,CE,2021-10-28,11:46:59,1.5,1.5,1.4,1.45,0,0,18053.0
2021-10-28 11:47:59,NIFTY,28OCT21,18700,CE,2021-10-28,11:47:59,1.45,1.55,1.45,1.5,0,0,18054.5
2021-10-28 11:48:59,NIFTY,28OCT21,18700,CE,2021-10-28,11:48:59,1.5,1.6,1.5,1.5,0,0,18067.55
2021-10-28 11:49:59,NIFTY,28OCT21,18700,CE,2021-10-28,11:49:59,1.5,1.6,1.5,1.6,0,0,18073.45
2021-10-28 11:50:59,NIFTY,28OCT21,18700,CE,2021-10-28,11:50:59,1.55,1.6,1.5,1.5,0,0,18064.35
2021-10-28 11:51:59,NIFTY,28OCT21,18700,CE,2021-10-28,11:51:59,1.5,1.5,1.4,1.45,0,0,18071.4
2021-10-28 11:52:59,NIFTY,28OCT21,18700,CE,2021-10-28,11:52:59,1.45,1.45,1.4,1.45,0,0,18071.7
2021-10-28 11:53:59,NIFTY,28OCT21,18700,CE,2021-10-28,11:53:59,1.45,1.45,1.35,1.4,0,0,18079.05
2021-10-28 11:54:59,NIFTY,28OCT21,18700,CE,2021-10-28,11:54:59,1.35,1.4,1.3,1.35,0,0,18076.2
2021-10-28 11:55:59,NIFTY,28OCT21,18700,CE,2021-10-28,11:55:59,1.35,1.35,1.3,1.3,0,0,18069.05
2021-10-28 11:56:59,NIFTY,28OCT21,18700,CE,2021-10-28,11:56:59,1.3,1.35,1.25,1.3,0,0,18068.2
2021-10-28 11:57:59,NIFTY,28OCT21,18700,CE,2021-10-28,11:57:59,1.3,1.35,1.3,1.35,0,0,18075.4
2021-10-28 11:58:59,NIFTY,28OCT21,18700,CE,2021-10-28,11:58:59,1.35,1.35,1.3,1.35,0,0,18076.2
2021-10-28 11:59:59,NIFTY,28OCT21,18700,CE,2021-10-28,11:59:59,1.35,1.35,1.15,1.15,0,0,18076.25
2021-10-28 12:00:59,NIFTY,28OCT21,18700,CE,2021-10-28,12:00:59,1.15,1.2,1.1,1.1,0,0,18069.4
2021-10-28 12:01:59,NIFTY,28OCT21,18700,CE,2021-10-28,12:01:59,1.1,1.15,1.1,1.15,0,0,18068.15
2021-10-28 12:02:59,NIFTY,28OCT21,18700,CE,2021-10-28,12:02:59,1.1,1.15,1.0,1.05,0,0,18060.2
2021-10-28 12:03:59,NIFTY,28OCT21,18700,CE,2021-10-28,12:03:59,1.05,1.05,1.0,1.0,0,0,18060.9
2021-10-28 12:04:59,NIFTY,28OCT21,18700,CE,2021-10-28,12:04:59,1.0,1.05,0.95,1.0,0,0,18061.05
2021-10-28 12:05:59,NIFTY,28OCT21,18700,CE,2021-10-28,12:05:59,0.95,1.0,0.9,1.0,0,0,18055.65
2021-10-28 12:06:59,NIFTY,28OCT21,18700,CE,2021-10-28,12:06:59,0.95,1.0,0.9,0.9,0,0,18050.4
2021-10-28 12:07:59,NIFTY,28OCT21,18700,CE,2021-10-28,12:07:59,0.9,0.95,0.9,0.95,0,0,18053.95
2021-10-28 12:08:59,NIFTY,28OCT21,18700,CE,2021-10-28,12:08:59,0.95,0.95,0.9,0.95,0,0,18047.1
2021-10-28 12:09:59,NIFTY,28OCT21,18700,CE,2021-10-28,12:09:59,0.95,1.25,0.95,1.15,0,0,18046.8
2021-10-28 12:10:59,NIFTY,28OCT21,18700,CE,2021-10-28,12:10:59,1.15,1.3,1.15,1.2,0,0,18043.1
2021-10-28 12:11:59,NIFTY,28OCT21,18700,CE,2021-10-28,12:11:59,1.2,1.25,1.05,1.15,0,0,18041.65
2021-10-28 12:12:59,NIFTY,28OCT21,18700,CE,2021-10-28,12:12:59,1.15,1.15,1.05,1.05,0,0,18040.85
2021-10-28 12:13:59,NIFTY,28OCT21,18700,CE,2021-10-28,12:13:59,1.1,1.15,1.0,1.0,0,0,18031.4
2021-10-28 12:14:59,NIFTY,28OCT21,18700,CE,2021-10-28,12:14:59,1.05,1.15,1.05,1.1,0,0,18023.75
2021-10-28 12:15:59,NIFTY,28OCT21,18700,CE,2021-10-28,12:15:59,1.1,1.15,1.1,1.15,0,0,18012.8
2021-10-28 12:16:59,NIFTY,28OCT21,18700,CE,2021-10-28,12:16:59,1.15,1.2,1.1,1.15,0,0,18015.0
2021-10-28 12:17:59,NIFTY,28OCT21,18700,CE,2021-10-28,12:17:59,1.2,1.25,1.15,1.2,0,0,18018.45
2021-10-28 12:18:59,NIFTY,28OCT21,18700,CE,2021-10-28,12:18:59,1.25,1.25,1.2,1.25,0,0,18007.35
2021-10-28 12:19:59,NIFTY,28OCT21,18700,CE,2021-10-28,12:19:59,1.25,1.25,1.2,1.2,0,0,18008.5
2021-10-28 12:20:59,NIFTY,28OCT21,18700,CE,2021-10-28,12:20:59,1.25,1.3,1.2,1.3,0,0,18020.3
2021-10-28 12:21:59,NIFTY,28OCT21,18700,CE,2021-10-28,12:21:59,1.25,1.3,1.15,1.2,0,0,18016.2
2021-10-28 12:22:59,NIFTY,28OCT21,18700,CE,2021-10-28,12:22:59,1.2,1.2,1.15,1.15,0,0,18013.25
2021-10-28 12:23:59,NIFTY,28OCT21,18700,CE,2021-10-28,12:23:59,1.1,1.2,1.1,1.2,0,0,18014.25
2021-10-28 12:24:59,NIFTY,28OCT21,18700,CE,2021-10-28,12:24:59,1.2,1.25,1.15,1.15,0,0,18009.55
2021-10-28 12:25:59,NIFTY,28OCT21,18700,CE,2021-10-28,12:25:59,1.2,1.3,1.15,1.2,0,0,18009.75
2021-10-28 12:26:59,NIFTY,28OCT21,18700,CE,2021-10-28,12:26:59,1.2,1.6,1.2,1.6,0,0,18005.45
2021-10-28 12:27:59,NIFTY,28OCT21,18700,CE,2021-10-28,12:27:59,1.55,1.65,1.55,1.55,0,0,17989.6
2021-10-28 12:28:59,NIFTY,28OCT21,18700,CE,2021-10-28,12:28:59,1.55,1.65,1.5,1.55,0,0,17991.6
2021-10-28 12:29:59,NIFTY,28OCT21,18700,CE,2021-10-28,12:29:59,1.6,1.65,1.55,1.6,0,0,17990.05
2021-10-28 12:30:59,NIFTY,28OCT21,18700,CE,2021-10-28,12:30:59,1.55,1.65,1.55,1.6,0,0,18005.95
2021-10-28 12:31:59,NIFTY,28OCT21,18700,CE,2021-10-28,12:31:59,1.6,1.8,1.6,1.7,0,0,18005.0
2021-10-28 12:32:59,NIFTY,28OCT21,18700,CE,2021-10-28,12:32:59,1.7,1.7,1.65,1.65,0,0,18004.6
2021-10-28 12:33:59,NIFTY,28OCT21,18700,CE,2021-10-28,12:33:59,1.65,1.7,1.65,1.65,0,0,18004.6
2021-10-28 12:34:59,NIFTY,28OCT21,18700,CE,2021-10-28,12:34:59,1.65,1.7,1.6,1.65,0,0,18003.15
2021-10-28 12:35:59,NIFTY,28OCT21,18700,CE,2021-10-28,12:35:59,1.6,1.65,1.6,1.6,0,0,18005.55
2021-10-28 12:36:59,NIFTY,28OCT21,18700,CE,2021-10-28,12:36:59,1.6,1.7,1.6,1.65,0,0,18004.75
2021-10-28 12:37:59,NIFTY,28OCT21,18700,CE,2021-10-28,12:37:59,1.65,1.65,1.6,1.65,0,0,18005.1
2021-10-28 12:38:59,NIFTY,28OCT21,18700,CE,2021-10-28,12:38:59,1.65,1.65,1.6,1.65,0,0,18003.0
2021-10-28 12:39:59,NIFTY,28OCT21,18700,CE,2021-10-28,12:39:59,1.65,1.65,1.5,1.55,0,0,18002.5
2021-10-28 12:40:59,NIFTY,28OCT21,18700,CE,2021-10-28,12:40:59,1.55,1.6,1.5,1.5,0,0,18004.25
2021-10-28 12:41:59,NIFTY,28OCT21,18700,CE,2021-10-28,12:41:59,1.5,1.6,1.45,1.6,0,0,18009.3
2021-10-28 12:42:59,NIFTY,28OCT21,18700,CE,2021-10-28,12:42:59,1.55,1.6,1.55,1.55,0,0,18016.6
2021-10-28 12:43:59,NIFTY,28OCT21,18700,CE,2021-10-28,12:43:59,1.5,1.55,1.5,1.5,0,0,18013.25
2021-10-28 12:44:59,NIFTY,28OCT21,18700,CE,2021-10-28,12:44:59,1.55,1.55,1.45,1.45,0,0,18011.05
2021-10-28 12:45:59,NIFTY,28OCT21,18700,CE,2021-10-28,12:45:59,1.45,1.5,1.45,1.5,0,0,18003.65
2021-10-28 12:46:59,NIFTY,28OCT21,18700,CE,2021-10-28,12:46:59,1.5,1.5,1.45,1.45,0,0,18005.6
2021-10-28 12:47:59,NIFTY,28OCT21,18700,CE,2021-10-28,12:47:59,1.45,1.5,1.45,1.45,0,0,18012.1
2021-10-28 12:48:59,NIFTY,28OCT21,18700,CE,2021-10-28,12:48:59,1.5,1.5,1.4,1.4,0,0,18011.7
2021-10-28 12:49:59,NIFTY,28OCT21,18700,CE,2021-10-28,12:49:59,1.4,1.45,1.35,1.35,0,0,18012.3
2021-10-28 12:50:59,NIFTY,28OCT21,18700,CE,2021-10-28,12:50:59,1.35,1.4,1.3,1.3,0,0,18021.6
2021-10-28 12:51:59,NIFTY,28OCT21,18700,CE,2021-10-28,12:51:59,1.35,1.35,1.3,1.35,0,0,18021.7
2021-10-28 12:52:59,NIFTY,28OCT21,18700,CE,2021-10-28,12:52:59,1.35,1.4,1.35,1.4,0,0,18024.55
2021-10-28 12:53:59,NIFTY,28OCT21,18700,CE,2021-10-28,12:53:59,1.4,1.4,1.2,1.2,0,0,18020.35
2021-10-28 12:54:59,NIFTY,28OCT21,18700,CE,2021-10-28,12:54:59,1.2,1.25,1.15,1.2,0,0,18030.15
2021-10-28 12:55:59,NIFTY,28OCT21,18700,CE,2021-10-28,12:55:59,1.2,1.2,1.15,1.2,0,0,18030.95
2021-10-28 12:56:59,NIFTY,28OCT21,18700,CE,2021-10-28,12:56:59,1.15,1.3,1.15,1.3,0,0,18029.4
2021-10-28 12:57:59,NIFTY,28OCT21,18700,CE,2021-10-28,12:57:59,1.3,1.35,1.25,1.35,0,0,18035.0
2021-10-28 12:58:59,NIFTY,28OCT21,18700,CE,2021-10-28,12:58:59,1.3,1.35,1.3,1.35,0,0,18031.4
2021-10-28 12:59:59,NIFTY,28OCT21,18700,CE,2021-10-28,12:59:59,1.3,1.35,1.2,1.25,0,0,18031.75
2021-10-28 13:00:59,NIFTY,28OCT21,18700,CE,2021-10-28,13:00:59,1.25,1.3,1.25,1.25,0,0,18031.15
2021-10-28 13:01:59,NIFTY,28OCT21,18700,CE,2021-10-28,13:01:59,1.25,1.25,1.2,1.2,0,0,18021.0
2021-10-28 13:02:59,NIFTY,28OCT21,18700,CE,2021-10-28,13:02:59,1.25,1.25,1.2,1.2,0,0,18024.05
2021-10-28 13:03:59,NIFTY,28OCT21,18700,CE,2021-10-28,13:03:59,1.2,1.2,1.15,1.15,0,0,18022.7
2021-10-28 13:04:59,NIFTY,28OCT21,18700,CE,2021-10-28,13:04:59,1.15,1.2,1.15,1.2,0,0,18027.8
2021-10-28 13:05:59,NIFTY,28OCT21,18700,CE,2021-10-28,13:05:59,1.2,1.25,1.2,1.2,0,0,18036.7
2021-10-28 13:06:59,NIFTY,28OCT21,18700,CE,2021-10-28,13:06:59,1.25,1.25,1.2,1.2,0,0,18040.95
2021-10-28 13:07:59,NIFTY,28OCT21,18700,CE,2021-10-28,13:07:59,1.25,1.25,1.15,1.2,0,0,18042.8
2021-10-28 13:08:59,NIFTY,28OCT21,18700,CE,2021-10-28,13:08:59,1.2,1.2,1.05,1.05,0,0,18040.9
2021-10-28 13:09:59,NIFTY,28OCT21,18700,CE,2021-10-28,13:09:59,1.1,1.1,1.05,1.05,0,0,18038.4
2021-10-28 13:10:59,NIFTY,28OCT21,18700,CE,2021-10-28,13:10:59,1.05,1.1,1.05,1.05,0,0,18033.25
2021-10-28 13:11:59,NIFTY,28OCT21,18700,CE,2021-10-28,13:11:59,1.05,1.05,1.0,1.05,0,0,18034.7
2021-10-28 13:12:59,NIFTY,28OCT21,18700,CE,2021-10-28,13:12:59,1.05,1.1,1.0,1.05,0,0,18019.65
2021-10-28 13:13:59,NIFTY,28OCT21,18700,CE,2021-10-28,13:13:59,1.1,1.1,1.05,1.05,0,0,18019.35
2021-10-28 13:14:59,NIFTY,28OCT21,18700,CE,2021-10-28,13:14:59,1.1,1.25,1.05,1.2,0,0,18007.35
2021-10-28 13:15:59,NIFTY,28OCT21,18700,CE,2021-10-28,13:15:59,1.2,1.2,1.1,1.1,0,0,18015.8
2021-10-28 13:16:59,NIFTY,28OCT21,18700,CE,2021-10-28,13:16:59,1.15,1.15,1.1,1.1,0,0,18029.65
2021-10-28 13:17:59,NIFTY,28OCT21,18700,CE,2021-10-28,13:17:59,1.1,1.15,1.05,1.05,0,0,18030.55
2021-10-28 13:18:59,NIFTY,28OCT21,18700,CE,2021-10-28,13:18:59,1.05,1.1,1.05,1.05,0,0,18030.65
2021-10-28 13:19:59,NIFTY,28OCT21,18700,CE,2021-10-28,13:19:59,1.05,1.05,0.9,0.9,0,0,18027.75
2021-10-28 13:20:59,NIFTY,28OCT21,18700,CE,2021-10-28,13:20:59,0.9,0.9,0.8,0.85,0,0,18027.75
2021-10-28 13:21:59,NIFTY,28OCT21,18700,CE,2021-10-28,13:21:59,0.85,0.9,0.8,0.85,0,0,18018.3
2021-10-28 13:22:59,NIFTY,28OCT21,18700,CE,2021-10-28,13:22:59,0.85,0.95,0.85,0.95,0,0,18017.65
2021-10-28 13:23:59,NIFTY,28OCT21,18700,CE,2021-10-28,13:23:59,1.0,1.0,0.95,0.95,0,0,18015.25
2021-10-28 13:24:59,NIFTY,28OCT21,18700,CE,2021-10-28,13:24:59,0.95,1.0,0.95,0.95,0,0,18022.6
2021-10-28 13:25:59,NIFTY,28OCT21,18700,CE,2021-10-28,13:25:59,0.95,0.95,0.9,0.95,0,0,18020.65
2021-10-28 13:26:59,NIFTY,28OCT21,18700,CE,2021-10-28,13:26:59,0.95,1.0,0.9,0.9,0,0,18029.6
2021-10-28 13:27:59,NIFTY,28OCT21,18700,CE,2021-10-28,13:27:59,0.95,0.95,0.9,0.95,0,0,18015.25
2021-10-28 13:28:59,NIFTY,28OCT21,18700,CE,2021-10-28,13:28:59,0.9,1.0,0.9,0.95,0,0,18007.55
2021-10-28 13:29:59,NIFTY,28OCT21,18700,CE,2021-10-28,13:29:59,0.95,1.0,0.9,0.9,0,0,18007.6
2021-10-28 13:30:59,NIFTY,28OCT21,18700,CE,2021-10-28,13:30:59,0.9,1.0,0.9,0.95,0,0,18007.75
2021-10-28 13:31:59,NIFTY,28OCT21,18700,CE,2021-10-28,13:31:59,0.95,1.3,0.95,1.25,0,0,17995.15
2021-10-28 13:32:59,NIFTY,28OCT21,18700,CE,2021-10-28,13:32:59,1.25,1.3,1.15,1.15,0,0,17987.0
2021-10-28 13:33:59,NIFTY,28OCT21,18700,CE,2021-10-28,13:33:59,1.15,1.15,1.1,1.15,0,0,17991.65
2021-10-28 13:34:59,NIFTY,28OCT21,18700,CE,2021-10-28,13:34:59,1.15,1.15,1.1,1.15,0,0,17990.65
2021-10-28 13:35:59,NIFTY,28OCT21,18700,CE,2021-10-28,13:35:59,1.15,1.15,1.1,1.15,0,0,17982.65
2021-10-28 13:36:59,NIFTY,28OCT21,18700,CE,2021-10-28,13:36:59,1.15,1.15,1.1,1.15,0,0,17974.85
2021-10-28 13:37:59,NIFTY,28OCT21,18700,CE,2021-10-28,13:37:59,1.15,1.15,1.1,1.1,0,0,17968.4
2021-10-28 13:38:59,NIFTY,28OCT21,18700,CE,2021-10-28,13:38:59,1.15,1.15,1.05,1.05,0,0,17974.8
2021-10-28 13:39:59,NIFTY,28OCT21,18700,CE,2021-10-28,13:39:59,1.05,1.1,0.95,1.0,0,0,17967.75
2021-10-28 13:40:59,NIFTY,28OCT21,18700,CE,2021-10-28,13:40:59,1.0,1.05,1.0,1.05,0,0,17973.75
2021-10-28 13:41:59,NIFTY,28OCT21,18700,CE,2021-10-28,13:41:59,1.05,1.1,1.05,1.05,0,0,17967.75
2021-10-28 13:42:59,NIFTY,28OCT21,18700,CE,2021-10-28,13:42:59,1.05,1.15,1.05,1.1,0,0,17976.8
2021-10-28 13:43:59,NIFTY,28OCT21,18700,CE,2021-10-28,13:43:59,1.1,1.15,1.1,1.1,0,0,17981.0
2021-10-28 13:44:59,NIFTY,28OCT21,18700,CE,2021-10-28,13:44:59,1.15,1.15,1.1,1.1,0,0,17978.75
2021-10-28 13:45:59,NIFTY,28OCT21,18700,CE,2021-10-28,13:45:59,1.1,1.2,1.1,1.15,0,0,17968.55
2021-10-28 13:46:59,NIFTY,28OCT21,18700,CE,2021-10-28,13:46:59,1.1,1.15,1.05,1.1,0,0,17976.35
2021-10-28 13:47:59,NIFTY,28OCT21,18700,CE,2021-10-28,13:47:59,1.05,1.1,1.05,1.05,0,0,17984.95
2021-10-28 13:48:59,NIFTY,28OCT21,18700,CE,2021-10-28,13:48:59,1.05,1.1,1.0,1.0,0,0,17988.4
2021-10-28 13:49:59,NIFTY,28OCT21,18700,CE,2021-10-28,13:49:59,1.0,1.0,0.95,0.95,0,0,17986.7
2021-10-28 13:50:59,NIFTY,28OCT21,18700,CE,2021-10-28,13:50:59,0.95,1.0,0.95,1.0,0,0,17973.6
2021-10-28 13:51:59,NIFTY,28OCT21,18700,CE,2021-10-28,13:51:59,0.95,1.0,0.9,1.0,0,0,17978.4
2021-10-28 13:52:59,NIFTY,28OCT21,18700,CE,2021-10-28,13:52:59,1.0,1.0,0.9,0.9,0,0,17957.75
2021-10-28 13:53:59,NIFTY,28OCT21,18700,CE,2021-10-28,13:53:59,0.9,0.95,0.9,0.9,0,0,17962.65
2021-10-28 13:54:59,NIFTY,28OCT21,18700,CE,2021-10-28,13:54:59,0.95,1.05,0.9,1.0,0,0,17952.2
2021-10-28 13:55:59,NIFTY,28OCT21,18700,CE,2021-10-28,13:55:59,1.0,1.1,0.95,1.0,0,0,17953.1
2021-10-28 13:56:59,NIFTY,28OCT21,18700,CE,2021-10-28,13:56:59,1.0,1.05,0.95,1.0,0,0,17947.65
2021-10-28 13:57:59,NIFTY,28OCT21,18700,CE,2021-10-28,13:57:59,0.95,1.0,0.9,1.0,0,0,17946.35
2021-10-28 13:58:59,NIFTY,28OCT21,18700,CE,2021-10-28,13:58:59,0.95,1.0,0.95,1.0,0,0,17955.65
2021-10-28 13:59:59,NIFTY,28OCT21,18700,CE,2021-10-28,13:59:59,0.95,1.0,0.9,0.95,0,0,17947.95
2021-10-28 14:00:59,NIFTY,28OCT21,18700,CE,2021-10-28,14:00:59,1.0,1.25,1.0,1.2,0,0,17943.55
2021-10-28 14:01:59,NIFTY,28OCT21,18700,CE,2021-10-28,14:01:59,1.15,1.25,1.15,1.25,0,0,17939.7
2021-10-28 14:02:59,NIFTY,28OCT21,18700,CE,2021-10-28,14:02:59,1.15,1.15,0.9,1.0,0,0,17945.2
2021-10-28 14:03:59,NIFTY,28OCT21,18700,CE,2021-10-28,14:03:59,1.0,1.0,0.9,0.9,0,0,17940.9
2021-10-28 14:04:59,NIFTY,28OCT21,18700,CE,2021-10-28,14:04:59,0.95,0.95,0.85,0.9,0,0,17929.95
2021-10-28 14:05:59,NIFTY,28OCT21,18700,CE,2021-10-28,14:05:59,0.9,1.05,0.9,0.95,0,0,17932.1
2021-10-28 14:06:59,NIFTY,28OCT21,18700,CE,2021-10-28,14:06:59,0.95,1.0,0.95,1.0,0,0,17934.3
2021-10-28 14:07:59,NIFTY,28OCT21,18700,CE,2021-10-28,14:07:59,1.0,1.05,1.0,1.0,0,0,17941.15
2021-10-28 14:08:59,NIFTY,28OCT21,18700,CE,2021-10-28,14:08:59,1.0,1.0,0.85,0.85,0,0,17936.3
2021-10-28 14:09:59,NIFTY,28OCT21,18700,CE,2021-10-28,14:09:59,0.85,1.0,0.85,1.0,0,0,17930.45
2021-10-28 14:10:59,NIFTY,28OCT21,18700,CE,2021-10-28,14:10:59,1.0,1.1,0.95,1.1,0,0,17940.3
2021-10-28 14:11:59,NIFTY,28OCT21,18700,CE,2021-10-28,14:11:59,1.1,1.15,0.95,1.0,0,0,17933.85
2021-10-28 14:12:59,NIFTY,28OCT21,18700,CE,2021-10-28,14:12:59,1.0,1.05,0.9,0.9,0,0,17940.55
2021-10-28 14:13:59,NIFTY,28OCT21,18700,CE,2021-10-28,14:13:59,0.95,1.0,0.95,0.95,0,0,17942.0
2021-10-28 14:14:59,NIFTY,28OCT21,18700,CE,2021-10-28,14:14:59,0.95,1.1,0.95,1.1,0,0,17950.4
2021-10-28 14:15:59,NIFTY,28OCT21,18700,CE,2021-10-28,14:15:59,1.1,1.1,1.05,1.05,0,0,17965.6
2021-10-28 14:16:59,NIFTY,28OCT21,18700,CE,2021-10-28,14:16:59,1.05,1.05,1.0,1.0,0,0,17956.75
2021-10-28 14:17:59,NIFTY,28OCT21,18700,CE,2021-10-28,14:17:59,1.05,1.1,1.05,1.05,0,0,17946.35
2021-10-28 14:18:59,NIFTY,28OCT21,18700,CE,2021-10-28,14:18:59,1.1,1.15,1.05,1.1,0,0,17954.05
2021-10-28 14:19:59,NIFTY,28OCT21,18700,CE,2021-10-28,14:19:59,1.05,1.05,0.95,1.0,0,0,17946.45
2021-10-28 14:20:59,NIFTY,28OCT21,18700,CE,2021-10-28,14:20:59,1.0,1.05,1.0,1.0,0,0,17936.3
2021-10-28 14:21:59,NIFTY,28OCT21,18700,CE,2021-10-28,14:21:59,1.05,1.05,0.95,0.95,0,0,17944.4
2021-10-28 14:22:59,NIFTY,28OCT21,18700,CE,2021-10-28,14:22:59,1.0,1.0,0.95,0.95,0,0,17943.55
2021-10-28 14:23:59,NIFTY,28OCT21,18700,CE,2021-10-28,14:23:59,0.95,1.1,0.95,1.05,0,0,17941.15
2021-10-28 14:24:59,NIFTY,28OCT21,18700,CE,2021-10-28,14:24:59,1.05,1.05,0.95,0.95,0,0,17940.3
2021-10-28 14:25:59,NIFTY,28OCT21,18700,CE,2021-10-28,14:25:59,0.95,1.05,0.95,1.0,0,0,17939.4
2021-10-28 14:26:59,NIFTY,28OCT21,18700,CE,2021-10-28,14:26:59,1.0,1.1,1.0,1.0,0,0,17937.9
2021-10-28 14:27:59,NIFTY,28OCT21,18700,CE,2021-10-28,14:27:59,1.0,1.2,0.95,1.15,0,0,17923.45
2021-10-28 14:28:59,NIFTY,28OCT21,18700,CE,2021-10-28,14:28:59,1.2,1.25,1.0,1.1,0,0,17913.7
2021-10-28 14:29:59,NIFTY,28OCT21,18700,CE,2021-10-28,14:29:59,1.0,1.05,0.85,0.85,0,0,17913.5
2021-10-28 14:30:59,NIFTY,28OCT21,18700,CE,2021-10-28,14:30:59,0.85,0.9,0.8,0.8,0,0,17910.65
2021-10-28 14:31:59,NIFTY,28OCT21,18700,CE,2021-10-28,14:31:59,0.8,0.85,0.6,0.65,0,0,17918.7
2021-10-28 14:32:59,NIFTY,28OCT21,18700,CE,2021-10-28,14:32:59,0.65,0.75,0.65,0.7,0,0,17918.75
2021-10-28 14:33:59,NIFTY,28OCT21,18700,CE,2021-10-28,14:33:59,0.75,0.8,0.7,0.7,0,0,17914.05
2021-10-28 14:34:59,NIFTY,28OCT21,18700,CE,2021-10-28,14:34:59,0.7,0.75,0.65,0.7,0,0,17918.85
2021-10-28 14:35:59,NIFTY,28OCT21,18700,CE,2021-10-28,14:35:59,0.7,0.8,0.7,0.8,0,0,17925.0
2021-10-28 14:36:59,NIFTY,28OCT21,18700,CE,2021-10-28,14:36:59,0.75,0.8,0.75,0.8,0,0,17923.8
2021-10-28 14:37:59,NIFTY,28OCT21,18700,CE,2021-10-28,14:37:59,0.75,0.85,0.75,0.8,0,0,17920.55
2021-10-28 14:38:59,NIFTY,28OCT21,18700,CE,2021-10-28,14:38:59,0.8,0.85,0.8,0.8,0,0,17916.8
2021-10-28 14:39:59,NIFTY,28OCT21,18700,CE,2021-10-28,14:39:59,0.8,0.85,0.7,0.7,0,0,17919.55
2021-10-28 14:40:59,NIFTY,28OCT21,18700,CE,2021-10-28,14:40:59,0.7,0.75,0.6,0.6,0,0,17912.0
2021-10-28 14:41:59,NIFTY,28OCT21,18700,CE,2021-10-28,14:41:59,0.6,0.8,0.6,0.6,0,0,17904.25
2021-10-28 14:42:59,NIFTY,28OCT21,18700,CE,2021-10-28,14:42:59,0.6,0.6,0.5,0.5,0,0,17907.8
2021-10-28 14:43:59,NIFTY,28OCT21,18700,CE,2021-10-28,14:43:59,0.5,0.55,0.45,0.45,0,0,17897.4
2021-10-28 14:44:59,NIFTY,28OCT21,18700,CE,2021-10-28,14:44:59,0.5,0.5,0.45,0.45,0,0,17901.95
2021-10-28 14:45:59,NIFTY,28OCT21,18700,CE,2021-10-28,14:45:59,0.45,0.5,0.45,0.5,0,0,17890.1
2021-10-28 14:46:59,NIFTY,28OCT21,18700,CE,2021-10-28,14:46:59,0.45,0.5,0.4,0.45,0,0,17889.8
2021-10-28 14:47:59,NIFTY,28OCT21,18700,CE,2021-10-28,14:47:59,0.45,0.5,0.4,0.45,0,0,17883.45
2021-10-28 14:48:59,NIFTY,28OCT21,18700,CE,2021-10-28,14:48:59,0.45,0.45,0.4,0.45,0,0,17883.9
2021-10-28 14:49:59,NIFTY,28OCT21,18700,CE,2021-10-28,14:49:59,0.45,0.45,0.35,0.4,0,0,17880.85
2021-10-28 14:50:59,NIFTY,28OCT21,18700,CE,2021-10-28,14:50:59,0.45,0.5,0.4,0.45,0,0,17883.2
2021-10-28 14:51:59,NIFTY,28OCT21,18700,CE,2021-10-28,14:51:59,0.45,0.45,0.35,0.4,0,0,17887.7
2021-10-28 14:52:59,NIFTY,28OCT21,18700,CE,2021-10-28,14:52:59,0.35,0.45,0.35,0.45,0,0,17884.3
2021-10-28 14:53:59,NIFTY,28OCT21,18700,CE,2021-10-28,14:53:59,0.45,0.45,0.4,0.4,0,0,17876.3
2021-10-28 14:54:59,NIFTY,28OCT21,18700,CE,2021-10-28,14:54:59,0.45,0.45,0.4,0.45,0,0,17870.4
2021-10-28 14:55:59,NIFTY,28OCT21,18700,CE,2021-10-28,14:55:59,0.45,0.45,0.4,0.4,0,0,17863.9
2021-10-28 14:56:59,NIFTY,28OCT21,18700,CE,2021-10-28,14:56:59,0.4,0.45,0.4,0.45,0,0,17879.95
2021-10-28 14:57:59,NIFTY,28OCT21,18700,CE,2021-10-28,14:57:59,0.4,0.45,0.4,0.4,0,0,17884.2
2021-10-28 14:58:59,NIFTY,28OCT21,18700,CE,2021-10-28,14:58:59,0.4,0.45,0.4,0.45,0,0,17888.15
2021-10-28 14:59:59,NIFTY,28OCT21,18700,CE,2021-10-28,14:59:59,0.4,0.45,0.35,0.4,0,0,17900.8
2021-10-28 15:00:59,NIFTY,28OCT21,18700,CE,2021-10-28,15:00:59,0.4,0.45,0.35,0.4,0,0,17910.65
2021-10-28 15:01:59,NIFTY,28OCT21,18700,CE,2021-10-28,15:01:59,0.45,0.5,0.4,0.4,0,0,17883.1
2021-10-28 15:02:59,NIFTY,28OCT21,18700,CE,2021-10-28,15:02:59,0.45,0.5,0.4,0.45,0,0,17898.7
2021-10-28 15:03:59,NIFTY,28OCT21,18700,CE,2021-10-28,15:03:59,0.45,0.5,0.4,0.4,0,0,17900.7
2021-10-28 15:04:59,NIFTY,28OCT21,18700,CE,2021-10-28,15:04:59,0.4,0.45,0.4,0.4,0,0,17911.7
2021-10-28 15:05:59,NIFTY,28OCT21,18700,CE,2021-10-28,15:05:59,0.45,0.45,0.35,0.35,0,0,17904.7
2021-10-28 15:06:59,NIFTY,28OCT21,18700,CE,2021-10-28,15:06:59,0.35,0.4,0.3,0.3,0,0,17893.45
2021-10-28 15:07:59,NIFTY,28OCT21,18700,CE,2021-10-28,15:07:59,0.3,0.35,0.3,0.35,0,0,17886.75
2021-10-28 15:08:59,NIFTY,28OCT21,18700,CE,2021-10-28,15:08:59,0.35,0.35,0.2,0.25,0,0,17880.1
2021-10-28 15:09:59,NIFTY,28OCT21,18700,CE,2021-10-28,15:09:59,0.2,0.25,0.2,0.2,0,0,17873.45
2021-10-28 15:10:59,NIFTY,28OCT21,18700,CE,2021-10-28,15:10:59,0.2,0.25,0.2,0.2,0,0,17867.2
2021-10-28 15:11:59,NIFTY,28OCT21,18700,CE,2021-10-28,15:11:59,0.25,0.25,0.15,0.2,0,0,17866.05
2021-10-28 15:12:59,NIFTY,28OCT21,18700,CE,2021-10-28,15:12:59,0.15,0.2,0.15,0.15,0,0,17862.85
2021-10-28 15:13:59,NIFTY,28OCT21,18700,CE,2021-10-28,15:13:59,0.2,0.2,0.15,0.2,0,0,17849.65
2021-10-28 15:14:59,NIFTY,28OCT21,18700,CE,2021-10-28,15:14:59,0.15,0.2,0.15,0.15,0,0,17854.45
2021-10-28 15:15:59,NIFTY,28OCT21,18700,CE,2021-10-28,15:15:59,0.2,0.2,0.15,0.15,0,0,17853.85
2021-10-28 15:16:59,NIFTY,28OCT21,18700,CE,2021-10-28,15:16:59,0.2,0.2,0.15,0.15,0,0,17858.15
2021-10-28 15:17:59,NIFTY,28OCT21,18700,CE,2021-10-28,15:17:59,0.15,0.2,0.1,0.1,0,0,17854.5
2021-10-28 15:18:59,NIFTY,28OCT21,18700,CE,2021-10-28,15:18:59,0.1,0.2,0.1,0.15,0,0,17839.25
2021-10-28 15:19:59,NIFTY,28OCT21,18700,CE,2021-10-28,15:19:59,0.15,0.2,0.1,0.1,0,0,17835.95
2021-10-28 15:20:59,NIFTY,28OCT21,18700,CE,2021-10-28,15:20:59,0.1,0.15,0.1,0.15,0,0,17839.55
2021-10-28 15:21:59,NIFTY,28OCT21,18700,CE,2021-10-28,15:21:59,0.15,0.2,0.1,0.2,0,0,17821.85
2021-10-28 15:22:59,NIFTY,28OCT21,18700,CE,2021-10-28,15:22:59,0.15,0.15,0.1,0.15,0,0,17806.75
2021-10-28 15:23:59,NIFTY,28OCT21,18700,CE,2021-10-28,15:23:59,0.15,0.15,0.1,0.1,0,0,17802.8
2021-10-28 15:24:59,NIFTY,28OCT21,18700,CE,2021-10-28,15:24:59,0.1,0.15,0.1,0.15,0,0,17810.0
2021-10-28 15:25:59,NIFTY,28OCT21,18700,CE,2021-10-28,15:25:59,0.1,0.15,0.1,0.1,0,0,17831.75
2021-10-28 15:26:59,NIFTY,28OCT21,18700,CE,2021-10-28,15:26:59,0.15,0.15,0.1,0.1,0,0,17842.25
2021-10-28 15:27:59,NIFTY,28OCT21,18700,CE,2021-10-28,15:27:59,0.15,0.15,0.1,0.15,0,0,17855.6
2021-10-28 15:28:59,NIFTY,28OCT21,18700,CE,2021-10-28,15:28:59,0.1,0.15,0.1,0.15,0,0,17848.85
2021-10-28 15:29:59,NIFTY,28OCT21,18700,CE,2021-10-28,15:29:59,0.1,0.15,0.1,0.15,0,0,17862.9
